<shapes type=list>
	<ruler.pixel type=vector names=FALSE length=1 as.numeric=TRUE >39</ruler.pixel>
	<ruler.interval type=vector names=FALSE length=1 as.numeric=TRUE >10</ruler.interval>
	<scaling.units type=vector names=FALSE length=1 as.numeric=FALSE >mm</scaling.units>
	<scaling type=vector names=FALSE length=1 as.numeric=TRUE >0.256410256410256</scaling>
	<landmarks.pixel type=matrix rownames=TRUE colnames=FALSE nrow=4 ncol=2 as.numeric=TRUE >
		Point_Tip	419	69
		Left_Tang_Center	360	205
		Base_Center	421	243
		Right_Tang_Center	468	193
	</landmarks.pixel>
	<landmarks.scaled type=matrix rownames=TRUE colnames=FALSE nrow=4 ncol=2 as.numeric=TRUE >
		Point_Tip	107.435897435897	-17.6923076923077
		Left_Tang_Center	92.3076923076923	-52.5641025641026
		Base_Center	107.948717948718	-62.3076923076923
		Right_Tang_Center	120	-49.4871794871795
	</landmarks.scaled>
	<curves.control type=list>
		<Left_Side type=matrix rownames=FALSE colnames=FALSE nrow=25 ncol=2 as.numeric=TRUE >
			419	69
			416	70
			415	73
			414	77
			410	83
			407	88
			408	95
			407	103
			403	110
			401	114
			399	119
			399	125
			394	135
			393	146
			389	149
			388	157
			384	164
			381	171
			378	176
			375	185
			370	188
			363	192
			360	196
			358	200
			360	205
		</Left_Side>
		<Left_Wing type=matrix rownames=FALSE colnames=FALSE nrow=13 ncol=2 as.numeric=TRUE >
			360	205
			362	210
			364	213
			371	210
			383	211
			392	214
			399	222
			400	229
			406	236
			408	241
			409	242
			415	242
			421	243
		</Left_Wing>
		<Right_Wing type=matrix rownames=FALSE colnames=FALSE nrow=13 ncol=2 as.numeric=TRUE >
			421	243
			433	245
			436	241
			439	233
			441	227
			442	220
			448	215
			457	206
			458	202
			462	202
			463	200
			466	196
			468	193
		</Right_Wing>
		<Right_Side type=matrix rownames=FALSE colnames=FALSE nrow=23 ncol=2 as.numeric=TRUE >
			468	193
			465	190
			464	184
			461	181
			459	177
			456	177
			450	170
			447	155
			444	149
			443	142
			442	136
			440	131
			437	128
			435	125
			435	117
			435	112
			436	106
			433	97
			426	84
			426	79
			425	74
			422	71
			419	69
		</Right_Side>
	</curves.control>
	<curves.pixel type=list>
		<Left_Side type=matrix rownames=FALSE colnames=FALSE nrow=144 ncol=2 as.numeric=TRUE >
			419	69
			418	69
			417	70
			416	71
			415	72
			415	73
			415	74
			414	75
			414	76
			413	77
			413	78
			412	79
			412	80
			411	81
			411	82
			410	82
			410	83
			410	84
			409	85
			409	86
			408	87
			408	88
			408	89
			408	90
			408	91
			408	92
			408	93
			408	94
			408	95
			408	96
			408	97
			408	98
			407	99
			407	100
			407	101
			406	102
			406	103
			406	104
			406	105
			405	105
			405	106
			404	107
			404	108
			404	109
			403	110
			403	111
			402	112
			402	113
			401	114
			401	115
			400	116
			400	117
			399	118
			399	119
			399	120
			399	121
			399	122
			399	123
			398	124
			398	125
			398	126
			397	127
			397	128
			397	129
			396	130
			396	131
			395	132
			395	133
			395	134
			394	135
			394	136
			394	137
			394	138
			393	139
			393	140
			393	141
			393	142
			393	143
			392	143
			392	144
			392	145
			391	146
			391	147
			390	148
			389	149
			389	150
			389	151
			388	152
			388	153
			388	154
			388	155
			387	156
			387	157
			387	158
			387	159
			386	160
			386	161
			385	161
			385	162
			384	163
			384	164
			384	165
			383	166
			383	167
			382	168
			382	169
			381	170
			381	171
			380	172
			380	173
			379	174
			379	175
			378	176
			377	177
			377	178
			377	179
			376	180
			376	181
			375	182
			375	183
			374	184
			373	185
			372	186
			371	187
			370	188
			369	189
			368	189
			367	190
			366	191
			365	191
			364	192
			363	193
			362	194
			361	195
			360	196
			360	197
			359	198
			359	199
			359	200
			359	201
			359	202
			359	203
			360	204
			360	205
		</Left_Side>
		<Left_Wing type=matrix rownames=FALSE colnames=FALSE nrow=79 ncol=2 as.numeric=TRUE >
			360	205
			360	206
			361	206
			361	207
			361	208
			362	209
			362	210
			363	211
			363	212
			364	213
			365	213
			366	212
			367	212
			368	212
			369	211
			370	211
			371	211
			372	211
			373	211
			374	211
			375	211
			376	211
			377	211
			378	211
			379	211
			380	211
			381	211
			382	211
			383	211
			384	211
			385	212
			386	212
			387	213
			388	213
			389	214
			390	214
			391	215
			392	215
			392	216
			393	217
			394	217
			395	218
			396	219
			397	219
			397	220
			398	221
			399	222
			399	223
			399	224
			400	225
			400	226
			400	227
			401	228
			401	229
			402	230
			402	231
			403	232
			404	233
			405	234
			405	235
			406	236
			406	237
			407	238
			407	239
			408	240
			408	241
			409	242
			410	242
			411	242
			412	242
			413	242
			414	242
			415	242
			416	242
			417	242
			418	243
			419	243
			420	243
			421	243
		</Left_Wing>
		<Right_Wing type=matrix rownames=FALSE colnames=FALSE nrow=70 ncol=2 as.numeric=TRUE >
			421	243
			422	243
			423	243
			424	243
			425	244
			426	244
			427	244
			428	244
			429	244
			430	244
			431	243
			432	243
			433	243
			434	243
			434	242
			435	242
			436	241
			436	240
			437	239
			437	238
			438	237
			438	236
			438	235
			439	234
			439	233
			439	232
			440	231
			440	230
			440	229
			441	228
			441	227
			441	226
			441	225
			442	224
			442	223
			443	222
			443	221
			444	220
			444	219
			445	218
			446	217
			447	216
			448	215
			449	214
			450	213
			451	212
			452	211
			453	210
			453	209
			454	209
			454	208
			455	208
			455	207
			456	206
			456	205
			457	204
			458	203
			459	202
			460	202
			461	202
			462	201
			463	200
			464	199
			464	198
			465	197
			466	196
			466	195
			467	195
			467	194
			468	193
		</Right_Wing>
		<Right_Side type=matrix rownames=FALSE colnames=FALSE nrow=134 ncol=2 as.numeric=TRUE >
			468	193
			467	192
			466	191
			466	190
			465	189
			465	188
			465	187
			465	186
			464	185
			464	184
			463	183
			462	182
			461	181
			461	180
			460	179
			460	178
			459	178
			459	177
			458	177
			457	176
			456	176
			455	175
			454	174
			453	173
			452	172
			451	171
			450	170
			450	169
			450	168
			449	167
			449	166
			449	165
			449	164
			448	163
			448	162
			448	161
			448	160
			448	159
			447	159
			447	158
			447	157
			447	156
			446	155
			446	154
			446	153
			445	152
			445	151
			445	150
			444	149
			444	148
			444	147
			444	146
			443	145
			443	144
			443	143
			443	142
			443	141
			443	140
			443	139
			442	138
			442	137
			442	136
			442	135
			441	134
			441	133
			440	133
			440	132
			440	131
			439	131
			439	130
			438	129
			437	128
			437	127
			436	126
			436	125
			436	124
			435	123
			435	122
			435	121
			435	120
			435	119
			435	118
			435	117
			435	116
			435	115
			435	114
			435	113
			435	112
			435	111
			435	110
			436	109
			436	108
			436	107
			436	106
			436	105
			435	104
			435	103
			434	102
			434	101
			434	100
			433	99
			433	98
			433	97
			432	97
			432	96
			432	95
			431	94
			431	93
			430	92
			430	91
			429	90
			429	89
			428	88
			428	87
			427	87
			427	86
			426	85
			426	84
			426	83
			426	82
			426	81
			426	80
			426	79
			426	78
			426	77
			425	76
			425	75
			425	74
			424	73
			423	72
			422	71
			421	70
			420	70
			419	69
		</Right_Side>
	</curves.pixel>
	<curves.scaled type=list>
		<Left_Side type=matrix rownames=FALSE colnames=FALSE nrow=144 ncol=2 as.numeric=TRUE >
			107.435897435897	-17.6923076923077
			107.179487179487	-17.6923076923077
			106.923076923077	-17.9487179487179
			106.666666666667	-18.2051282051282
			106.410256410256	-18.4615384615385
			106.410256410256	-18.7179487179487
			106.410256410256	-18.974358974359
			106.153846153846	-19.2307692307692
			106.153846153846	-19.4871794871795
			105.897435897436	-19.7435897435897
			105.897435897436	-20
			105.641025641026	-20.2564102564103
			105.641025641026	-20.5128205128205
			105.384615384615	-20.7692307692308
			105.384615384615	-21.025641025641
			105.128205128205	-21.025641025641
			105.128205128205	-21.2820512820513
			105.128205128205	-21.5384615384615
			104.871794871795	-21.7948717948718
			104.871794871795	-22.0512820512821
			104.615384615385	-22.3076923076923
			104.615384615385	-22.5641025641026
			104.615384615385	-22.8205128205128
			104.615384615385	-23.0769230769231
			104.615384615385	-23.3333333333333
			104.615384615385	-23.5897435897436
			104.615384615385	-23.8461538461538
			104.615384615385	-24.1025641025641
			104.615384615385	-24.3589743589744
			104.615384615385	-24.6153846153846
			104.615384615385	-24.8717948717949
			104.615384615385	-25.1282051282051
			104.358974358974	-25.3846153846154
			104.358974358974	-25.6410256410256
			104.358974358974	-25.8974358974359
			104.102564102564	-26.1538461538462
			104.102564102564	-26.4102564102564
			104.102564102564	-26.6666666666667
			104.102564102564	-26.9230769230769
			103.846153846154	-26.9230769230769
			103.846153846154	-27.1794871794872
			103.589743589744	-27.4358974358974
			103.589743589744	-27.6923076923077
			103.589743589744	-27.9487179487179
			103.333333333333	-28.2051282051282
			103.333333333333	-28.4615384615385
			103.076923076923	-28.7179487179487
			103.076923076923	-28.974358974359
			102.820512820513	-29.2307692307692
			102.820512820513	-29.4871794871795
			102.564102564103	-29.7435897435897
			102.564102564103	-30
			102.307692307692	-30.2564102564103
			102.307692307692	-30.5128205128205
			102.307692307692	-30.7692307692308
			102.307692307692	-31.025641025641
			102.307692307692	-31.2820512820513
			102.307692307692	-31.5384615384615
			102.051282051282	-31.7948717948718
			102.051282051282	-32.0512820512821
			102.051282051282	-32.3076923076923
			101.794871794872	-32.5641025641026
			101.794871794872	-32.8205128205128
			101.794871794872	-33.0769230769231
			101.538461538462	-33.3333333333333
			101.538461538462	-33.5897435897436
			101.282051282051	-33.8461538461538
			101.282051282051	-34.1025641025641
			101.282051282051	-34.3589743589744
			101.025641025641	-34.6153846153846
			101.025641025641	-34.8717948717949
			101.025641025641	-35.1282051282051
			101.025641025641	-35.3846153846154
			100.769230769231	-35.6410256410256
			100.769230769231	-35.8974358974359
			100.769230769231	-36.1538461538462
			100.769230769231	-36.4102564102564
			100.769230769231	-36.6666666666667
			100.51282051282	-36.6666666666667
			100.51282051282	-36.9230769230769
			100.51282051282	-37.1794871794872
			100.25641025641	-37.4358974358974
			100.25641025641	-37.6923076923077
			100	-37.9487179487179
			99.7435897435897	-38.2051282051282
			99.7435897435897	-38.4615384615385
			99.7435897435897	-38.7179487179487
			99.4871794871795	-38.974358974359
			99.4871794871795	-39.2307692307692
			99.4871794871795	-39.4871794871795
			99.4871794871795	-39.7435897435897
			99.2307692307692	-40
			99.2307692307692	-40.2564102564103
			99.2307692307692	-40.5128205128205
			99.2307692307692	-40.7692307692308
			98.974358974359	-41.025641025641
			98.974358974359	-41.2820512820513
			98.7179487179487	-41.2820512820513
			98.7179487179487	-41.5384615384615
			98.4615384615385	-41.7948717948718
			98.4615384615385	-42.051282051282
			98.4615384615385	-42.3076923076923
			98.2051282051282	-42.5641025641026
			98.2051282051282	-42.8205128205128
			97.9487179487179	-43.0769230769231
			97.9487179487179	-43.3333333333333
			97.6923076923077	-43.5897435897436
			97.6923076923077	-43.8461538461538
			97.4358974358974	-44.1025641025641
			97.4358974358974	-44.3589743589744
			97.1794871794872	-44.6153846153846
			97.1794871794872	-44.8717948717949
			96.9230769230769	-45.1282051282051
			96.6666666666667	-45.3846153846154
			96.6666666666667	-45.6410256410256
			96.6666666666667	-45.8974358974359
			96.4102564102564	-46.1538461538461
			96.4102564102564	-46.4102564102564
			96.1538461538461	-46.6666666666667
			96.1538461538461	-46.9230769230769
			95.8974358974359	-47.1794871794872
			95.6410256410256	-47.4358974358974
			95.3846153846154	-47.6923076923077
			95.1282051282051	-47.9487179487179
			94.8717948717949	-48.2051282051282
			94.6153846153846	-48.4615384615385
			94.3589743589744	-48.4615384615385
			94.1025641025641	-48.7179487179487
			93.8461538461538	-48.974358974359
			93.5897435897436	-48.974358974359
			93.3333333333333	-49.2307692307692
			93.0769230769231	-49.4871794871795
			92.8205128205128	-49.7435897435897
			92.5641025641026	-50
			92.3076923076923	-50.2564102564102
			92.3076923076923	-50.5128205128205
			92.051282051282	-50.7692307692308
			92.051282051282	-51.025641025641
			92.051282051282	-51.2820512820513
			92.051282051282	-51.5384615384615
			92.051282051282	-51.7948717948718
			92.051282051282	-52.051282051282
			92.3076923076923	-52.3076923076923
			92.3076923076923	-52.5641025641026
		</Left_Side>
		<Left_Wing type=matrix rownames=FALSE colnames=FALSE nrow=79 ncol=2 as.numeric=TRUE >
			92.3076923076923	-52.5641025641026
			92.3076923076923	-52.8205128205128
			92.5641025641026	-52.8205128205128
			92.5641025641026	-53.0769230769231
			92.5641025641026	-53.3333333333333
			92.8205128205128	-53.5897435897436
			92.8205128205128	-53.8461538461538
			93.0769230769231	-54.1025641025641
			93.0769230769231	-54.3589743589744
			93.3333333333333	-54.6153846153846
			93.5897435897436	-54.6153846153846
			93.8461538461538	-54.3589743589744
			94.1025641025641	-54.3589743589744
			94.3589743589744	-54.3589743589744
			94.6153846153846	-54.1025641025641
			94.8717948717949	-54.1025641025641
			95.1282051282051	-54.1025641025641
			95.3846153846154	-54.1025641025641
			95.6410256410256	-54.1025641025641
			95.8974358974359	-54.1025641025641
			96.1538461538461	-54.1025641025641
			96.4102564102564	-54.1025641025641
			96.6666666666667	-54.1025641025641
			96.9230769230769	-54.1025641025641
			97.1794871794872	-54.1025641025641
			97.4358974358974	-54.1025641025641
			97.6923076923077	-54.1025641025641
			97.9487179487179	-54.1025641025641
			98.2051282051282	-54.1025641025641
			98.4615384615385	-54.1025641025641
			98.7179487179487	-54.3589743589744
			98.974358974359	-54.3589743589744
			99.2307692307692	-54.6153846153846
			99.4871794871795	-54.6153846153846
			99.7435897435897	-54.8717948717949
			100	-54.8717948717949
			100.25641025641	-55.1282051282051
			100.51282051282	-55.1282051282051
			100.51282051282	-55.3846153846154
			100.769230769231	-55.6410256410256
			101.025641025641	-55.6410256410256
			101.282051282051	-55.8974358974359
			101.538461538462	-56.1538461538461
			101.794871794872	-56.1538461538461
			101.794871794872	-56.4102564102564
			102.051282051282	-56.6666666666667
			102.307692307692	-56.9230769230769
			102.307692307692	-57.1794871794872
			102.307692307692	-57.4358974358974
			102.564102564103	-57.6923076923077
			102.564102564103	-57.9487179487179
			102.564102564103	-58.2051282051282
			102.820512820513	-58.4615384615385
			102.820512820513	-58.7179487179487
			103.076923076923	-58.974358974359
			103.076923076923	-59.2307692307692
			103.333333333333	-59.4871794871795
			103.589743589744	-59.7435897435897
			103.846153846154	-60
			103.846153846154	-60.2564102564102
			104.102564102564	-60.5128205128205
			104.102564102564	-60.7692307692308
			104.358974358974	-61.025641025641
			104.358974358974	-61.2820512820513
			104.615384615385	-61.5384615384615
			104.615384615385	-61.7948717948718
			104.871794871795	-62.051282051282
			105.128205128205	-62.051282051282
			105.384615384615	-62.051282051282
			105.641025641026	-62.051282051282
			105.897435897436	-62.051282051282
			106.153846153846	-62.051282051282
			106.410256410256	-62.051282051282
			106.666666666667	-62.051282051282
			106.923076923077	-62.051282051282
			107.179487179487	-62.3076923076923
			107.435897435897	-62.3076923076923
			107.692307692308	-62.3076923076923
			107.948717948718	-62.3076923076923
		</Left_Wing>
		<Right_Wing type=matrix rownames=FALSE colnames=FALSE nrow=70 ncol=2 as.numeric=TRUE >
			107.948717948718	-62.3076923076923
			108.205128205128	-62.3076923076923
			108.461538461538	-62.3076923076923
			108.717948717949	-62.3076923076923
			108.974358974359	-62.5641025641026
			109.230769230769	-62.5641025641026
			109.487179487179	-62.5641025641026
			109.74358974359	-62.5641025641026
			110	-62.5641025641026
			110.25641025641	-62.5641025641026
			110.51282051282	-62.3076923076923
			110.769230769231	-62.3076923076923
			111.025641025641	-62.3076923076923
			111.282051282051	-62.3076923076923
			111.282051282051	-62.051282051282
			111.538461538462	-62.051282051282
			111.794871794872	-61.7948717948718
			111.794871794872	-61.5384615384615
			112.051282051282	-61.2820512820513
			112.051282051282	-61.025641025641
			112.307692307692	-60.7692307692308
			112.307692307692	-60.5128205128205
			112.307692307692	-60.2564102564102
			112.564102564103	-60
			112.564102564103	-59.7435897435897
			112.564102564103	-59.4871794871795
			112.820512820513	-59.2307692307692
			112.820512820513	-58.974358974359
			112.820512820513	-58.7179487179487
			113.076923076923	-58.4615384615385
			113.076923076923	-58.2051282051282
			113.076923076923	-57.9487179487179
			113.076923076923	-57.6923076923077
			113.333333333333	-57.4358974358974
			113.333333333333	-57.1794871794872
			113.589743589744	-56.9230769230769
			113.589743589744	-56.6666666666667
			113.846153846154	-56.4102564102564
			113.846153846154	-56.1538461538461
			114.102564102564	-55.8974358974359
			114.358974358974	-55.6410256410256
			114.615384615385	-55.3846153846154
			114.871794871795	-55.1282051282051
			115.128205128205	-54.8717948717949
			115.384615384615	-54.6153846153846
			115.641025641026	-54.3589743589744
			115.897435897436	-54.1025641025641
			116.153846153846	-53.8461538461538
			116.153846153846	-53.5897435897436
			116.410256410256	-53.5897435897436
			116.410256410256	-53.3333333333333
			116.666666666667	-53.3333333333333
			116.666666666667	-53.0769230769231
			116.923076923077	-52.8205128205128
			116.923076923077	-52.5641025641026
			117.179487179487	-52.3076923076923
			117.435897435897	-52.051282051282
			117.692307692308	-51.7948717948718
			117.948717948718	-51.7948717948718
			118.205128205128	-51.7948717948718
			118.461538461538	-51.5384615384615
			118.717948717949	-51.2820512820513
			118.974358974359	-51.025641025641
			118.974358974359	-50.7692307692308
			119.230769230769	-50.5128205128205
			119.487179487179	-50.2564102564102
			119.487179487179	-50
			119.74358974359	-50
			119.74358974359	-49.7435897435897
			120	-49.4871794871795
		</Right_Wing>
		<Right_Side type=matrix rownames=FALSE colnames=FALSE nrow=134 ncol=2 as.numeric=TRUE >
			120	-49.4871794871795
			119.74358974359	-49.2307692307692
			119.487179487179	-48.974358974359
			119.487179487179	-48.7179487179487
			119.230769230769	-48.4615384615385
			119.230769230769	-48.2051282051282
			119.230769230769	-47.9487179487179
			119.230769230769	-47.6923076923077
			118.974358974359	-47.4358974358974
			118.974358974359	-47.1794871794872
			118.717948717949	-46.9230769230769
			118.461538461538	-46.6666666666667
			118.205128205128	-46.4102564102564
			118.205128205128	-46.1538461538461
			117.948717948718	-45.8974358974359
			117.948717948718	-45.6410256410256
			117.692307692308	-45.6410256410256
			117.692307692308	-45.3846153846154
			117.435897435897	-45.3846153846154
			117.179487179487	-45.1282051282051
			116.923076923077	-45.1282051282051
			116.666666666667	-44.8717948717949
			116.410256410256	-44.6153846153846
			116.153846153846	-44.3589743589744
			115.897435897436	-44.1025641025641
			115.641025641026	-43.8461538461538
			115.384615384615	-43.5897435897436
			115.384615384615	-43.3333333333333
			115.384615384615	-43.0769230769231
			115.128205128205	-42.8205128205128
			115.128205128205	-42.5641025641026
			115.128205128205	-42.3076923076923
			115.128205128205	-42.051282051282
			114.871794871795	-41.7948717948718
			114.871794871795	-41.5384615384615
			114.871794871795	-41.2820512820513
			114.871794871795	-41.025641025641
			114.871794871795	-40.7692307692308
			114.615384615385	-40.7692307692308
			114.615384615385	-40.5128205128205
			114.615384615385	-40.2564102564103
			114.615384615385	-40
			114.358974358974	-39.7435897435897
			114.358974358974	-39.4871794871795
			114.358974358974	-39.2307692307692
			114.102564102564	-38.974358974359
			114.102564102564	-38.7179487179487
			114.102564102564	-38.4615384615385
			113.846153846154	-38.2051282051282
			113.846153846154	-37.9487179487179
			113.846153846154	-37.6923076923077
			113.846153846154	-37.4358974358974
			113.589743589744	-37.1794871794872
			113.589743589744	-36.9230769230769
			113.589743589744	-36.6666666666667
			113.589743589744	-36.4102564102564
			113.589743589744	-36.1538461538462
			113.589743589744	-35.8974358974359
			113.589743589744	-35.6410256410256
			113.333333333333	-35.3846153846154
			113.333333333333	-35.1282051282051
			113.333333333333	-34.8717948717949
			113.333333333333	-34.6153846153846
			113.076923076923	-34.3589743589744
			113.076923076923	-34.1025641025641
			112.820512820513	-34.1025641025641
			112.820512820513	-33.8461538461538
			112.820512820513	-33.5897435897436
			112.564102564103	-33.5897435897436
			112.564102564103	-33.3333333333333
			112.307692307692	-33.0769230769231
			112.051282051282	-32.8205128205128
			112.051282051282	-32.5641025641026
			111.794871794872	-32.3076923076923
			111.794871794872	-32.0512820512821
			111.794871794872	-31.7948717948718
			111.538461538462	-31.5384615384615
			111.538461538462	-31.2820512820513
			111.538461538462	-31.025641025641
			111.538461538462	-30.7692307692308
			111.538461538462	-30.5128205128205
			111.538461538462	-30.2564102564103
			111.538461538462	-30
			111.538461538462	-29.7435897435897
			111.538461538462	-29.4871794871795
			111.538461538462	-29.2307692307692
			111.538461538462	-28.974358974359
			111.538461538462	-28.7179487179487
			111.538461538462	-28.4615384615385
			111.538461538462	-28.2051282051282
			111.794871794872	-27.9487179487179
			111.794871794872	-27.6923076923077
			111.794871794872	-27.4358974358974
			111.794871794872	-27.1794871794872
			111.794871794872	-26.9230769230769
			111.538461538462	-26.6666666666667
			111.538461538462	-26.4102564102564
			111.282051282051	-26.1538461538462
			111.282051282051	-25.8974358974359
			111.282051282051	-25.6410256410256
			111.025641025641	-25.3846153846154
			111.025641025641	-25.1282051282051
			111.025641025641	-24.8717948717949
			110.769230769231	-24.8717948717949
			110.769230769231	-24.6153846153846
			110.769230769231	-24.3589743589744
			110.51282051282	-24.1025641025641
			110.51282051282	-23.8461538461538
			110.25641025641	-23.5897435897436
			110.25641025641	-23.3333333333333
			110	-23.0769230769231
			110	-22.8205128205128
			109.74358974359	-22.5641025641026
			109.74358974359	-22.3076923076923
			109.487179487179	-22.3076923076923
			109.487179487179	-22.0512820512821
			109.230769230769	-21.7948717948718
			109.230769230769	-21.5384615384615
			109.230769230769	-21.2820512820513
			109.230769230769	-21.025641025641
			109.230769230769	-20.7692307692308
			109.230769230769	-20.5128205128205
			109.230769230769	-20.2564102564103
			109.230769230769	-20
			109.230769230769	-19.7435897435897
			108.974358974359	-19.4871794871795
			108.974358974359	-19.2307692307692
			108.974358974359	-18.974358974359
			108.717948717949	-18.7179487179487
			108.461538461538	-18.4615384615385
			108.205128205128	-18.2051282051282
			107.948717948718	-17.9487179487179
			107.692307692308	-17.9487179487179
			107.435897435897	-17.6923076923077
		</Right_Side>
	</curves.scaled>
	<ruler.points type=matrix rownames=TRUE colnames=FALSE nrow=3 ncol=2 as.numeric=TRUE >
		Ruler point 1	255	315
		Ruler point 2	294	315
		Ruler point 3	333	315
	</ruler.points>
</shapes>

