<shapes type=list>
	<ruler.pixel type=vector names=FALSE length=1 as.numeric=TRUE >28.2486283878361</ruler.pixel>
	<ruler.interval type=vector names=FALSE length=1 as.numeric=TRUE >10</ruler.interval>
	<scaling.units type=vector names=FALSE length=1 as.numeric=FALSE >mm</scaling.units>
	<scaling type=vector names=FALSE length=1 as.numeric=TRUE >0.353999488495732</scaling>
	<landmarks.pixel type=matrix rownames=TRUE colnames=FALSE nrow=4 ncol=2 as.numeric=TRUE >
		Point_Tip	341	28
		Left_Tang_Center	320	119
		Base_Center	340	128
		Right_Tang_Center	363	118
	</landmarks.pixel>
	<landmarks.scaled type=matrix rownames=TRUE colnames=FALSE nrow=4 ncol=2 as.numeric=TRUE >
		Point_Tip	120.713825577045	-9.91198567788051
		Left_Tang_Center	113.279836318634	-42.1259391309922
		Base_Center	120.359826088549	-45.3119345274538
		Right_Tang_Center	128.501814323951	-41.7719396424964
	</landmarks.scaled>
	<curves.control type=list>
		<Left_Side type=matrix rownames=FALSE colnames=FALSE nrow=41 ncol=2 as.numeric=TRUE >
			341	28
			338	29
			339	32
			336	34
			336	37
			336	40
			333	41
			333	43
			334	45
			331	46
			332	48
			330	50
			328	59
			328	62
			326	64
			327	66
			324	68
			325	71
			324	78
			322	80
			324	81
			324	83
			322	84
			322	86
			323	87
			321	88
			323	90
			322	91
			321	93
			322	95
			321	100
			320	101
			320	103
			321	104
			320	107
			320	108
			321	110
			320	111
			320	113
			318	118
			320	119
		</Left_Side>
		<Left_Wing type=matrix rownames=FALSE colnames=FALSE nrow=13 ncol=2 as.numeric=TRUE >
			320	119
			322	121
			325	117
			325	115
			328	114
			330	112
			332	113
			333	116
			333	120
			333	125
			334	127
			336	128
			340	128
		</Left_Wing>
		<Right_Wing type=matrix rownames=FALSE colnames=FALSE nrow=11 ncol=2 as.numeric=TRUE >
			340	128
			344	128
			347	128
			347	123
			349	119
			349	116
			349	112
			352	113
			356	116
			361	119
			363	118
		</Right_Wing>
		<Right_Side type=matrix rownames=FALSE colnames=FALSE nrow=31 ncol=2 as.numeric=TRUE >
			363	118
			365	117
			363	111
			360	106
			360	102
			359	101
			359	96
			356	94
			358	91
			358	88
			356	87
			356	85
			356	84
			359	82
			356	80
			355	70
			354	65
			354	62
			354	57
			351	58
			352	51
			350	49
			351	46
			350	45
			348	45
			348	41
			346	37
			344	32
			344	29
			342	28
			341	28
		</Right_Side>
	</curves.control>
	<curves.pixel type=list>
		<Left_Side type=matrix rownames=FALSE colnames=FALSE nrow=96 ncol=2 as.numeric=TRUE >
			341	28
			340	28
			339	29
			339	30
			339	31
			339	32
			338	33
			337	34
			337	35
			336	36
			336	37
			336	38
			336	39
			335	40
			334	40
			334	41
			333	41
			333	42
			333	43
			333	44
			334	45
			333	46
			332	47
			332	48
			331	49
			331	50
			330	51
			330	52
			329	53
			329	54
			329	55
			329	56
			329	57
			328	58
			328	59
			328	60
			328	61
			327	62
			327	63
			326	64
			326	65
			326	66
			325	67
			324	68
			324	69
			324	70
			324	71
			324	72
			324	73
			324	74
			324	75
			324	76
			324	77
			324	78
			323	79
			323	80
			324	81
			324	82
			323	83
			323	84
			322	84
			322	85
			322	86
			323	87
			322	88
			322	89
			323	90
			322	91
			322	92
			321	93
			321	94
			321	95
			321	96
			321	97
			321	98
			321	99
			321	100
			320	101
			320	102
			320	103
			320	104
			320	105
			320	106
			320	107
			320	108
			321	109
			321	110
			320	111
			320	112
			320	113
			320	114
			319	115
			319	116
			319	117
			319	118
			320	119
		</Left_Side>
		<Left_Wing type=matrix rownames=FALSE colnames=FALSE nrow=35 ncol=2 as.numeric=TRUE >
			320	119
			321	120
			322	119
			323	119
			324	118
			325	117
			325	116
			326	115
			327	115
			328	114
			329	114
			329	113
			330	113
			331	113
			332	113
			332	114
			333	115
			333	116
			333	117
			333	118
			333	119
			333	120
			333	121
			333	122
			333	123
			333	124
			333	125
			334	126
			334	127
			335	127
			336	128
			337	128
			338	128
			339	128
			340	128
		</Left_Wing>
		<Right_Wing type=matrix rownames=FALSE colnames=FALSE nrow=39 ncol=2 as.numeric=TRUE >
			340	128
			341	128
			342	128
			343	128
			344	128
			345	128
			346	128
			347	128
			347	127
			347	126
			347	125
			347	124
			347	123
			348	123
			348	122
			348	121
			348	120
			349	119
			349	118
			349	117
			349	116
			349	115
			349	114
			349	113
			349	112
			350	112
			351	113
			352	113
			353	114
			354	114
			355	115
			356	116
			357	117
			358	117
			359	118
			360	118
			361	118
			362	118
			363	118
		</Right_Wing>
		<Right_Side type=matrix rownames=FALSE colnames=FALSE nrow=101 ncol=2 as.numeric=TRUE >
			363	118
			364	118
			364	117
			364	116
			364	115
			364	114
			364	113
			363	112
			363	111
			362	110
			362	109
			362	108
			361	107
			361	106
			360	105
			360	104
			360	103
			360	102
			359	101
			359	100
			359	99
			359	98
			359	97
			359	96
			358	95
			358	94
			357	94
			357	93
			358	92
			358	91
			358	90
			358	89
			357	88
			357	87
			356	87
			356	86
			356	85
			356	84
			357	83
			357	82
			357	81
			356	80
			356	79
			356	78
			356	77
			356	76
			355	75
			355	74
			355	73
			355	72
			355	71
			355	70
			355	69
			355	68
			354	67
			354	66
			354	65
			354	64
			354	63
			354	62
			354	61
			354	60
			354	59
			354	58
			354	57
			353	57
			352	57
			352	56
			352	55
			352	54
			352	53
			352	52
			352	51
			351	50
			351	49
			351	48
			351	47
			351	46
			350	46
			350	45
			349	45
			348	44
			348	43
			348	42
			348	41
			347	40
			347	39
			346	38
			346	37
			345	36
			345	35
			345	34
			345	33
			344	32
			344	31
			344	30
			344	29
			343	29
			343	28
			342	28
			341	28
		</Right_Side>
	</curves.pixel>
	<curves.scaled type=list>
		<Left_Side type=matrix rownames=FALSE colnames=FALSE nrow=96 ncol=2 as.numeric=TRUE >
			120.713825577045	-9.91198567788051
			120.359826088549	-9.91198567788051
			120.005826600053	-10.2659851663762
			120.005826600053	-10.619984654872
			120.005826600053	-10.9739841433677
			120.005826600053	-11.3279836318634
			119.651827111558	-11.6819831203592
			119.297827623062	-12.0359826088549
			119.297827623062	-12.3899820973506
			118.943828134566	-12.7439815858464
			118.943828134566	-13.0979810743421
			118.943828134566	-13.4519805628378
			118.943828134566	-13.8059800513336
			118.58982864607	-14.1599795398293
			118.235829157575	-14.1599795398293
			118.235829157575	-14.513979028325
			117.881829669079	-14.513979028325
			117.881829669079	-14.8679785168208
			117.881829669079	-15.2219780053165
			117.881829669079	-15.5759774938122
			118.235829157575	-15.929976982308
			117.881829669079	-16.2839764708037
			117.527830180583	-16.6379759592994
			117.527830180583	-16.9919754477952
			117.173830692087	-17.3459749362909
			117.173830692087	-17.6999744247866
			116.819831203592	-18.0539739132824
			116.819831203592	-18.4079734017781
			116.465831715096	-18.7619728902738
			116.465831715096	-19.1159723787696
			116.465831715096	-19.4699718672653
			116.465831715096	-19.823971355761
			116.465831715096	-20.1779708442567
			116.1118322266	-20.5319703327525
			116.1118322266	-20.8859698212482
			116.1118322266	-21.2399693097439
			116.1118322266	-21.5939687982397
			115.757832738104	-21.9479682867354
			115.757832738104	-22.3019677752311
			115.403833249609	-22.6559672637269
			115.403833249609	-23.0099667522226
			115.403833249609	-23.3639662407183
			115.049833761113	-23.7179657292141
			114.695834272617	-24.0719652177098
			114.695834272617	-24.4259647062055
			114.695834272617	-24.7799641947013
			114.695834272617	-25.133963683197
			114.695834272617	-25.4879631716927
			114.695834272617	-25.8419626601885
			114.695834272617	-26.1959621486842
			114.695834272617	-26.5499616371799
			114.695834272617	-26.9039611256757
			114.695834272617	-27.2579606141714
			114.695834272617	-27.6119601026671
			114.341834784122	-27.9659595911629
			114.341834784122	-28.3199590796586
			114.695834272617	-28.6739585681543
			114.695834272617	-29.0279580566501
			114.341834784122	-29.3819575451458
			114.341834784122	-29.7359570336415
			113.987835295626	-29.7359570336415
			113.987835295626	-30.0899565221373
			113.987835295626	-30.443956010633
			114.341834784122	-30.7979554991287
			113.987835295626	-31.1519549876245
			113.987835295626	-31.5059544761202
			114.341834784122	-31.8599539646159
			113.987835295626	-32.2139534531116
			113.987835295626	-32.5679529416074
			113.63383580713	-32.9219524301031
			113.63383580713	-33.2759519185988
			113.63383580713	-33.6299514070946
			113.63383580713	-33.9839508955903
			113.63383580713	-34.337950384086
			113.63383580713	-34.6919498725818
			113.63383580713	-35.0459493610775
			113.63383580713	-35.3999488495732
			113.279836318634	-35.753948338069
			113.279836318634	-36.1079478265647
			113.279836318634	-36.4619473150604
			113.279836318634	-36.8159468035562
			113.279836318634	-37.1699462920519
			113.279836318634	-37.5239457805476
			113.279836318634	-37.8779452690434
			113.279836318634	-38.2319447575391
			113.63383580713	-38.5859442460348
			113.63383580713	-38.9399437345306
			113.279836318634	-39.2939432230263
			113.279836318634	-39.647942711522
			113.279836318634	-40.0019422000178
			113.279836318634	-40.3559416885135
			112.925836830139	-40.7099411770092
			112.925836830139	-41.063940665505
			112.925836830139	-41.4179401540007
			112.925836830139	-41.7719396424964
			113.279836318634	-42.1259391309922
		</Left_Side>
		<Left_Wing type=matrix rownames=FALSE colnames=FALSE nrow=35 ncol=2 as.numeric=TRUE >
			113.279836318634	-42.1259391309922
			113.63383580713	-42.4799386194879
			113.987835295626	-42.1259391309922
			114.341834784122	-42.1259391309922
			114.695834272617	-41.7719396424964
			115.049833761113	-41.4179401540007
			115.049833761113	-41.063940665505
			115.403833249609	-40.7099411770092
			115.757832738104	-40.7099411770092
			116.1118322266	-40.3559416885135
			116.465831715096	-40.3559416885135
			116.465831715096	-40.0019422000178
			116.819831203592	-40.0019422000178
			117.173830692087	-40.0019422000178
			117.527830180583	-40.0019422000178
			117.527830180583	-40.3559416885135
			117.881829669079	-40.7099411770092
			117.881829669079	-41.063940665505
			117.881829669079	-41.4179401540007
			117.881829669079	-41.7719396424964
			117.881829669079	-42.1259391309922
			117.881829669079	-42.4799386194879
			117.881829669079	-42.8339381079836
			117.881829669079	-43.1879375964794
			117.881829669079	-43.5419370849751
			117.881829669079	-43.8959365734708
			117.881829669079	-44.2499360619666
			118.235829157575	-44.6039355504623
			118.235829157575	-44.957935038958
			118.58982864607	-44.957935038958
			118.943828134566	-45.3119345274538
			119.297827623062	-45.3119345274538
			119.651827111558	-45.3119345274538
			120.005826600053	-45.3119345274538
			120.359826088549	-45.3119345274538
		</Left_Wing>
		<Right_Wing type=matrix rownames=FALSE colnames=FALSE nrow=39 ncol=2 as.numeric=TRUE >
			120.359826088549	-45.3119345274538
			120.713825577045	-45.3119345274538
			121.06782506554	-45.3119345274538
			121.421824554036	-45.3119345274538
			121.775824042532	-45.3119345274538
			122.129823531028	-45.3119345274538
			122.483823019523	-45.3119345274538
			122.837822508019	-45.3119345274538
			122.837822508019	-44.957935038958
			122.837822508019	-44.6039355504623
			122.837822508019	-44.2499360619666
			122.837822508019	-43.8959365734708
			122.837822508019	-43.5419370849751
			123.191821996515	-43.5419370849751
			123.191821996515	-43.1879375964794
			123.191821996515	-42.8339381079836
			123.191821996515	-42.4799386194879
			123.545821485011	-42.1259391309922
			123.545821485011	-41.7719396424964
			123.545821485011	-41.4179401540007
			123.545821485011	-41.063940665505
			123.545821485011	-40.7099411770092
			123.545821485011	-40.3559416885135
			123.545821485011	-40.0019422000178
			123.545821485011	-39.647942711522
			123.899820973506	-39.647942711522
			124.253820462002	-40.0019422000178
			124.607819950498	-40.0019422000178
			124.961819438994	-40.3559416885135
			125.315818927489	-40.3559416885135
			125.669818415985	-40.7099411770092
			126.023817904481	-41.063940665505
			126.377817392976	-41.4179401540007
			126.731816881472	-41.4179401540007
			127.085816369968	-41.7719396424964
			127.439815858464	-41.7719396424964
			127.793815346959	-41.7719396424964
			128.147814835455	-41.7719396424964
			128.501814323951	-41.7719396424964
		</Right_Wing>
		<Right_Side type=matrix rownames=FALSE colnames=FALSE nrow=101 ncol=2 as.numeric=TRUE >
			128.501814323951	-41.7719396424964
			128.855813812447	-41.7719396424964
			128.855813812447	-41.4179401540007
			128.855813812447	-41.063940665505
			128.855813812447	-40.7099411770092
			128.855813812447	-40.3559416885135
			128.855813812447	-40.0019422000178
			128.501814323951	-39.647942711522
			128.501814323951	-39.2939432230263
			128.147814835455	-38.9399437345306
			128.147814835455	-38.5859442460348
			128.147814835455	-38.2319447575391
			127.793815346959	-37.8779452690434
			127.793815346959	-37.5239457805476
			127.439815858464	-37.1699462920519
			127.439815858464	-36.8159468035562
			127.439815858464	-36.4619473150604
			127.439815858464	-36.1079478265647
			127.085816369968	-35.753948338069
			127.085816369968	-35.3999488495732
			127.085816369968	-35.0459493610775
			127.085816369968	-34.6919498725818
			127.085816369968	-34.337950384086
			127.085816369968	-33.9839508955903
			126.731816881472	-33.6299514070946
			126.731816881472	-33.2759519185988
			126.377817392976	-33.2759519185988
			126.377817392976	-32.9219524301031
			126.731816881472	-32.5679529416074
			126.731816881472	-32.2139534531116
			126.731816881472	-31.8599539646159
			126.731816881472	-31.5059544761202
			126.377817392976	-31.1519549876245
			126.377817392976	-30.7979554991287
			126.023817904481	-30.7979554991287
			126.023817904481	-30.443956010633
			126.023817904481	-30.0899565221373
			126.023817904481	-29.7359570336415
			126.377817392976	-29.3819575451458
			126.377817392976	-29.0279580566501
			126.377817392976	-28.6739585681543
			126.023817904481	-28.3199590796586
			126.023817904481	-27.9659595911629
			126.023817904481	-27.6119601026671
			126.023817904481	-27.2579606141714
			126.023817904481	-26.9039611256757
			125.669818415985	-26.5499616371799
			125.669818415985	-26.1959621486842
			125.669818415985	-25.8419626601885
			125.669818415985	-25.4879631716927
			125.669818415985	-25.133963683197
			125.669818415985	-24.7799641947013
			125.669818415985	-24.4259647062055
			125.669818415985	-24.0719652177098
			125.315818927489	-23.7179657292141
			125.315818927489	-23.3639662407183
			125.315818927489	-23.0099667522226
			125.315818927489	-22.6559672637269
			125.315818927489	-22.3019677752311
			125.315818927489	-21.9479682867354
			125.315818927489	-21.5939687982397
			125.315818927489	-21.2399693097439
			125.315818927489	-20.8859698212482
			125.315818927489	-20.5319703327525
			125.315818927489	-20.1779708442567
			124.961819438994	-20.1779708442567
			124.607819950498	-20.1779708442567
			124.607819950498	-19.823971355761
			124.607819950498	-19.4699718672653
			124.607819950498	-19.1159723787696
			124.607819950498	-18.7619728902738
			124.607819950498	-18.4079734017781
			124.607819950498	-18.0539739132824
			124.253820462002	-17.6999744247866
			124.253820462002	-17.3459749362909
			124.253820462002	-16.9919754477952
			124.253820462002	-16.6379759592994
			124.253820462002	-16.2839764708037
			123.899820973506	-16.2839764708037
			123.899820973506	-15.929976982308
			123.545821485011	-15.929976982308
			123.191821996515	-15.5759774938122
			123.191821996515	-15.2219780053165
			123.191821996515	-14.8679785168208
			123.191821996515	-14.513979028325
			122.837822508019	-14.1599795398293
			122.837822508019	-13.8059800513336
			122.483823019523	-13.4519805628378
			122.483823019523	-13.0979810743421
			122.129823531028	-12.7439815858464
			122.129823531028	-12.3899820973506
			122.129823531028	-12.0359826088549
			122.129823531028	-11.6819831203592
			121.775824042532	-11.3279836318634
			121.775824042532	-10.9739841433677
			121.775824042532	-10.619984654872
			121.775824042532	-10.2659851663762
			121.421824554036	-10.2659851663762
			121.421824554036	-9.91198567788051
			121.06782506554	-9.91198567788051
			120.713825577045	-9.91198567788051
		</Right_Side>
	</curves.scaled>
	<ruler.points type=matrix rownames=TRUE colnames=FALSE nrow=6 ncol=2 as.numeric=TRUE >
		Ruler point 1	263	651
		Ruler point 2	292	651
		Ruler point 3	319	650
		Ruler point 4	348	650
		Ruler point 5	376	650
		Ruler point 6	404	650
	</ruler.points>
</shapes>

