<shapes type=list>
	<ruler.pixel type=vector names=FALSE length=1 as.numeric=TRUE >19.4171899549021</ruler.pixel>
	<ruler.interval type=vector names=FALSE length=1 as.numeric=TRUE >10</ruler.interval>
	<scaling.units type=vector names=FALSE length=1 as.numeric=FALSE >mm</scaling.units>
	<scaling type=vector names=FALSE length=1 as.numeric=TRUE >0.515007579532659</scaling>
	<landmarks.pixel type=matrix rownames=TRUE colnames=FALSE nrow=4 ncol=2 as.numeric=TRUE >
		Point_Tip	375	355
		Left_Tang_Center	362	411
		Base_Center	374	437
		Right_Tang_Center	388	413
	</landmarks.pixel>
	<landmarks.scaled type=matrix rownames=TRUE colnames=FALSE nrow=4 ncol=2 as.numeric=TRUE >
		Point_Tip	193.127842324747	-182.827690734094
		Left_Tang_Center	186.432743790823	-211.668115187923
		Base_Center	192.612834745214	-225.058312255772
		Right_Tang_Center	199.822940858672	-212.698130346988
	</landmarks.scaled>
	<curves.control type=list>
		<Left_Side type=matrix rownames=FALSE colnames=FALSE nrow=5 ncol=2 as.numeric=TRUE >
			375	355
			373	366
			367	394
			365	403
			362	411
		</Left_Side>
		<Left_Wing type=matrix rownames=FALSE colnames=FALSE nrow=7 ncol=2 as.numeric=TRUE >
			362	411
			365	412
			366	411
			369	409
			369	414
			370	430
			374	437
		</Left_Wing>
		<Right_Wing type=matrix rownames=FALSE colnames=FALSE nrow=9 ncol=2 as.numeric=TRUE >
			374	437
			375	436
			378	427
			380	416
			380	411
			382	409
			385	413
			387	414
			388	413
		</Right_Wing>
		<Right_Side type=matrix rownames=FALSE colnames=FALSE nrow=7 ncol=2 as.numeric=TRUE >
			388	413
			388	409
			386	406
			384	398
			380	376
			378	364
			375	355
		</Right_Side>
	</curves.control>
	<curves.pixel type=list>
		<Left_Side type=matrix rownames=FALSE colnames=FALSE nrow=57 ncol=2 as.numeric=TRUE >
			375	355
			375	356
			375	357
			374	358
			374	359
			374	360
			374	361
			374	362
			373	363
			373	364
			373	365
			373	366
			373	367
			372	368
			372	369
			372	370
			372	371
			372	372
			371	373
			371	374
			371	375
			371	376
			371	377
			370	378
			370	379
			370	380
			370	381
			370	382
			369	383
			369	384
			369	385
			369	386
			368	387
			368	388
			368	389
			368	390
			368	391
			367	392
			367	393
			367	394
			367	395
			367	396
			366	397
			366	398
			366	399
			366	400
			365	401
			365	402
			365	403
			364	404
			364	405
			364	406
			363	407
			363	408
			363	409
			362	410
			362	411
		</Left_Side>
		<Left_Wing type=matrix rownames=FALSE colnames=FALSE nrow=37 ncol=2 as.numeric=TRUE >
			362	411
			363	411
			364	411
			365	411
			366	411
			367	411
			368	410
			369	411
			369	412
			369	413
			369	414
			369	415
			369	416
			369	417
			369	418
			369	419
			370	420
			370	421
			370	422
			370	423
			370	424
			370	425
			370	426
			371	427
			371	428
			371	429
			371	430
			371	431
			372	431
			372	432
			372	433
			372	434
			373	434
			373	435
			373	436
			374	436
			374	437
		</Left_Wing>
		<Right_Wing type=matrix rownames=FALSE colnames=FALSE nrow=35 ncol=2 as.numeric=TRUE >
			374	437
			375	436
			375	435
			376	434
			376	433
			376	432
			377	431
			377	430
			377	429
			378	428
			378	427
			378	426
			378	425
			378	424
			379	423
			379	422
			379	421
			379	420
			379	419
			379	418
			380	417
			380	416
			380	415
			380	414
			380	413
			380	412
			380	411
			381	410
			382	410
			383	411
			384	412
			385	413
			386	413
			387	413
			388	413
		</Right_Wing>
		<Right_Side type=matrix rownames=FALSE colnames=FALSE nrow=60 ncol=2 as.numeric=TRUE >
			388	413
			388	412
			388	411
			388	410
			387	409
			387	408
			387	407
			386	406
			386	405
			386	404
			385	403
			385	402
			385	401
			385	400
			384	399
			384	398
			384	397
			384	396
			384	395
			383	394
			383	393
			383	392
			383	391
			383	390
			382	389
			382	388
			382	387
			382	386
			382	385
			382	384
			381	383
			381	382
			381	381
			381	380
			381	379
			380	378
			380	377
			380	376
			380	375
			380	374
			379	373
			379	372
			379	371
			379	370
			379	369
			378	368
			378	367
			378	366
			378	365
			378	364
			377	363
			377	362
			377	361
			377	360
			376	360
			376	359
			376	358
			376	357
			375	356
			375	355
		</Right_Side>
	</curves.pixel>
	<curves.scaled type=list>
		<Left_Side type=matrix rownames=FALSE colnames=FALSE nrow=57 ncol=2 as.numeric=TRUE >
			193.127842324747	-182.827690734094
			193.127842324747	-183.342698313627
			193.127842324747	-183.857705893159
			192.612834745214	-184.372713472692
			192.612834745214	-184.887721052225
			192.612834745214	-185.402728631757
			192.612834745214	-185.91773621129
			192.612834745214	-186.432743790823
			192.097827165682	-186.947751370355
			192.097827165682	-187.462758949888
			192.097827165682	-187.977766529421
			192.097827165682	-188.492774108953
			192.097827165682	-189.007781688486
			191.582819586149	-189.522789268019
			191.582819586149	-190.037796847551
			191.582819586149	-190.552804427084
			191.582819586149	-191.067812006617
			191.582819586149	-191.582819586149
			191.067812006617	-192.097827165682
			191.067812006617	-192.612834745214
			191.067812006617	-193.127842324747
			191.067812006617	-193.64284990428
			191.067812006617	-194.157857483812
			190.552804427084	-194.672865063345
			190.552804427084	-195.187872642878
			190.552804427084	-195.70288022241
			190.552804427084	-196.217887801943
			190.552804427084	-196.732895381476
			190.037796847551	-197.247902961008
			190.037796847551	-197.762910540541
			190.037796847551	-198.277918120074
			190.037796847551	-198.792925699606
			189.522789268019	-199.307933279139
			189.522789268019	-199.822940858672
			189.522789268019	-200.337948438204
			189.522789268019	-200.852956017737
			189.522789268019	-201.36796359727
			189.007781688486	-201.882971176802
			189.007781688486	-202.397978756335
			189.007781688486	-202.912986335868
			189.007781688486	-203.4279939154
			189.007781688486	-203.943001494933
			188.492774108953	-204.458009074466
			188.492774108953	-204.973016653998
			188.492774108953	-205.488024233531
			188.492774108953	-206.003031813064
			187.977766529421	-206.518039392596
			187.977766529421	-207.033046972129
			187.977766529421	-207.548054551662
			187.462758949888	-208.063062131194
			187.462758949888	-208.578069710727
			187.462758949888	-209.09307729026
			186.947751370355	-209.608084869792
			186.947751370355	-210.123092449325
			186.947751370355	-210.638100028858
			186.432743790823	-211.15310760839
			186.432743790823	-211.668115187923
		</Left_Side>
		<Left_Wing type=matrix rownames=FALSE colnames=FALSE nrow=37 ncol=2 as.numeric=TRUE >
			186.432743790823	-211.668115187923
			186.947751370355	-211.668115187923
			187.462758949888	-211.668115187923
			187.977766529421	-211.668115187923
			188.492774108953	-211.668115187923
			189.007781688486	-211.668115187923
			189.522789268019	-211.15310760839
			190.037796847551	-211.668115187923
			190.037796847551	-212.183122767456
			190.037796847551	-212.698130346988
			190.037796847551	-213.213137926521
			190.037796847551	-213.728145506054
			190.037796847551	-214.243153085586
			190.037796847551	-214.758160665119
			190.037796847551	-215.273168244651
			190.037796847551	-215.788175824184
			190.552804427084	-216.303183403717
			190.552804427084	-216.818190983249
			190.552804427084	-217.333198562782
			190.552804427084	-217.848206142315
			190.552804427084	-218.363213721847
			190.552804427084	-218.87822130138
			190.552804427084	-219.393228880913
			191.067812006617	-219.908236460445
			191.067812006617	-220.423244039978
			191.067812006617	-220.938251619511
			191.067812006617	-221.453259199043
			191.067812006617	-221.968266778576
			191.582819586149	-221.968266778576
			191.582819586149	-222.483274358109
			191.582819586149	-222.998281937641
			191.582819586149	-223.513289517174
			192.097827165682	-223.513289517174
			192.097827165682	-224.028297096707
			192.097827165682	-224.543304676239
			192.612834745214	-224.543304676239
			192.612834745214	-225.058312255772
		</Left_Wing>
		<Right_Wing type=matrix rownames=FALSE colnames=FALSE nrow=35 ncol=2 as.numeric=TRUE >
			192.612834745214	-225.058312255772
			193.127842324747	-224.543304676239
			193.127842324747	-224.028297096707
			193.64284990428	-223.513289517174
			193.64284990428	-222.998281937641
			193.64284990428	-222.483274358109
			194.157857483812	-221.968266778576
			194.157857483812	-221.453259199043
			194.157857483812	-220.938251619511
			194.672865063345	-220.423244039978
			194.672865063345	-219.908236460445
			194.672865063345	-219.393228880913
			194.672865063345	-218.87822130138
			194.672865063345	-218.363213721847
			195.187872642878	-217.848206142315
			195.187872642878	-217.333198562782
			195.187872642878	-216.818190983249
			195.187872642878	-216.303183403717
			195.187872642878	-215.788175824184
			195.187872642878	-215.273168244651
			195.70288022241	-214.758160665119
			195.70288022241	-214.243153085586
			195.70288022241	-213.728145506054
			195.70288022241	-213.213137926521
			195.70288022241	-212.698130346988
			195.70288022241	-212.183122767456
			195.70288022241	-211.668115187923
			196.217887801943	-211.15310760839
			196.732895381476	-211.15310760839
			197.247902961008	-211.668115187923
			197.762910540541	-212.183122767456
			198.277918120074	-212.698130346988
			198.792925699606	-212.698130346988
			199.307933279139	-212.698130346988
			199.822940858672	-212.698130346988
		</Right_Wing>
		<Right_Side type=matrix rownames=FALSE colnames=FALSE nrow=60 ncol=2 as.numeric=TRUE >
			199.822940858672	-212.698130346988
			199.822940858672	-212.183122767456
			199.822940858672	-211.668115187923
			199.822940858672	-211.15310760839
			199.307933279139	-210.638100028858
			199.307933279139	-210.123092449325
			199.307933279139	-209.608084869792
			198.792925699606	-209.09307729026
			198.792925699606	-208.578069710727
			198.792925699606	-208.063062131194
			198.277918120074	-207.548054551662
			198.277918120074	-207.033046972129
			198.277918120074	-206.518039392596
			198.277918120074	-206.003031813064
			197.762910540541	-205.488024233531
			197.762910540541	-204.973016653998
			197.762910540541	-204.458009074466
			197.762910540541	-203.943001494933
			197.762910540541	-203.4279939154
			197.247902961008	-202.912986335868
			197.247902961008	-202.397978756335
			197.247902961008	-201.882971176802
			197.247902961008	-201.36796359727
			197.247902961008	-200.852956017737
			196.732895381476	-200.337948438204
			196.732895381476	-199.822940858672
			196.732895381476	-199.307933279139
			196.732895381476	-198.792925699606
			196.732895381476	-198.277918120074
			196.732895381476	-197.762910540541
			196.217887801943	-197.247902961008
			196.217887801943	-196.732895381476
			196.217887801943	-196.217887801943
			196.217887801943	-195.70288022241
			196.217887801943	-195.187872642878
			195.70288022241	-194.672865063345
			195.70288022241	-194.157857483812
			195.70288022241	-193.64284990428
			195.70288022241	-193.127842324747
			195.70288022241	-192.612834745214
			195.187872642878	-192.097827165682
			195.187872642878	-191.582819586149
			195.187872642878	-191.067812006617
			195.187872642878	-190.552804427084
			195.187872642878	-190.037796847551
			194.672865063345	-189.522789268019
			194.672865063345	-189.007781688486
			194.672865063345	-188.492774108953
			194.672865063345	-187.977766529421
			194.672865063345	-187.462758949888
			194.157857483812	-186.947751370355
			194.157857483812	-186.432743790823
			194.157857483812	-185.91773621129
			194.157857483812	-185.402728631757
			193.64284990428	-185.402728631757
			193.64284990428	-184.887721052225
			193.64284990428	-184.372713472692
			193.64284990428	-183.857705893159
			193.127842324747	-183.342698313627
			193.127842324747	-182.827690734094
		</Right_Side>
	</curves.scaled>
	<ruler.points type=matrix rownames=TRUE colnames=FALSE nrow=6 ncol=2 as.numeric=TRUE >
		Ruler point 1	205	578
		Ruler point 2	224	579
		Ruler point 3	243	579
		Ruler point 4	263	579
		Ruler point 5	282	579
		Ruler point 6	302	579
	</ruler.points>
</shapes>

