<shapes type=list>
	<ruler.pixel type=vector names=FALSE length=1 as.numeric=TRUE >34</ruler.pixel>
	<ruler.interval type=vector names=FALSE length=1 as.numeric=TRUE >10</ruler.interval>
	<scaling.units type=vector names=FALSE length=1 as.numeric=FALSE >mm</scaling.units>
	<scaling type=vector names=FALSE length=1 as.numeric=TRUE >0.294117647058824</scaling>
	<landmarks.pixel type=matrix rownames=TRUE colnames=FALSE nrow=4 ncol=2 as.numeric=TRUE >
		Point_Tip	260	385
		Left_Tang_Center	220	457
		Base_Center	261	486
		Right_Tang_Center	298	449
	</landmarks.pixel>
	<landmarks.scaled type=matrix rownames=TRUE colnames=FALSE nrow=4 ncol=2 as.numeric=TRUE >
		Point_Tip	76.4705882352941	-113.235294117647
		Left_Tang_Center	64.7058823529412	-134.411764705882
		Base_Center	76.7647058823529	-142.941176470588
		Right_Tang_Center	87.6470588235294	-132.058823529412
	</landmarks.scaled>
	<curves.control type=list>
		<Left_Side type=matrix rownames=FALSE colnames=FALSE nrow=19 ncol=2 as.numeric=TRUE >
			260	385
			254	391
			251	399
			249	401
			245	401
			244	404
			242	407
			242	410
			242	413
			238	415
			236	419
			237	421
			239	422
			234	435
			228	441
			226	444
			225	450
			222	454
			220	457
		</Left_Side>
		<Left_Wing type=matrix rownames=FALSE colnames=FALSE nrow=11 ncol=2 as.numeric=TRUE >
			220	457
			225	459
			235	458
			238	456
			243	457
			249	458
			249	465
			251	476
			253	480
			256	485
			261	486
		</Left_Wing>
		<Right_Wing type=matrix rownames=FALSE colnames=FALSE nrow=11 ncol=2 as.numeric=TRUE >
			261	486
			267	484
			269	476
			271	466
			272	459
			274	456
			274	454
			276	451
			280	452
			285	453
			298	449
		</Right_Wing>
		<Right_Side type=matrix rownames=FALSE colnames=FALSE nrow=15 ncol=2 as.numeric=TRUE >
			298	449
			298	446
			292	442
			284	437
			286	432
			279	431
			281	420
			274	417
			279	398
			274	399
			272	400
			267	404
			265	396
			263	390
			260	385
		</Right_Side>
	</curves.control>
	<curves.pixel type=list>
		<Left_Side type=matrix rownames=FALSE colnames=FALSE nrow=86 ncol=2 as.numeric=TRUE >
			260	385
			259	386
			258	387
			257	388
			257	389
			256	389
			256	390
			255	391
			255	392
			254	393
			254	394
			253	394
			253	395
			252	396
			252	397
			251	398
			251	399
			250	399
			250	400
			249	400
			248	401
			247	401
			246	401
			245	401
			245	402
			244	403
			244	404
			243	405
			243	406
			242	407
			242	408
			242	409
			242	410
			242	411
			242	412
			241	413
			240	414
			239	415
			238	416
			237	417
			236	418
			236	419
			236	420
			237	420
			238	421
			238	422
			239	423
			238	424
			238	425
			237	426
			237	427
			236	428
			236	429
			235	430
			235	431
			234	432
			234	433
			233	434
			233	435
			232	435
			232	436
			231	437
			231	438
			230	438
			230	439
			229	440
			228	441
			227	442
			227	443
			226	444
			226	445
			226	446
			226	447
			225	448
			225	449
			225	450
			224	451
			224	452
			223	452
			223	453
			222	453
			222	454
			222	455
			221	455
			221	456
			220	457
		</Left_Side>
		<Left_Wing type=matrix rownames=FALSE colnames=FALSE nrow=58 ncol=2 as.numeric=TRUE >
			220	457
			221	457
			222	458
			223	458
			224	458
			225	458
			226	458
			227	458
			228	458
			229	458
			230	458
			231	458
			232	458
			233	458
			234	458
			235	458
			236	457
			237	457
			238	457
			239	457
			240	457
			241	457
			242	457
			243	457
			244	457
			245	458
			246	458
			247	459
			248	460
			248	461
			249	462
			249	463
			249	464
			249	465
			249	466
			249	467
			250	468
			250	469
			250	470
			250	471
			250	472
			251	473
			251	474
			251	475
			252	476
			252	477
			252	478
			253	479
			253	480
			254	481
			255	482
			255	483
			256	484
			257	484
			258	485
			259	485
			260	486
			261	486
		</Left_Wing>
		<Right_Wing type=matrix rownames=FALSE colnames=FALSE nrow=61 ncol=2 as.numeric=TRUE >
			261	486
			262	486
			263	485
			264	485
			264	484
			265	483
			266	483
			267	482
			267	481
			268	480
			268	479
			269	478
			269	477
			269	476
			269	475
			269	474
			270	473
			270	472
			270	471
			270	470
			270	469
			271	468
			271	467
			271	466
			271	465
			271	464
			271	463
			272	462
			272	461
			272	460
			272	459
			272	458
			273	458
			273	457
			274	456
			274	455
			274	454
			275	453
			276	452
			277	452
			278	452
			279	452
			280	452
			281	452
			282	452
			283	452
			284	452
			285	452
			286	452
			287	452
			288	452
			289	451
			290	451
			291	451
			292	451
			293	450
			294	450
			295	450
			296	450
			297	449
			298	449
		</Right_Wing>
		<Right_Side type=matrix rownames=FALSE colnames=FALSE nrow=87 ncol=2 as.numeric=TRUE >
			298	449
			298	448
			297	447
			297	446
			296	445
			295	444
			294	444
			293	443
			292	442
			291	441
			290	440
			289	440
			288	439
			287	438
			286	437
			286	436
			286	435
			286	434
			286	433
			286	432
			285	432
			284	431
			283	430
			282	429
			281	428
			281	427
			281	426
			281	425
			281	424
			281	423
			281	422
			281	421
			281	420
			280	420
			280	419
			279	418
			278	417
			278	416
			277	415
			277	414
			277	413
			277	412
			277	411
			277	410
			277	409
			277	408
			277	407
			277	406
			277	405
			278	405
			278	404
			278	403
			278	402
			278	401
			278	400
			279	400
			279	399
			279	398
			278	398
			277	398
			277	399
			276	399
			275	399
			274	399
			273	400
			272	400
			271	401
			270	401
			269	401
			268	401
			267	401
			267	400
			266	399
			266	398
			265	397
			265	396
			265	395
			264	394
			264	393
			263	392
			263	391
			263	390
			262	389
			262	388
			261	387
			261	386
			260	385
		</Right_Side>
	</curves.pixel>
	<curves.scaled type=list>
		<Left_Side type=matrix rownames=FALSE colnames=FALSE nrow=86 ncol=2 as.numeric=TRUE >
			76.4705882352941	-113.235294117647
			76.1764705882353	-113.529411764706
			75.8823529411765	-113.823529411765
			75.5882352941177	-114.117647058824
			75.5882352941177	-114.411764705882
			75.2941176470588	-114.411764705882
			75.2941176470588	-114.705882352941
			75	-115
			75	-115.294117647059
			74.7058823529412	-115.588235294118
			74.7058823529412	-115.882352941176
			74.4117647058824	-115.882352941176
			74.4117647058824	-116.176470588235
			74.1176470588235	-116.470588235294
			74.1176470588235	-116.764705882353
			73.8235294117647	-117.058823529412
			73.8235294117647	-117.352941176471
			73.5294117647059	-117.352941176471
			73.5294117647059	-117.647058823529
			73.2352941176471	-117.647058823529
			72.9411764705882	-117.941176470588
			72.6470588235294	-117.941176470588
			72.3529411764706	-117.941176470588
			72.0588235294118	-117.941176470588
			72.0588235294118	-118.235294117647
			71.7647058823529	-118.529411764706
			71.7647058823529	-118.823529411765
			71.4705882352941	-119.117647058824
			71.4705882352941	-119.411764705882
			71.1764705882353	-119.705882352941
			71.1764705882353	-120
			71.1764705882353	-120.294117647059
			71.1764705882353	-120.588235294118
			71.1764705882353	-120.882352941176
			71.1764705882353	-121.176470588235
			70.8823529411765	-121.470588235294
			70.5882352941177	-121.764705882353
			70.2941176470588	-122.058823529412
			70	-122.352941176471
			69.7058823529412	-122.647058823529
			69.4117647058824	-122.941176470588
			69.4117647058824	-123.235294117647
			69.4117647058824	-123.529411764706
			69.7058823529412	-123.529411764706
			70	-123.823529411765
			70	-124.117647058824
			70.2941176470588	-124.411764705882
			70	-124.705882352941
			70	-125
			69.7058823529412	-125.294117647059
			69.7058823529412	-125.588235294118
			69.4117647058824	-125.882352941176
			69.4117647058824	-126.176470588235
			69.1176470588235	-126.470588235294
			69.1176470588235	-126.764705882353
			68.8235294117647	-127.058823529412
			68.8235294117647	-127.352941176471
			68.5294117647059	-127.647058823529
			68.5294117647059	-127.941176470588
			68.2352941176471	-127.941176470588
			68.2352941176471	-128.235294117647
			67.9411764705882	-128.529411764706
			67.9411764705882	-128.823529411765
			67.6470588235294	-128.823529411765
			67.6470588235294	-129.117647058824
			67.3529411764706	-129.411764705882
			67.0588235294118	-129.705882352941
			66.7647058823529	-130
			66.7647058823529	-130.294117647059
			66.4705882352941	-130.588235294118
			66.4705882352941	-130.882352941176
			66.4705882352941	-131.176470588235
			66.4705882352941	-131.470588235294
			66.1764705882353	-131.764705882353
			66.1764705882353	-132.058823529412
			66.1764705882353	-132.352941176471
			65.8823529411765	-132.647058823529
			65.8823529411765	-132.941176470588
			65.5882352941177	-132.941176470588
			65.5882352941177	-133.235294117647
			65.2941176470588	-133.235294117647
			65.2941176470588	-133.529411764706
			65.2941176470588	-133.823529411765
			65	-133.823529411765
			65	-134.117647058824
			64.7058823529412	-134.411764705882
		</Left_Side>
		<Left_Wing type=matrix rownames=FALSE colnames=FALSE nrow=58 ncol=2 as.numeric=TRUE >
			64.7058823529412	-134.411764705882
			65	-134.411764705882
			65.2941176470588	-134.705882352941
			65.5882352941177	-134.705882352941
			65.8823529411765	-134.705882352941
			66.1764705882353	-134.705882352941
			66.4705882352941	-134.705882352941
			66.7647058823529	-134.705882352941
			67.0588235294118	-134.705882352941
			67.3529411764706	-134.705882352941
			67.6470588235294	-134.705882352941
			67.9411764705882	-134.705882352941
			68.2352941176471	-134.705882352941
			68.5294117647059	-134.705882352941
			68.8235294117647	-134.705882352941
			69.1176470588235	-134.705882352941
			69.4117647058824	-134.411764705882
			69.7058823529412	-134.411764705882
			70	-134.411764705882
			70.2941176470588	-134.411764705882
			70.5882352941177	-134.411764705882
			70.8823529411765	-134.411764705882
			71.1764705882353	-134.411764705882
			71.4705882352941	-134.411764705882
			71.7647058823529	-134.411764705882
			72.0588235294118	-134.705882352941
			72.3529411764706	-134.705882352941
			72.6470588235294	-135
			72.9411764705882	-135.294117647059
			72.9411764705882	-135.588235294118
			73.2352941176471	-135.882352941176
			73.2352941176471	-136.176470588235
			73.2352941176471	-136.470588235294
			73.2352941176471	-136.764705882353
			73.2352941176471	-137.058823529412
			73.2352941176471	-137.352941176471
			73.5294117647059	-137.647058823529
			73.5294117647059	-137.941176470588
			73.5294117647059	-138.235294117647
			73.5294117647059	-138.529411764706
			73.5294117647059	-138.823529411765
			73.8235294117647	-139.117647058824
			73.8235294117647	-139.411764705882
			73.8235294117647	-139.705882352941
			74.1176470588235	-140
			74.1176470588235	-140.294117647059
			74.1176470588235	-140.588235294118
			74.4117647058824	-140.882352941176
			74.4117647058824	-141.176470588235
			74.7058823529412	-141.470588235294
			75	-141.764705882353
			75	-142.058823529412
			75.2941176470588	-142.352941176471
			75.5882352941177	-142.352941176471
			75.8823529411765	-142.647058823529
			76.1764705882353	-142.647058823529
			76.4705882352941	-142.941176470588
			76.7647058823529	-142.941176470588
		</Left_Wing>
		<Right_Wing type=matrix rownames=FALSE colnames=FALSE nrow=61 ncol=2 as.numeric=TRUE >
			76.7647058823529	-142.941176470588
			77.0588235294118	-142.941176470588
			77.3529411764706	-142.647058823529
			77.6470588235294	-142.647058823529
			77.6470588235294	-142.352941176471
			77.9411764705882	-142.058823529412
			78.2352941176471	-142.058823529412
			78.5294117647059	-141.764705882353
			78.5294117647059	-141.470588235294
			78.8235294117647	-141.176470588235
			78.8235294117647	-140.882352941176
			79.1176470588235	-140.588235294118
			79.1176470588235	-140.294117647059
			79.1176470588235	-140
			79.1176470588235	-139.705882352941
			79.1176470588235	-139.411764705882
			79.4117647058824	-139.117647058824
			79.4117647058824	-138.823529411765
			79.4117647058824	-138.529411764706
			79.4117647058824	-138.235294117647
			79.4117647058824	-137.941176470588
			79.7058823529412	-137.647058823529
			79.7058823529412	-137.352941176471
			79.7058823529412	-137.058823529412
			79.7058823529412	-136.764705882353
			79.7058823529412	-136.470588235294
			79.7058823529412	-136.176470588235
			80	-135.882352941176
			80	-135.588235294118
			80	-135.294117647059
			80	-135
			80	-134.705882352941
			80.2941176470588	-134.705882352941
			80.2941176470588	-134.411764705882
			80.5882352941177	-134.117647058824
			80.5882352941177	-133.823529411765
			80.5882352941177	-133.529411764706
			80.8823529411765	-133.235294117647
			81.1764705882353	-132.941176470588
			81.4705882352941	-132.941176470588
			81.7647058823529	-132.941176470588
			82.0588235294118	-132.941176470588
			82.3529411764706	-132.941176470588
			82.6470588235294	-132.941176470588
			82.9411764705882	-132.941176470588
			83.2352941176471	-132.941176470588
			83.5294117647059	-132.941176470588
			83.8235294117647	-132.941176470588
			84.1176470588235	-132.941176470588
			84.4117647058824	-132.941176470588
			84.7058823529412	-132.941176470588
			85	-132.647058823529
			85.2941176470588	-132.647058823529
			85.5882352941177	-132.647058823529
			85.8823529411765	-132.647058823529
			86.1764705882353	-132.352941176471
			86.4705882352941	-132.352941176471
			86.7647058823529	-132.352941176471
			87.0588235294118	-132.352941176471
			87.3529411764706	-132.058823529412
			87.6470588235294	-132.058823529412
		</Right_Wing>
		<Right_Side type=matrix rownames=FALSE colnames=FALSE nrow=87 ncol=2 as.numeric=TRUE >
			87.6470588235294	-132.058823529412
			87.6470588235294	-131.764705882353
			87.3529411764706	-131.470588235294
			87.3529411764706	-131.176470588235
			87.0588235294118	-130.882352941176
			86.7647058823529	-130.588235294118
			86.4705882352941	-130.588235294118
			86.1764705882353	-130.294117647059
			85.8823529411765	-130
			85.5882352941177	-129.705882352941
			85.2941176470588	-129.411764705882
			85	-129.411764705882
			84.7058823529412	-129.117647058824
			84.4117647058824	-128.823529411765
			84.1176470588235	-128.529411764706
			84.1176470588235	-128.235294117647
			84.1176470588235	-127.941176470588
			84.1176470588235	-127.647058823529
			84.1176470588235	-127.352941176471
			84.1176470588235	-127.058823529412
			83.8235294117647	-127.058823529412
			83.5294117647059	-126.764705882353
			83.2352941176471	-126.470588235294
			82.9411764705882	-126.176470588235
			82.6470588235294	-125.882352941176
			82.6470588235294	-125.588235294118
			82.6470588235294	-125.294117647059
			82.6470588235294	-125
			82.6470588235294	-124.705882352941
			82.6470588235294	-124.411764705882
			82.6470588235294	-124.117647058824
			82.6470588235294	-123.823529411765
			82.6470588235294	-123.529411764706
			82.3529411764706	-123.529411764706
			82.3529411764706	-123.235294117647
			82.0588235294118	-122.941176470588
			81.7647058823529	-122.647058823529
			81.7647058823529	-122.352941176471
			81.4705882352941	-122.058823529412
			81.4705882352941	-121.764705882353
			81.4705882352941	-121.470588235294
			81.4705882352941	-121.176470588235
			81.4705882352941	-120.882352941176
			81.4705882352941	-120.588235294118
			81.4705882352941	-120.294117647059
			81.4705882352941	-120
			81.4705882352941	-119.705882352941
			81.4705882352941	-119.411764705882
			81.4705882352941	-119.117647058824
			81.7647058823529	-119.117647058824
			81.7647058823529	-118.823529411765
			81.7647058823529	-118.529411764706
			81.7647058823529	-118.235294117647
			81.7647058823529	-117.941176470588
			81.7647058823529	-117.647058823529
			82.0588235294118	-117.647058823529
			82.0588235294118	-117.352941176471
			82.0588235294118	-117.058823529412
			81.7647058823529	-117.058823529412
			81.4705882352941	-117.058823529412
			81.4705882352941	-117.352941176471
			81.1764705882353	-117.352941176471
			80.8823529411765	-117.352941176471
			80.5882352941177	-117.352941176471
			80.2941176470588	-117.647058823529
			80	-117.647058823529
			79.7058823529412	-117.941176470588
			79.4117647058824	-117.941176470588
			79.1176470588235	-117.941176470588
			78.8235294117647	-117.941176470588
			78.5294117647059	-117.941176470588
			78.5294117647059	-117.647058823529
			78.2352941176471	-117.352941176471
			78.2352941176471	-117.058823529412
			77.9411764705882	-116.764705882353
			77.9411764705882	-116.470588235294
			77.9411764705882	-116.176470588235
			77.6470588235294	-115.882352941176
			77.6470588235294	-115.588235294118
			77.3529411764706	-115.294117647059
			77.3529411764706	-115
			77.3529411764706	-114.705882352941
			77.0588235294118	-114.411764705882
			77.0588235294118	-114.117647058824
			76.7647058823529	-113.823529411765
			76.7647058823529	-113.529411764706
			76.4705882352941	-113.235294117647
		</Right_Side>
	</curves.scaled>
	<ruler.points type=matrix rownames=TRUE colnames=FALSE nrow=3 ncol=2 as.numeric=TRUE >
		Ruler point 1	93	517
		Ruler point 2	127	517
		Ruler point 3	161	517
	</ruler.points>
</shapes>

