<shapes type=list>
	<ruler.interval type=vector names=FALSE length=1 as.numeric=TRUE >10</ruler.interval>
	<scaling.units type=vector names=FALSE length=1 as.numeric=FALSE >mm</scaling.units>
	<scaling type=vector names=FALSE length=1 as.numeric=TRUE >0.317542708452687</scaling>
	<landmarks.pixel type=matrix rownames=TRUE colnames=FALSE nrow=4 ncol=2 as.numeric=TRUE >
		Point_Tip	542	116
		Left_Tang_Center	496	209
		Base_Center	542	238
		Right_Tang_Center	588	211
	</landmarks.pixel>
	<landmarks.scaled type=matrix rownames=TRUE colnames=FALSE nrow=4 ncol=2 as.numeric=TRUE >
		Point_Tip	172.108147981356	-36.8349541805117
		Left_Tang_Center	157.501183392533	-66.3664260666116
		Base_Center	172.108147981356	-75.5751646117395
		Right_Tang_Center	186.71511257018	-67.001511483517
	</landmarks.scaled>
	<curves.control type=list>
		<Left_Side type=matrix rownames=FALSE colnames=FALSE nrow=29 ncol=2 as.numeric=TRUE >
			542	116
			540	118
			537	120
			536	123
			536	127
			533	128
			533	130
			534	133
			531	135
			527	138
			527	140
			529	148
			521	150
			521	156
			516	157
			514	160
			514	164
			513	166
			507	169
			507	173
			505	178
			504	180
			503	183
			503	188
			501	193
			498	197
			496	202
			494	205
			496	209
		</Left_Side>
		<Left_Wing type=matrix rownames=FALSE colnames=FALSE nrow=21 ncol=2 as.numeric=TRUE >
			496	209
			497	211
			499	210
			504	211
			511	204
			515	204
			519	200
			522	196
			527	199
			529	202
			528	206
			529	208
			529	214
			530	217
			531	222
			534	229
			536	233
			538	235
			539	238
			540	238
			542	238
		</Left_Wing>
		<Right_Wing type=matrix rownames=FALSE colnames=FALSE nrow=21 ncol=2 as.numeric=TRUE >
			542	238
			545	235
			548	235
			550	233
			550	231
			551	228
			553	226
			552	221
			555	220
			555	215
			555	212
			559	206
			557	202
			557	195
			564	196
			569	199
			570	203
			572	205
			577	209
			582	213
			588	211
		</Right_Wing>
		<Right_Side type=matrix rownames=FALSE colnames=FALSE nrow=29 ncol=2 as.numeric=TRUE >
			588	211
			590	198
			586	184
			584	184
			584	182
			584	179
			583	175
			577	172
			578	167
			575	165
			575	161
			572	161
			573	158
			570	157
			570	154
			569	151
			566	149
			565	144
			562	144
			561	141
			560	138
			556	134
			551	129
			552	126
			549	125
			548	122
			547	119
			545	116
			542	116
		</Right_Side>
	</curves.control>
	<curves.pixel type=list>
		<Left_Side type=matrix rownames=FALSE colnames=FALSE nrow=113 ncol=2 as.numeric=TRUE >
			542	116
			541	116
			541	117
			540	117
			540	118
			539	118
			538	119
			537	120
			537	121
			536	122
			536	123
			536	124
			536	125
			536	126
			536	127
			535	127
			534	128
			533	129
			533	130
			533	131
			533	132
			533	133
			532	134
			531	135
			530	136
			529	137
			528	138
			527	139
			527	140
			527	141
			527	142
			527	143
			527	144
			527	145
			527	146
			526	147
			526	148
			525	148
			524	149
			523	149
			522	150
			521	150
			521	151
			521	152
			521	153
			520	153
			520	154
			520	155
			519	155
			519	156
			518	156
			517	157
			516	157
			515	158
			515	159
			515	160
			514	161
			514	162
			514	163
			514	164
			513	165
			513	166
			512	166
			511	167
			510	167
			509	168
			508	169
			507	169
			507	170
			507	171
			507	172
			507	173
			506	174
			506	175
			506	176
			505	177
			505	178
			505	179
			504	179
			504	180
			504	181
			503	182
			503	183
			503	184
			503	185
			503	186
			503	187
			503	188
			502	188
			502	189
			502	190
			502	191
			502	192
			501	192
			501	193
			500	194
			500	195
			499	196
			498	197
			498	198
			498	199
			497	199
			497	200
			496	201
			496	202
			496	203
			495	203
			495	204
			495	205
			495	206
			495	207
			496	208
			496	209
		</Left_Side>
		<Left_Wing type=matrix rownames=FALSE colnames=FALSE nrow=77 ncol=2 as.numeric=TRUE >
			496	209
			497	210
			498	210
			499	210
			500	210
			501	210
			502	210
			503	210
			504	209
			505	209
			506	208
			507	208
			508	207
			509	206
			510	205
			511	204
			512	204
			513	204
			514	203
			515	203
			516	202
			517	202
			518	201
			519	200
			520	199
			521	198
			522	198
			523	198
			524	198
			525	198
			526	198
			527	199
			528	200
			528	201
			528	202
			528	203
			528	204
			528	205
			528	206
			528	207
			529	208
			529	209
			529	210
			529	211
			529	212
			529	213
			529	214
			529	215
			530	216
			530	217
			530	218
			530	219
			531	220
			531	221
			531	222
			532	223
			532	224
			532	225
			533	226
			533	227
			533	228
			534	228
			534	229
			534	230
			535	230
			535	231
			535	232
			536	232
			536	233
			537	234
			537	235
			538	236
			539	237
			539	238
			540	238
			541	238
			542	238
		</Left_Wing>
		<Right_Wing type=matrix rownames=FALSE colnames=FALSE nrow=79 ncol=2 as.numeric=TRUE >
			542	238
			543	237
			544	236
			545	236
			546	235
			547	235
			548	235
			549	234
			549	233
			550	232
			550	231
			551	230
			551	229
			551	228
			552	227
			553	226
			553	225
			553	224
			553	223
			553	222
			553	221
			554	220
			555	219
			555	218
			555	217
			555	216
			555	215
			555	214
			555	213
			555	212
			555	211
			556	210
			557	209
			557	208
			557	207
			558	206
			558	205
			558	204
			557	203
			557	202
			557	201
			557	200
			557	199
			558	198
			558	197
			559	197
			560	196
			561	196
			562	196
			563	196
			564	196
			565	197
			566	197
			567	198
			568	199
			569	200
			569	201
			570	202
			570	203
			571	204
			572	205
			573	206
			574	207
			575	207
			576	208
			577	209
			578	209
			579	210
			579	211
			580	211
			581	211
			582	212
			583	212
			584	212
			585	212
			586	212
			586	211
			587	211
			588	211
		</Right_Wing>
		<Right_Side type=matrix rownames=FALSE colnames=FALSE nrow=103 ncol=2 as.numeric=TRUE >
			588	211
			588	210
			588	209
			588	208
			588	207
			589	206
			589	205
			589	204
			589	203
			589	202
			589	201
			589	200
			589	199
			589	198
			588	198
			588	197
			588	196
			588	195
			588	194
			588	193
			588	192
			588	191
			587	190
			587	189
			587	188
			587	187
			587	186
			586	185
			586	184
			585	184
			584	183
			584	182
			584	181
			584	180
			584	179
			584	178
			583	177
			583	176
			583	175
			582	174
			581	174
			580	173
			579	172
			578	171
			578	170
			578	169
			578	168
			578	167
			577	166
			576	165
			576	164
			575	163
			575	162
			574	161
			573	160
			573	159
			572	158
			571	157
			571	156
			570	155
			570	154
			569	153
			569	152
			568	151
			568	150
			567	150
			566	149
			566	148
			565	147
			565	146
			564	145
			563	144
			562	144
			562	143
			561	142
			561	141
			561	140
			560	139
			560	138
			559	137
			558	136
			557	135
			556	134
			555	133
			554	132
			553	131
			552	130
			551	129
			551	128
			551	127
			550	126
			549	125
			549	124
			548	123
			548	122
			548	121
			547	120
			547	119
			546	118
			545	117
			544	116
			543	116
			542	116
		</Right_Side>
	</curves.pixel>
	<curves.scaled type=list>
		<Left_Side type=matrix rownames=FALSE colnames=FALSE nrow=113 ncol=2 as.numeric=TRUE >
			172.108147981356	-36.8349541805117
			171.790605272904	-36.8349541805117
			171.790605272904	-37.1524968889644
			171.473062564451	-37.1524968889644
			171.473062564451	-37.4700395974171
			171.155519855998	-37.4700395974171
			170.837977147546	-37.7875823058698
			170.520434439093	-38.1051250143224
			170.520434439093	-38.4226677227751
			170.20289173064	-38.7402104312278
			170.20289173064	-39.0577531396805
			170.20289173064	-39.3752958481332
			170.20289173064	-39.6928385565859
			170.20289173064	-40.0103812650386
			170.20289173064	-40.3279239734913
			169.885349022188	-40.3279239734913
			169.567806313735	-40.6454666819439
			169.250263605282	-40.9630093903966
			169.250263605282	-41.2805520988493
			169.250263605282	-41.598094807302
			169.250263605282	-41.9156375157547
			169.250263605282	-42.2331802242074
			168.93272089683	-42.5507229326601
			168.615178188377	-42.8682656411128
			168.297635479924	-43.1858083495654
			167.980092771471	-43.5033510580181
			167.662550063019	-43.8208937664708
			167.345007354566	-44.1384364749235
			167.345007354566	-44.4559791833762
			167.345007354566	-44.7735218918289
			167.345007354566	-45.0910646002816
			167.345007354566	-45.4086073087342
			167.345007354566	-45.7261500171869
			167.345007354566	-46.0436927256396
			167.345007354566	-46.3612354340923
			167.027464646113	-46.678778142545
			167.027464646113	-46.9963208509977
			166.709921937661	-46.9963208509977
			166.392379229208	-47.3138635594504
			166.074836520755	-47.3138635594504
			165.757293812303	-47.6314062679031
			165.43975110385	-47.6314062679031
			165.43975110385	-47.9489489763557
			165.43975110385	-48.2664916848084
			165.43975110385	-48.5840343932611
			165.122208395397	-48.5840343932611
			165.122208395397	-48.9015771017138
			165.122208395397	-49.2191198101665
			164.804665686945	-49.2191198101665
			164.804665686945	-49.5366625186192
			164.487122978492	-49.5366625186192
			164.169580270039	-49.8542052270719
			163.852037561587	-49.8542052270719
			163.534494853134	-50.1717479355246
			163.534494853134	-50.4892906439772
			163.534494853134	-50.8068333524299
			163.216952144681	-51.1243760608826
			163.216952144681	-51.4419187693353
			163.216952144681	-51.759461477788
			163.216952144681	-52.0770041862407
			162.899409436228	-52.3945468946934
			162.899409436228	-52.7120896031461
			162.581866727776	-52.7120896031461
			162.264324019323	-53.0296323115987
			161.94678131087	-53.0296323115987
			161.629238602418	-53.3471750200514
			161.311695893965	-53.6647177285041
			160.994153185512	-53.6647177285041
			160.994153185512	-53.9822604369568
			160.994153185512	-54.2998031454095
			160.994153185512	-54.6173458538622
			160.994153185512	-54.9348885623149
			160.67661047706	-55.2524312707676
			160.67661047706	-55.5699739792202
			160.67661047706	-55.8875166876729
			160.359067768607	-56.2050593961256
			160.359067768607	-56.5226021045783
			160.359067768607	-56.840144813031
			160.041525060154	-56.840144813031
			160.041525060154	-57.1576875214837
			160.041525060154	-57.4752302299364
			159.723982351702	-57.792772938389
			159.723982351702	-58.1103156468417
			159.723982351702	-58.4278583552944
			159.723982351702	-58.7454010637471
			159.723982351702	-59.0629437721998
			159.723982351702	-59.3804864806525
			159.723982351702	-59.6980291891052
			159.406439643249	-59.6980291891052
			159.406439643249	-60.0155718975579
			159.406439643249	-60.3331146060105
			159.406439643249	-60.6506573144632
			159.406439643249	-60.9682000229159
			159.088896934796	-60.9682000229159
			159.088896934796	-61.2857427313686
			158.771354226344	-61.6032854398213
			158.771354226344	-61.920828148274
			158.453811517891	-62.2383708567267
			158.136268809438	-62.5559135651794
			158.136268809438	-62.873456273632
			158.136268809438	-63.1909989820847
			157.818726100985	-63.1909989820847
			157.818726100985	-63.5085416905374
			157.501183392533	-63.8260843989901
			157.501183392533	-64.1436271074428
			157.501183392533	-64.4611698158955
			157.18364068408	-64.4611698158955
			157.18364068408	-64.7787125243482
			157.18364068408	-65.0962552328008
			157.18364068408	-65.4137979412535
			157.18364068408	-65.7313406497062
			157.501183392533	-66.0488833581589
			157.501183392533	-66.3664260666116
		</Left_Side>
		<Left_Wing type=matrix rownames=FALSE colnames=FALSE nrow=77 ncol=2 as.numeric=TRUE >
			157.501183392533	-66.3664260666116
			157.818726100985	-66.6839687750643
			158.136268809438	-66.6839687750643
			158.453811517891	-66.6839687750643
			158.771354226344	-66.6839687750643
			159.088896934796	-66.6839687750643
			159.406439643249	-66.6839687750643
			159.723982351702	-66.6839687750643
			160.041525060154	-66.3664260666116
			160.359067768607	-66.3664260666116
			160.67661047706	-66.0488833581589
			160.994153185512	-66.0488833581589
			161.311695893965	-65.7313406497062
			161.629238602418	-65.4137979412535
			161.94678131087	-65.0962552328008
			162.264324019323	-64.7787125243482
			162.581866727776	-64.7787125243482
			162.899409436228	-64.7787125243482
			163.216952144681	-64.4611698158955
			163.534494853134	-64.4611698158955
			163.852037561587	-64.1436271074428
			164.169580270039	-64.1436271074428
			164.487122978492	-63.8260843989901
			164.804665686945	-63.5085416905374
			165.122208395397	-63.1909989820847
			165.43975110385	-62.873456273632
			165.757293812303	-62.873456273632
			166.074836520755	-62.873456273632
			166.392379229208	-62.873456273632
			166.709921937661	-62.873456273632
			167.027464646113	-62.873456273632
			167.345007354566	-63.1909989820847
			167.662550063019	-63.5085416905374
			167.662550063019	-63.8260843989901
			167.662550063019	-64.1436271074428
			167.662550063019	-64.4611698158955
			167.662550063019	-64.7787125243482
			167.662550063019	-65.0962552328008
			167.662550063019	-65.4137979412535
			167.662550063019	-65.7313406497062
			167.980092771471	-66.0488833581589
			167.980092771471	-66.3664260666116
			167.980092771471	-66.6839687750643
			167.980092771471	-67.001511483517
			167.980092771471	-67.3190541919697
			167.980092771471	-67.6365969004223
			167.980092771471	-67.954139608875
			167.980092771471	-68.2716823173277
			168.297635479924	-68.5892250257804
			168.297635479924	-68.9067677342331
			168.297635479924	-69.2243104426858
			168.297635479924	-69.5418531511385
			168.615178188377	-69.8593958595912
			168.615178188377	-70.1769385680438
			168.615178188377	-70.4944812764965
			168.93272089683	-70.8120239849492
			168.93272089683	-71.1295666934019
			168.93272089683	-71.4471094018546
			169.250263605282	-71.7646521103073
			169.250263605282	-72.08219481876
			169.250263605282	-72.3997375272127
			169.567806313735	-72.3997375272127
			169.567806313735	-72.7172802356653
			169.567806313735	-73.034822944118
			169.885349022188	-73.034822944118
			169.885349022188	-73.3523656525707
			169.885349022188	-73.6699083610234
			170.20289173064	-73.6699083610234
			170.20289173064	-73.9874510694761
			170.520434439093	-74.3049937779288
			170.520434439093	-74.6225364863815
			170.837977147546	-74.9400791948341
			171.155519855998	-75.2576219032868
			171.155519855998	-75.5751646117395
			171.473062564451	-75.5751646117395
			171.790605272904	-75.5751646117395
			172.108147981356	-75.5751646117395
		</Left_Wing>
		<Right_Wing type=matrix rownames=FALSE colnames=FALSE nrow=79 ncol=2 as.numeric=TRUE >
			172.108147981356	-75.5751646117395
			172.425690689809	-75.2576219032868
			172.743233398262	-74.9400791948341
			173.060776106714	-74.9400791948341
			173.378318815167	-74.6225364863815
			173.69586152362	-74.6225364863815
			174.013404232073	-74.6225364863815
			174.330946940525	-74.3049937779288
			174.330946940525	-73.9874510694761
			174.648489648978	-73.6699083610234
			174.648489648978	-73.3523656525707
			174.966032357431	-73.034822944118
			174.966032357431	-72.7172802356653
			174.966032357431	-72.3997375272127
			175.283575065883	-72.08219481876
			175.601117774336	-71.7646521103073
			175.601117774336	-71.4471094018546
			175.601117774336	-71.1295666934019
			175.601117774336	-70.8120239849492
			175.601117774336	-70.4944812764965
			175.601117774336	-70.1769385680438
			175.918660482789	-69.8593958595912
			176.236203191241	-69.5418531511385
			176.236203191241	-69.2243104426858
			176.236203191241	-68.9067677342331
			176.236203191241	-68.5892250257804
			176.236203191241	-68.2716823173277
			176.236203191241	-67.954139608875
			176.236203191241	-67.6365969004223
			176.236203191241	-67.3190541919697
			176.236203191241	-67.001511483517
			176.553745899694	-66.6839687750643
			176.871288608147	-66.3664260666116
			176.871288608147	-66.0488833581589
			176.871288608147	-65.7313406497062
			177.188831316599	-65.4137979412535
			177.188831316599	-65.0962552328008
			177.188831316599	-64.7787125243482
			176.871288608147	-64.4611698158955
			176.871288608147	-64.1436271074428
			176.871288608147	-63.8260843989901
			176.871288608147	-63.5085416905374
			176.871288608147	-63.1909989820847
			177.188831316599	-62.873456273632
			177.188831316599	-62.5559135651794
			177.506374025052	-62.5559135651794
			177.823916733505	-62.2383708567267
			178.141459441957	-62.2383708567267
			178.45900215041	-62.2383708567267
			178.776544858863	-62.2383708567267
			179.094087567316	-62.2383708567267
			179.411630275768	-62.5559135651794
			179.729172984221	-62.5559135651794
			180.046715692674	-62.873456273632
			180.364258401126	-63.1909989820847
			180.681801109579	-63.5085416905374
			180.681801109579	-63.8260843989901
			180.999343818032	-64.1436271074428
			180.999343818032	-64.4611698158955
			181.316886526484	-64.7787125243482
			181.634429234937	-65.0962552328008
			181.95197194339	-65.4137979412535
			182.269514651842	-65.7313406497062
			182.587057360295	-65.7313406497062
			182.904600068748	-66.0488833581589
			183.2221427772	-66.3664260666116
			183.539685485653	-66.3664260666116
			183.857228194106	-66.6839687750643
			183.857228194106	-67.001511483517
			184.174770902558	-67.001511483517
			184.492313611011	-67.001511483517
			184.809856319464	-67.3190541919697
			185.127399027917	-67.3190541919697
			185.444941736369	-67.3190541919697
			185.762484444822	-67.3190541919697
			186.080027153275	-67.3190541919697
			186.080027153275	-67.001511483517
			186.397569861727	-67.001511483517
			186.71511257018	-67.001511483517
		</Right_Wing>
		<Right_Side type=matrix rownames=FALSE colnames=FALSE nrow=103 ncol=2 as.numeric=TRUE >
			186.71511257018	-67.001511483517
			186.71511257018	-66.6839687750643
			186.71511257018	-66.3664260666116
			186.71511257018	-66.0488833581589
			186.71511257018	-65.7313406497062
			187.032655278633	-65.4137979412535
			187.032655278633	-65.0962552328008
			187.032655278633	-64.7787125243482
			187.032655278633	-64.4611698158955
			187.032655278633	-64.1436271074428
			187.032655278633	-63.8260843989901
			187.032655278633	-63.5085416905374
			187.032655278633	-63.1909989820847
			187.032655278633	-62.873456273632
			186.71511257018	-62.873456273632
			186.71511257018	-62.5559135651794
			186.71511257018	-62.2383708567267
			186.71511257018	-61.920828148274
			186.71511257018	-61.6032854398213
			186.71511257018	-61.2857427313686
			186.71511257018	-60.9682000229159
			186.71511257018	-60.6506573144632
			186.397569861727	-60.3331146060105
			186.397569861727	-60.0155718975579
			186.397569861727	-59.6980291891052
			186.397569861727	-59.3804864806525
			186.397569861727	-59.0629437721998
			186.080027153275	-58.7454010637471
			186.080027153275	-58.4278583552944
			185.762484444822	-58.4278583552944
			185.444941736369	-58.1103156468417
			185.444941736369	-57.792772938389
			185.444941736369	-57.4752302299364
			185.444941736369	-57.1576875214837
			185.444941736369	-56.840144813031
			185.444941736369	-56.5226021045783
			185.127399027917	-56.2050593961256
			185.127399027917	-55.8875166876729
			185.127399027917	-55.5699739792202
			184.809856319464	-55.2524312707676
			184.492313611011	-55.2524312707676
			184.174770902558	-54.9348885623149
			183.857228194106	-54.6173458538622
			183.539685485653	-54.2998031454095
			183.539685485653	-53.9822604369568
			183.539685485653	-53.6647177285041
			183.539685485653	-53.3471750200514
			183.539685485653	-53.0296323115987
			183.2221427772	-52.7120896031461
			182.904600068748	-52.3945468946934
			182.904600068748	-52.0770041862407
			182.587057360295	-51.759461477788
			182.587057360295	-51.4419187693353
			182.269514651842	-51.1243760608826
			181.95197194339	-50.8068333524299
			181.95197194339	-50.4892906439772
			181.634429234937	-50.1717479355246
			181.316886526484	-49.8542052270719
			181.316886526484	-49.5366625186192
			180.999343818032	-49.2191198101665
			180.999343818032	-48.9015771017138
			180.681801109579	-48.5840343932611
			180.681801109579	-48.2664916848084
			180.364258401126	-47.9489489763557
			180.364258401126	-47.6314062679031
			180.046715692674	-47.6314062679031
			179.729172984221	-47.3138635594504
			179.729172984221	-46.9963208509977
			179.411630275768	-46.678778142545
			179.411630275768	-46.3612354340923
			179.094087567316	-46.0436927256396
			178.776544858863	-45.7261500171869
			178.45900215041	-45.7261500171869
			178.45900215041	-45.4086073087342
			178.141459441957	-45.0910646002816
			178.141459441957	-44.7735218918289
			178.141459441957	-44.4559791833762
			177.823916733505	-44.1384364749235
			177.823916733505	-43.8208937664708
			177.506374025052	-43.5033510580181
			177.188831316599	-43.1858083495654
			176.871288608147	-42.8682656411128
			176.553745899694	-42.5507229326601
			176.236203191241	-42.2331802242074
			175.918660482789	-41.9156375157547
			175.601117774336	-41.598094807302
			175.283575065883	-41.2805520988493
			174.966032357431	-40.9630093903966
			174.966032357431	-40.6454666819439
			174.966032357431	-40.3279239734913
			174.648489648978	-40.0103812650386
			174.330946940525	-39.6928385565859
			174.330946940525	-39.3752958481332
			174.013404232073	-39.0577531396805
			174.013404232073	-38.7402104312278
			174.013404232073	-38.4226677227751
			173.69586152362	-38.1051250143224
			173.69586152362	-37.7875823058698
			173.378318815167	-37.4700395974171
			173.060776106714	-37.1524968889644
			172.743233398262	-36.8349541805117
			172.425690689809	-36.8349541805117
			172.108147981356	-36.8349541805117
		</Right_Side>
	</curves.scaled>
	<ruler.points type=matrix rownames=TRUE colnames=FALSE nrow=3 ncol=2 as.numeric=TRUE >
		Ruler point 1	365	477
		Ruler point 2	397	477
		Ruler point 3	428	477
	</ruler.points>
</shapes>

