<shapes type=list>
	<ruler.pixel type=vector names=FALSE length=1 as.numeric=TRUE >31</ruler.pixel>
	<ruler.interval type=vector names=FALSE length=1 as.numeric=TRUE >10</ruler.interval>
	<scaling.units type=vector names=FALSE length=1 as.numeric=FALSE >mm</scaling.units>
	<scaling type=vector names=FALSE length=1 as.numeric=TRUE >0.32258064516129</scaling>
	<landmarks.pixel type=matrix rownames=TRUE colnames=FALSE nrow=4 ncol=2 as.numeric=TRUE >
		Point_Tip	401	204
		Left_Tang_Center	366	265
		Base_Center	394	286
		Right_Tang_Center	422	263
	</landmarks.pixel>
	<landmarks.scaled type=matrix rownames=TRUE colnames=FALSE nrow=4 ncol=2 as.numeric=TRUE >
		Point_Tip	129.354838709677	-65.8064516129032
		Left_Tang_Center	118.064516129032	-85.4838709677419
		Base_Center	127.096774193548	-92.258064516129
		Right_Tang_Center	136.129032258065	-84.8387096774194
	</landmarks.scaled>
	<curves.control type=list>
		<Left_Side type=matrix rownames=FALSE colnames=FALSE nrow=25 ncol=2 as.numeric=TRUE >
			401	204
			399	205
			399	208
			398	209
			397	210
			397	213
			394	213
			393	215
			393	218
			389	222
			389	226
			387	232
			383	233
			383	237
			381	239
			380	246
			379	249
			378	250
			376	250
			373	256
			370	258
			369	262
			366	263
			365	264
			366	265
		</Left_Side>
		<Left_Wing type=matrix rownames=FALSE colnames=FALSE nrow=13 ncol=2 as.numeric=TRUE >
			366	265
			368	268
			372	268
			375	269
			379	269
			383	271
			386	273
			386	276
			388	279
			390	281
			391	285
			392	286
			394	286
		</Left_Wing>
		<Right_Wing type=matrix rownames=FALSE colnames=FALSE nrow=9 ncol=2 as.numeric=TRUE >
			394	286
			397	286
			399	286
			401	283
			405	281
			403	272
			415	266
			421	265
			422	263
		</Right_Wing>
		<Right_Side type=matrix rownames=FALSE colnames=FALSE nrow=17 ncol=2 as.numeric=TRUE >
			422	263
			423	260
			421	258
			419	256
			419	249
			415	247
			416	242
			413	242
			414	236
			409	235
			410	230
			410	226
			409	222
			406	219
			405	212
			405	207
			401	204
		</Right_Side>
	</curves.control>
	<curves.pixel type=list>
		<Left_Side type=matrix rownames=FALSE colnames=FALSE nrow=68 ncol=2 as.numeric=TRUE >
			401	204
			400	204
			400	205
			399	206
			399	207
			399	208
			398	209
			397	210
			397	211
			396	212
			395	213
			394	213
			394	214
			393	215
			393	216
			393	217
			393	218
			392	219
			391	220
			391	221
			390	222
			389	223
			389	224
			389	225
			389	226
			389	227
			388	228
			388	229
			387	230
			386	231
			385	232
			384	233
			383	233
			383	234
			383	235
			383	236
			382	237
			382	238
			381	239
			381	240
			381	241
			381	242
			380	243
			380	244
			380	245
			380	246
			380	247
			379	248
			379	249
			378	250
			377	250
			376	250
			375	251
			375	252
			374	253
			374	254
			373	255
			372	256
			372	257
			371	257
			370	258
			370	259
			369	260
			368	261
			367	262
			366	263
			366	264
			366	265
		</Left_Side>
		<Left_Wing type=matrix rownames=FALSE colnames=FALSE nrow=38 ncol=2 as.numeric=TRUE >
			366	265
			367	266
			367	267
			368	267
			369	268
			370	268
			371	268
			372	268
			373	268
			374	269
			375	269
			376	269
			377	269
			378	269
			379	269
			380	270
			381	270
			382	271
			383	271
			384	272
			385	272
			386	273
			386	274
			386	275
			387	276
			387	277
			387	278
			388	279
			389	280
			389	281
			390	281
			390	282
			390	283
			391	284
			391	285
			392	286
			393	286
			394	286
		</Left_Wing>
		<Right_Wing type=matrix rownames=FALSE colnames=FALSE nrow=38 ncol=2 as.numeric=TRUE >
			394	286
			395	286
			396	286
			397	286
			398	286
			399	286
			399	285
			400	284
			401	283
			402	283
			403	282
			404	282
			405	281
			405	280
			405	279
			405	278
			405	277
			405	276
			406	275
			406	274
			406	273
			407	272
			407	271
			408	271
			409	270
			410	269
			411	269
			412	268
			413	267
			414	267
			415	266
			416	266
			417	266
			418	265
			419	265
			420	265
			421	264
			422	263
		</Right_Wing>
		<Right_Side type=matrix rownames=FALSE colnames=FALSE nrow=69 ncol=2 as.numeric=TRUE >
			422	263
			422	262
			422	261
			422	260
			422	259
			421	258
			420	257
			420	256
			419	255
			419	254
			419	253
			419	252
			419	251
			419	250
			419	249
			418	249
			418	248
			417	248
			417	247
			416	247
			416	246
			416	245
			416	244
			416	243
			416	242
			415	242
			415	241
			414	240
			414	239
			414	238
			414	237
			414	236
			413	236
			412	235
			411	235
			410	234
			410	233
			410	232
			410	231
			410	230
			410	229
			410	228
			410	227
			410	226
			410	225
			410	224
			409	224
			409	223
			409	222
			408	221
			408	220
			407	220
			407	219
			406	218
			406	217
			406	216
			406	215
			405	215
			405	214
			405	213
			405	212
			405	211
			405	210
			405	209
			404	208
			404	207
			403	206
			402	205
			401	204
		</Right_Side>
	</curves.pixel>
	<curves.scaled type=list>
		<Left_Side type=matrix rownames=FALSE colnames=FALSE nrow=68 ncol=2 as.numeric=TRUE >
			129.354838709677	-65.8064516129032
			129.032258064516	-65.8064516129032
			129.032258064516	-66.1290322580645
			128.709677419355	-66.4516129032258
			128.709677419355	-66.7741935483871
			128.709677419355	-67.0967741935484
			128.387096774194	-67.4193548387097
			128.064516129032	-67.741935483871
			128.064516129032	-68.0645161290323
			127.741935483871	-68.3870967741936
			127.41935483871	-68.7096774193548
			127.096774193548	-68.7096774193548
			127.096774193548	-69.0322580645161
			126.774193548387	-69.3548387096774
			126.774193548387	-69.6774193548387
			126.774193548387	-70
			126.774193548387	-70.3225806451613
			126.451612903226	-70.6451612903226
			126.129032258065	-70.9677419354839
			126.129032258065	-71.2903225806452
			125.806451612903	-71.6129032258064
			125.483870967742	-71.9354838709677
			125.483870967742	-72.258064516129
			125.483870967742	-72.5806451612903
			125.483870967742	-72.9032258064516
			125.483870967742	-73.2258064516129
			125.161290322581	-73.5483870967742
			125.161290322581	-73.8709677419355
			124.838709677419	-74.1935483870968
			124.516129032258	-74.5161290322581
			124.193548387097	-74.8387096774194
			123.870967741935	-75.1612903225806
			123.548387096774	-75.1612903225806
			123.548387096774	-75.4838709677419
			123.548387096774	-75.8064516129032
			123.548387096774	-76.1290322580645
			123.225806451613	-76.4516129032258
			123.225806451613	-76.7741935483871
			122.903225806452	-77.0967741935484
			122.903225806452	-77.4193548387097
			122.903225806452	-77.741935483871
			122.903225806452	-78.0645161290323
			122.58064516129	-78.3870967741936
			122.58064516129	-78.7096774193548
			122.58064516129	-79.0322580645161
			122.58064516129	-79.3548387096774
			122.58064516129	-79.6774193548387
			122.258064516129	-80
			122.258064516129	-80.3225806451613
			121.935483870968	-80.6451612903226
			121.612903225806	-80.6451612903226
			121.290322580645	-80.6451612903226
			120.967741935484	-80.9677419354839
			120.967741935484	-81.2903225806452
			120.645161290323	-81.6129032258064
			120.645161290323	-81.9354838709677
			120.322580645161	-82.258064516129
			120	-82.5806451612903
			120	-82.9032258064516
			119.677419354839	-82.9032258064516
			119.354838709677	-83.2258064516129
			119.354838709677	-83.5483870967742
			119.032258064516	-83.8709677419355
			118.709677419355	-84.1935483870968
			118.387096774194	-84.5161290322581
			118.064516129032	-84.8387096774194
			118.064516129032	-85.1612903225806
			118.064516129032	-85.4838709677419
		</Left_Side>
		<Left_Wing type=matrix rownames=FALSE colnames=FALSE nrow=38 ncol=2 as.numeric=TRUE >
			118.064516129032	-85.4838709677419
			118.387096774194	-85.8064516129032
			118.387096774194	-86.1290322580645
			118.709677419355	-86.1290322580645
			119.032258064516	-86.4516129032258
			119.354838709677	-86.4516129032258
			119.677419354839	-86.4516129032258
			120	-86.4516129032258
			120.322580645161	-86.4516129032258
			120.645161290323	-86.7741935483871
			120.967741935484	-86.7741935483871
			121.290322580645	-86.7741935483871
			121.612903225806	-86.7741935483871
			121.935483870968	-86.7741935483871
			122.258064516129	-86.7741935483871
			122.58064516129	-87.0967741935484
			122.903225806452	-87.0967741935484
			123.225806451613	-87.4193548387097
			123.548387096774	-87.4193548387097
			123.870967741935	-87.741935483871
			124.193548387097	-87.741935483871
			124.516129032258	-88.0645161290323
			124.516129032258	-88.3870967741936
			124.516129032258	-88.7096774193548
			124.838709677419	-89.0322580645161
			124.838709677419	-89.3548387096774
			124.838709677419	-89.6774193548387
			125.161290322581	-90
			125.483870967742	-90.3225806451613
			125.483870967742	-90.6451612903226
			125.806451612903	-90.6451612903226
			125.806451612903	-90.9677419354839
			125.806451612903	-91.2903225806452
			126.129032258065	-91.6129032258064
			126.129032258065	-91.9354838709677
			126.451612903226	-92.258064516129
			126.774193548387	-92.258064516129
			127.096774193548	-92.258064516129
		</Left_Wing>
		<Right_Wing type=matrix rownames=FALSE colnames=FALSE nrow=38 ncol=2 as.numeric=TRUE >
			127.096774193548	-92.258064516129
			127.41935483871	-92.258064516129
			127.741935483871	-92.258064516129
			128.064516129032	-92.258064516129
			128.387096774194	-92.258064516129
			128.709677419355	-92.258064516129
			128.709677419355	-91.9354838709677
			129.032258064516	-91.6129032258064
			129.354838709677	-91.2903225806452
			129.677419354839	-91.2903225806452
			130	-90.9677419354839
			130.322580645161	-90.9677419354839
			130.645161290323	-90.6451612903226
			130.645161290323	-90.3225806451613
			130.645161290323	-90
			130.645161290323	-89.6774193548387
			130.645161290323	-89.3548387096774
			130.645161290323	-89.0322580645161
			130.967741935484	-88.7096774193548
			130.967741935484	-88.3870967741936
			130.967741935484	-88.0645161290323
			131.290322580645	-87.741935483871
			131.290322580645	-87.4193548387097
			131.612903225806	-87.4193548387097
			131.935483870968	-87.0967741935484
			132.258064516129	-86.7741935483871
			132.58064516129	-86.7741935483871
			132.903225806452	-86.4516129032258
			133.225806451613	-86.1290322580645
			133.548387096774	-86.1290322580645
			133.870967741935	-85.8064516129032
			134.193548387097	-85.8064516129032
			134.516129032258	-85.8064516129032
			134.838709677419	-85.4838709677419
			135.161290322581	-85.4838709677419
			135.483870967742	-85.4838709677419
			135.806451612903	-85.1612903225806
			136.129032258065	-84.8387096774194
		</Right_Wing>
		<Right_Side type=matrix rownames=FALSE colnames=FALSE nrow=69 ncol=2 as.numeric=TRUE >
			136.129032258065	-84.8387096774194
			136.129032258065	-84.5161290322581
			136.129032258065	-84.1935483870968
			136.129032258065	-83.8709677419355
			136.129032258065	-83.5483870967742
			135.806451612903	-83.2258064516129
			135.483870967742	-82.9032258064516
			135.483870967742	-82.5806451612903
			135.161290322581	-82.258064516129
			135.161290322581	-81.9354838709677
			135.161290322581	-81.6129032258064
			135.161290322581	-81.2903225806452
			135.161290322581	-80.9677419354839
			135.161290322581	-80.6451612903226
			135.161290322581	-80.3225806451613
			134.838709677419	-80.3225806451613
			134.838709677419	-80
			134.516129032258	-80
			134.516129032258	-79.6774193548387
			134.193548387097	-79.6774193548387
			134.193548387097	-79.3548387096774
			134.193548387097	-79.0322580645161
			134.193548387097	-78.7096774193548
			134.193548387097	-78.3870967741936
			134.193548387097	-78.0645161290323
			133.870967741935	-78.0645161290323
			133.870967741935	-77.741935483871
			133.548387096774	-77.4193548387097
			133.548387096774	-77.0967741935484
			133.548387096774	-76.7741935483871
			133.548387096774	-76.4516129032258
			133.548387096774	-76.1290322580645
			133.225806451613	-76.1290322580645
			132.903225806452	-75.8064516129032
			132.58064516129	-75.8064516129032
			132.258064516129	-75.4838709677419
			132.258064516129	-75.1612903225806
			132.258064516129	-74.8387096774194
			132.258064516129	-74.5161290322581
			132.258064516129	-74.1935483870968
			132.258064516129	-73.8709677419355
			132.258064516129	-73.5483870967742
			132.258064516129	-73.2258064516129
			132.258064516129	-72.9032258064516
			132.258064516129	-72.5806451612903
			132.258064516129	-72.258064516129
			131.935483870968	-72.258064516129
			131.935483870968	-71.9354838709677
			131.935483870968	-71.6129032258064
			131.612903225806	-71.2903225806452
			131.612903225806	-70.9677419354839
			131.290322580645	-70.9677419354839
			131.290322580645	-70.6451612903226
			130.967741935484	-70.3225806451613
			130.967741935484	-70
			130.967741935484	-69.6774193548387
			130.967741935484	-69.3548387096774
			130.645161290323	-69.3548387096774
			130.645161290323	-69.0322580645161
			130.645161290323	-68.7096774193548
			130.645161290323	-68.3870967741936
			130.645161290323	-68.0645161290323
			130.645161290323	-67.741935483871
			130.645161290323	-67.4193548387097
			130.322580645161	-67.0967741935484
			130.322580645161	-66.7741935483871
			130	-66.4516129032258
			129.677419354839	-66.1290322580645
			129.354838709677	-65.8064516129032
		</Right_Side>
	</curves.scaled>
	<ruler.points type=matrix rownames=TRUE colnames=FALSE nrow=5 ncol=2 as.numeric=TRUE >
		Ruler point 1	390	488
		Ruler point 2	421	488
		Ruler point 3	452	488
		Ruler point 4	483	488
		Ruler point 5	513	488
	</ruler.points>
</shapes>

