<shapes type=list>
	<ruler.pixel type=vector names=FALSE length=1 as.numeric=TRUE >27.0000260881718</ruler.pixel>
	<ruler.interval type=vector names=FALSE length=1 as.numeric=TRUE >10</ruler.interval>
	<scaling.units type=vector names=FALSE length=1 as.numeric=FALSE >mm</scaling.units>
	<scaling type=vector names=FALSE length=1 as.numeric=TRUE >0.370370012508277</scaling>
	<landmarks.pixel type=matrix rownames=TRUE colnames=FALSE nrow=4 ncol=2 as.numeric=TRUE >
		Point_Tip	234	77
		Left_Tang_Center	218	104
		Base_Center	233	116
		Right_Tang_Center	245	105
	</landmarks.pixel>
	<landmarks.scaled type=matrix rownames=TRUE colnames=FALSE nrow=4 ncol=2 as.numeric=TRUE >
		Point_Tip	86.6665829269368	-28.5184909631373
		Left_Tang_Center	80.7406627268044	-38.5184813008608
		Base_Center	86.2962129144286	-42.9629214509601
		Right_Tang_Center	90.7406530645279	-38.8888513133691
	</landmarks.scaled>
	<curves.control type=list>
		<Left_Side type=matrix rownames=FALSE colnames=FALSE nrow=7 ncol=2 as.numeric=TRUE >
			234	77
			228	81
			224	88
			222	93
			218	99
			217	102
			218	104
		</Left_Side>
		<Left_Wing type=matrix rownames=FALSE colnames=FALSE nrow=7 ncol=2 as.numeric=TRUE >
			218	104
			220	106
			225	105
			229	106
			229	112
			231	114
			233	116
		</Left_Wing>
		<Right_Wing type=matrix rownames=FALSE colnames=FALSE nrow=9 ncol=2 as.numeric=TRUE >
			233	116
			235	116
			236	115
			236	110
			237	108
			238	106
			240	105
			242	105
			245	105
		</Right_Wing>
		<Right_Side type=matrix rownames=FALSE colnames=FALSE nrow=5 ncol=2 as.numeric=TRUE >
			245	105
			245	99
			244	93
			242	86
			234	77
		</Right_Side>
	</curves.control>
	<curves.pixel type=list>
		<Left_Side type=matrix rownames=FALSE colnames=FALSE nrow=31 ncol=2 as.numeric=TRUE >
			234	77
			233	78
			232	79
			231	79
			230	80
			229	81
			228	82
			227	83
			226	84
			226	85
			225	86
			225	87
			224	87
			224	88
			224	89
			223	89
			223	90
			223	91
			222	92
			221	93
			221	94
			221	95
			220	96
			219	97
			219	98
			218	99
			218	100
			218	101
			218	102
			218	103
			218	104
		</Left_Side>
		<Left_Wing type=matrix rownames=FALSE colnames=FALSE nrow=21 ncol=2 as.numeric=TRUE >
			218	104
			219	104
			219	105
			220	105
			221	105
			222	105
			223	105
			224	105
			225	105
			226	105
			227	106
			228	107
			228	108
			229	109
			229	110
			229	111
			229	112
			230	113
			231	114
			232	115
			233	116
		</Left_Wing>
		<Right_Wing type=matrix rownames=FALSE colnames=FALSE nrow=22 ncol=2 as.numeric=TRUE >
			233	116
			234	116
			235	116
			236	115
			236	114
			236	113
			236	112
			236	111
			236	110
			237	109
			237	108
			237	107
			238	107
			238	106
			239	106
			239	105
			240	105
			241	105
			242	105
			243	105
			244	105
			245	105
		</Right_Wing>
		<Right_Side type=matrix rownames=FALSE colnames=FALSE nrow=30 ncol=2 as.numeric=TRUE >
			245	105
			245	104
			245	103
			245	102
			245	101
			245	100
			245	99
			245	98
			245	97
			244	96
			244	95
			244	94
			244	93
			244	92
			243	91
			243	90
			243	89
			242	88
			241	87
			241	86
			240	85
			239	84
			239	83
			238	82
			237	81
			237	80
			236	79
			235	78
			234	78
			234	77
		</Right_Side>
	</curves.pixel>
	<curves.scaled type=list>
		<Left_Side type=matrix rownames=FALSE colnames=FALSE nrow=31 ncol=2 as.numeric=TRUE >
			86.6665829269368	-28.5184909631373
			86.2962129144286	-28.8888609756456
			85.9258429019203	-29.2592309881539
			85.555472889412	-29.2592309881539
			85.1851028769037	-29.6296010006622
			84.8147328643955	-29.9999710131704
			84.4443628518872	-30.3703410256787
			84.0739928393789	-30.740711038187
			83.7036228268706	-31.1110810506953
			83.7036228268706	-31.4814510632036
			83.3332528143623	-31.8518210757118
			83.3332528143623	-32.2221910882201
			82.9628828018541	-32.2221910882201
			82.9628828018541	-32.5925611007284
			82.9628828018541	-32.9629311132367
			82.5925127893458	-32.9629311132367
			82.5925127893458	-33.3333011257449
			82.5925127893458	-33.7036711382532
			82.2221427768375	-34.0740411507615
			81.8517727643292	-34.4444111632698
			81.8517727643292	-34.814781175778
			81.8517727643292	-35.1851511882863
			81.481402751821	-35.5555212007946
			81.1110327393127	-35.9258912133029
			81.1110327393127	-36.2962612258112
			80.7406627268044	-36.6666312383194
			80.7406627268044	-37.0370012508277
			80.7406627268044	-37.407371263336
			80.7406627268044	-37.7777412758443
			80.7406627268044	-38.1481112883525
			80.7406627268044	-38.5184813008608
		</Left_Side>
		<Left_Wing type=matrix rownames=FALSE colnames=FALSE nrow=21 ncol=2 as.numeric=TRUE >
			80.7406627268044	-38.5184813008608
			81.1110327393127	-38.5184813008608
			81.1110327393127	-38.8888513133691
			81.481402751821	-38.8888513133691
			81.8517727643292	-38.8888513133691
			82.2221427768375	-38.8888513133691
			82.5925127893458	-38.8888513133691
			82.9628828018541	-38.8888513133691
			83.3332528143623	-38.8888513133691
			83.7036228268706	-38.8888513133691
			84.0739928393789	-39.2592213258774
			84.4443628518872	-39.6295913383856
			84.4443628518872	-39.9999613508939
			84.8147328643955	-40.3703313634022
			84.8147328643955	-40.7407013759105
			84.8147328643955	-41.1110713884188
			84.8147328643955	-41.481441400927
			85.1851028769037	-41.8518114134353
			85.555472889412	-42.2221814259436
			85.9258429019203	-42.5925514384519
			86.2962129144286	-42.9629214509601
		</Left_Wing>
		<Right_Wing type=matrix rownames=FALSE colnames=FALSE nrow=22 ncol=2 as.numeric=TRUE >
			86.2962129144286	-42.9629214509601
			86.6665829269368	-42.9629214509601
			87.0369529394451	-42.9629214509601
			87.4073229519534	-42.5925514384519
			87.4073229519534	-42.2221814259436
			87.4073229519534	-41.8518114134353
			87.4073229519534	-41.481441400927
			87.4073229519534	-41.1110713884188
			87.4073229519534	-40.7407013759105
			87.7776929644617	-40.3703313634022
			87.7776929644617	-39.9999613508939
			87.7776929644617	-39.6295913383856
			88.1480629769699	-39.6295913383856
			88.1480629769699	-39.2592213258774
			88.5184329894782	-39.2592213258774
			88.5184329894782	-38.8888513133691
			88.8888030019865	-38.8888513133691
			89.2591730144948	-38.8888513133691
			89.6295430270031	-38.8888513133691
			89.9999130395113	-38.8888513133691
			90.3702830520196	-38.8888513133691
			90.7406530645279	-38.8888513133691
		</Right_Wing>
		<Right_Side type=matrix rownames=FALSE colnames=FALSE nrow=30 ncol=2 as.numeric=TRUE >
			90.7406530645279	-38.8888513133691
			90.7406530645279	-38.5184813008608
			90.7406530645279	-38.1481112883525
			90.7406530645279	-37.7777412758443
			90.7406530645279	-37.407371263336
			90.7406530645279	-37.0370012508277
			90.7406530645279	-36.6666312383194
			90.7406530645279	-36.2962612258112
			90.7406530645279	-35.9258912133029
			90.3702830520196	-35.5555212007946
			90.3702830520196	-35.1851511882863
			90.3702830520196	-34.814781175778
			90.3702830520196	-34.4444111632698
			90.3702830520196	-34.0740411507615
			89.9999130395113	-33.7036711382532
			89.9999130395113	-33.3333011257449
			89.9999130395113	-32.9629311132367
			89.6295430270031	-32.5925611007284
			89.2591730144948	-32.2221910882201
			89.2591730144948	-31.8518210757118
			88.8888030019865	-31.4814510632036
			88.5184329894782	-31.1110810506953
			88.5184329894782	-30.740711038187
			88.1480629769699	-30.3703410256787
			87.7776929644617	-29.9999710131704
			87.7776929644617	-29.6296010006622
			87.4073229519534	-29.2592309881539
			87.0369529394451	-28.8888609756456
			86.6665829269368	-28.8888609756456
			86.6665829269368	-28.5184909631373
		</Right_Side>
	</curves.scaled>
	<ruler.points type=matrix rownames=TRUE colnames=FALSE nrow=6 ncol=2 as.numeric=TRUE >
		Ruler point 1	198	533
		Ruler point 2	224	534
		Ruler point 3	251	534
		Ruler point 4	279	534
		Ruler point 5	306	534
		Ruler point 6	333	534
	</ruler.points>
</shapes>

