<shapes type=list>
	<ruler.pixel type=vector names=FALSE length=1 as.numeric=TRUE >45.0017836199342</ruler.pixel>
	<ruler.interval type=vector names=FALSE length=1 as.numeric=TRUE >10</ruler.interval>
	<scaling.units type=vector names=FALSE length=1 as.numeric=FALSE >mm</scaling.units>
	<scaling type=vector names=FALSE length=1 as.numeric=TRUE >0.222213414571647</scaling>
	<landmarks.pixel type=matrix rownames=TRUE colnames=FALSE nrow=4 ncol=2 as.numeric=TRUE >
		Point_Tip	179	12
		Left_Tang_Center	133	142
		Base_Center	189	184
		Right_Tang_Center	244	135
	</landmarks.pixel>
	<landmarks.scaled type=matrix rownames=TRUE colnames=FALSE nrow=4 ncol=2 as.numeric=TRUE >
		Point_Tip	39.7762012083248	-2.66656097485976
		Left_Tang_Center	29.5543841380291	-31.5543048691739
		Base_Center	41.9983353540413	-40.887268281183
		Right_Tang_Center	54.2200731554819	-29.9988109671723
	</landmarks.scaled>
	<curves.control type=list>
		<Left_Side type=matrix rownames=FALSE colnames=FALSE nrow=49 ncol=2 as.numeric=TRUE >
			179	12
			177	12
			174	13
			174	16
			172	18
			173	22
			169	23
			170	27
			168	27
			167	29
			168	32
			166	36
			165	38
			165	41
			164	44
			163	47
			162	49
			162	51
			160	54
			160	56
			159	59
			158	61
			158	63
			156	65
			156	68
			153	79
			152	81
			152	83
			150	84
			151	87
			149	88
			149	91
			148	94
			147	95
			146	96
			146	101
			141	109
			142	112
			140	113
			140	117
			139	118
			139	120
			137	122
			137	125
			135	127
			134	131
			132	138
			132	140
			133	142
		</Left_Side>
		<Left_Wing type=matrix rownames=FALSE colnames=FALSE nrow=21 ncol=2 as.numeric=TRUE >
			133	142
			137	144
			149	135
			159	127
			162	124
			163	120
			165	120
			167	116
			169	116
			170	118
			170	121
			172	125
			172	134
			171	136
			177	154
			178	156
			178	161
			180	165
			185	179
			186	185
			189	184
		</Left_Wing>
		<Right_Wing type=matrix rownames=FALSE colnames=FALSE nrow=23 ncol=2 as.numeric=TRUE >
			189	184
			193	185
			193	181
			196	176
			197	170
			197	165
			198	163
			198	152
			201	139
			202	131
			201	127
			202	124
			200	120
			199	114
			201	113
			202	109
			204	112
			206	112
			214	120
			223	128
			231	133
			240	138
			244	135
		</Right_Wing>
		<Right_Side type=matrix rownames=FALSE colnames=FALSE nrow=19 ncol=2 as.numeric=TRUE >
			244	135
			236	113
			224	91
			222	85
			220	84
			220	81
			217	79
			217	76
			215	72
			212	70
			212	66
			208	61
			208	58
			191	24
			188	18
			186	16
			186	12
			183	12
			179	12
		</Right_Side>
	</curves.control>
	<curves.pixel type=list>
		<Left_Side type=matrix rownames=FALSE colnames=FALSE nrow=140 ncol=2 as.numeric=TRUE >
			179	12
			178	12
			177	12
			176	12
			175	13
			174	13
			174	14
			174	15
			173	16
			173	17
			172	18
			172	19
			172	20
			172	21
			171	22
			170	23
			169	24
			169	25
			169	26
			169	27
			168	27
			168	28
			168	29
			168	30
			168	31
			168	32
			167	33
			167	34
			167	35
			166	36
			166	37
			165	38
			165	39
			165	40
			165	41
			165	42
			164	43
			164	44
			164	45
			163	46
			163	47
			162	48
			162	49
			162	50
			162	51
			161	52
			161	53
			160	54
			160	55
			160	56
			159	57
			159	58
			159	59
			159	60
			158	60
			158	61
			158	62
			158	63
			157	64
			157	65
			156	66
			156	67
			156	68
			156	69
			155	70
			155	71
			155	72
			155	73
			154	74
			154	75
			154	76
			153	77
			153	78
			153	79
			153	80
			152	80
			152	81
			152	82
			151	83
			150	84
			150	85
			150	86
			150	87
			149	88
			149	89
			149	90
			149	91
			149	92
			148	92
			148	93
			148	94
			147	95
			146	96
			146	97
			146	98
			146	99
			145	100
			145	101
			145	102
			144	103
			144	104
			143	105
			143	106
			142	107
			142	108
			141	109
			141	110
			141	111
			141	112
			141	113
			140	114
			140	115
			140	116
			140	117
			139	117
			139	118
			139	119
			138	120
			138	121
			137	122
			137	123
			137	124
			136	125
			136	126
			135	127
			135	128
			134	129
			134	130
			134	131
			134	132
			133	133
			133	134
			133	135
			133	136
			132	137
			132	138
			132	139
			132	140
			132	141
			133	142
		</Left_Side>
		<Left_Wing type=matrix rownames=FALSE colnames=FALSE nrow=112 ncol=2 as.numeric=TRUE >
			133	142
			134	142
			135	142
			136	142
			137	142
			138	142
			139	141
			140	141
			141	140
			142	140
			143	139
			144	138
			145	138
			146	137
			147	136
			148	136
			149	135
			150	134
			151	133
			152	133
			153	132
			154	131
			155	130
			156	129
			157	129
			158	128
			158	127
			159	127
			160	126
			161	125
			162	124
			162	123
			163	122
			163	121
			164	120
			165	120
			166	119
			166	118
			167	117
			168	116
			169	116
			170	117
			170	118
			170	119
			170	120
			170	121
			171	122
			171	123
			171	124
			171	125
			171	126
			172	127
			172	128
			172	129
			172	130
			172	131
			172	132
			172	133
			172	134
			172	135
			172	136
			172	137
			172	138
			173	139
			173	140
			173	141
			173	142
			173	143
			174	144
			174	145
			174	146
			175	147
			175	148
			175	149
			176	150
			176	151
			176	152
			177	153
			177	154
			177	155
			178	156
			178	157
			178	158
			178	159
			178	160
			178	161
			179	162
			179	163
			180	164
			180	165
			180	166
			181	167
			181	168
			181	169
			182	169
			182	170
			182	171
			182	172
			183	173
			183	174
			184	175
			184	176
			184	177
			185	178
			185	179
			185	180
			186	181
			186	182
			187	183
			187	184
			188	184
			189	184
		</Left_Wing>
		<Right_Wing type=matrix rownames=FALSE colnames=FALSE nrow=120 ncol=2 as.numeric=TRUE >
			189	184
			190	184
			191	184
			192	184
			192	183
			193	183
			193	182
			193	181
			193	180
			194	179
			195	178
			195	177
			195	176
			196	175
			196	174
			196	173
			197	172
			197	171
			197	170
			197	169
			197	168
			197	167
			197	166
			197	165
			198	164
			198	163
			198	162
			198	161
			198	160
			198	159
			198	158
			198	157
			198	156
			198	155
			198	154
			199	153
			199	152
			199	151
			199	150
			199	149
			199	148
			199	147
			200	146
			200	145
			200	144
			200	143
			200	142
			201	141
			201	140
			201	139
			201	138
			201	137
			201	136
			201	135
			201	134
			201	133
			201	132
			201	131
			201	130
			201	129
			201	128
			201	127
			201	126
			201	125
			201	124
			201	123
			201	122
			200	121
			200	120
			200	119
			200	118
			200	117
			200	116
			200	115
			200	114
			201	113
			201	112
			202	111
			203	111
			204	112
			205	112
			206	113
			207	114
			208	114
			209	115
			210	116
			211	117
			212	118
			213	119
			214	120
			215	121
			216	122
			217	123
			218	123
			219	124
			220	125
			221	126
			222	127
			223	128
			224	128
			225	129
			226	130
			227	130
			228	131
			229	132
			230	132
			231	133
			232	134
			233	134
			234	135
			235	135
			236	135
			237	136
			238	136
			239	136
			240	136
			241	136
			242	136
			243	136
			244	135
		</Right_Wing>
		<Right_Side type=matrix rownames=FALSE colnames=FALSE nrow=136 ncol=2 as.numeric=TRUE >
			244	135
			244	134
			243	133
			243	132
			243	131
			242	130
			242	129
			241	128
			241	127
			241	126
			240	125
			240	124
			239	123
			239	122
			239	121
			238	120
			238	119
			237	118
			237	117
			236	116
			236	115
			236	114
			235	113
			235	112
			234	111
			234	110
			233	109
			233	108
			232	107
			232	106
			231	105
			231	104
			230	103
			230	102
			229	101
			229	100
			228	99
			228	98
			227	97
			227	96
			226	95
			225	94
			225	93
			225	92
			224	91
			224	90
			223	89
			223	88
			222	87
			222	86
			221	85
			221	84
			220	84
			220	83
			220	82
			219	81
			218	80
			217	79
			217	78
			217	77
			217	76
			216	75
			216	74
			215	73
			215	72
			214	71
			213	70
			213	69
			212	68
			212	67
			212	66
			211	65
			210	64
			210	63
			209	62
			209	61
			208	60
			208	59
			208	58
			207	57
			207	56
			206	55
			206	54
			206	53
			205	52
			204	51
			204	50
			203	49
			203	48
			203	47
			202	46
			202	45
			201	45
			201	44
			200	43
			200	42
			200	41
			199	41
			199	40
			199	39
			198	38
			197	37
			197	36
			197	35
			196	34
			195	33
			195	32
			194	31
			194	30
			194	29
			193	29
			193	28
			192	27
			192	26
			191	25
			191	24
			190	23
			190	22
			190	21
			189	21
			189	20
			189	19
			188	18
			187	17
			187	16
			186	15
			186	14
			186	13
			186	12
			185	12
			184	12
			183	12
			182	12
			181	12
			180	12
			179	12
		</Right_Side>
	</curves.pixel>
	<curves.scaled type=list>
		<Left_Side type=matrix rownames=FALSE colnames=FALSE nrow=140 ncol=2 as.numeric=TRUE >
			39.7762012083248	-2.66656097485976
			39.5539877937532	-2.66656097485976
			39.3317743791815	-2.66656097485976
			39.1095609646099	-2.66656097485976
			38.8873475500382	-2.88877438943141
			38.6651341354666	-2.88877438943141
			38.6651341354666	-3.11098780400306
			38.6651341354666	-3.3332012185747
			38.4429207208949	-3.55541463314635
			38.4429207208949	-3.777628047718
			38.2207073063233	-3.99984146228965
			38.2207073063233	-4.22205487686129
			38.2207073063233	-4.44426829143294
			38.2207073063233	-4.66648170600459
			37.9984938917516	-4.88869512057623
			37.77628047718	-5.11090853514788
			37.5540670626083	-5.33312194971953
			37.5540670626083	-5.55533536429118
			37.5540670626083	-5.77754877886282
			37.5540670626083	-5.99976219343447
			37.3318536480367	-5.99976219343447
			37.3318536480367	-6.22197560800612
			37.3318536480367	-6.44418902257776
			37.3318536480367	-6.66640243714941
			37.3318536480367	-6.88861585172106
			37.3318536480367	-7.1108292662927
			37.1096402334651	-7.33304268086435
			37.1096402334651	-7.555256095436
			37.1096402334651	-7.77746951000764
			36.8874268188934	-7.99968292457929
			36.8874268188934	-8.22189633915094
			36.6652134043218	-8.44410975372259
			36.6652134043218	-8.66632316829423
			36.6652134043218	-8.88853658286588
			36.6652134043218	-9.11074999743753
			36.6652134043218	-9.33296341200917
			36.4429999897501	-9.55517682658082
			36.4429999897501	-9.77739024115247
			36.4429999897501	-9.99960365572412
			36.2207865751785	-10.2218170702958
			36.2207865751785	-10.4440304848674
			35.9985731606068	-10.6662438994391
			35.9985731606068	-10.8884573140107
			35.9985731606068	-11.1106707285824
			35.9985731606068	-11.332884143154
			35.7763597460352	-11.5550975577256
			35.7763597460352	-11.7773109722973
			35.5541463314635	-11.9995243868689
			35.5541463314635	-12.2217378014406
			35.5541463314635	-12.4439512160122
			35.3319329168919	-12.6661646305839
			35.3319329168919	-12.8883780451555
			35.3319329168919	-13.1105914597272
			35.3319329168919	-13.3328048742988
			35.1097195023202	-13.3328048742988
			35.1097195023202	-13.5550182888705
			35.1097195023202	-13.7772317034421
			35.1097195023202	-13.9994451180138
			34.8875060877486	-14.2216585325854
			34.8875060877486	-14.4438719471571
			34.6652926731769	-14.6660853617287
			34.6652926731769	-14.8882987763003
			34.6652926731769	-15.110512190872
			34.6652926731769	-15.3327256054436
			34.4430792586053	-15.5549390200153
			34.4430792586053	-15.7771524345869
			34.4430792586053	-15.9993658491586
			34.4430792586053	-16.2215792637302
			34.2208658440336	-16.4437926783019
			34.2208658440336	-16.6660060928735
			34.2208658440336	-16.8882195074452
			33.998652429462	-17.1104329220168
			33.998652429462	-17.3326463365885
			33.998652429462	-17.5548597511601
			33.998652429462	-17.7770731657318
			33.7764390148903	-17.7770731657318
			33.7764390148903	-17.9992865803034
			33.7764390148903	-18.2214999948751
			33.5542256003187	-18.4437134094467
			33.3320121857471	-18.6659268240183
			33.3320121857471	-18.88814023859
			33.3320121857471	-19.1103536531616
			33.3320121857471	-19.3325670677333
			33.1097987711754	-19.5547804823049
			33.1097987711754	-19.7769938968766
			33.1097987711754	-19.9992073114482
			33.1097987711754	-20.2214207260199
			33.1097987711754	-20.4436341405915
			32.8875853566038	-20.4436341405915
			32.8875853566038	-20.6658475551632
			32.8875853566038	-20.8880609697348
			32.6653719420321	-21.1102743843065
			32.4431585274605	-21.3324877988781
			32.4431585274605	-21.5547012134498
			32.4431585274605	-21.7769146280214
			32.4431585274605	-21.9991280425931
			32.2209451128888	-22.2213414571647
			32.2209451128888	-22.4435548717363
			32.2209451128888	-22.665768286308
			31.9987316983172	-22.8879817008796
			31.9987316983172	-23.1101951154513
			31.7765182837455	-23.3324085300229
			31.7765182837455	-23.5546219445946
			31.5543048691739	-23.7768353591662
			31.5543048691739	-23.9990487737379
			31.3320914546022	-24.2212621883095
			31.3320914546022	-24.4434756028812
			31.3320914546022	-24.6656890174528
			31.3320914546022	-24.8879024320245
			31.3320914546022	-25.1101158465961
			31.1098780400306	-25.3323292611678
			31.1098780400306	-25.5545426757394
			31.1098780400306	-25.7767560903111
			31.1098780400306	-25.9989695048827
			30.8876646254589	-25.9989695048827
			30.8876646254589	-26.2211829194543
			30.8876646254589	-26.443396334026
			30.6654512108873	-26.6656097485976
			30.6654512108873	-26.8878231631693
			30.4432377963156	-27.1100365777409
			30.4432377963156	-27.3322499923126
			30.4432377963156	-27.5544634068842
			30.221024381744	-27.7766768214559
			30.221024381744	-27.9988902360275
			29.9988109671723	-28.2211036505992
			29.9988109671723	-28.4433170651708
			29.7765975526007	-28.6655304797425
			29.7765975526007	-28.8877438943141
			29.7765975526007	-29.1099573088858
			29.7765975526007	-29.3321707234574
			29.5543841380291	-29.5543841380291
			29.5543841380291	-29.7765975526007
			29.5543841380291	-29.9988109671723
			29.5543841380291	-30.221024381744
			29.3321707234574	-30.4432377963156
			29.3321707234574	-30.6654512108873
			29.3321707234574	-30.8876646254589
			29.3321707234574	-31.1098780400306
			29.3321707234574	-31.3320914546022
			29.5543841380291	-31.5543048691739
		</Left_Side>
		<Left_Wing type=matrix rownames=FALSE colnames=FALSE nrow=112 ncol=2 as.numeric=TRUE >
			29.5543841380291	-31.5543048691739
			29.7765975526007	-31.5543048691739
			29.9988109671723	-31.5543048691739
			30.221024381744	-31.5543048691739
			30.4432377963156	-31.5543048691739
			30.6654512108873	-31.5543048691739
			30.8876646254589	-31.3320914546022
			31.1098780400306	-31.3320914546022
			31.3320914546022	-31.1098780400306
			31.5543048691739	-31.1098780400306
			31.7765182837455	-30.8876646254589
			31.9987316983172	-30.6654512108873
			32.2209451128888	-30.6654512108873
			32.4431585274605	-30.4432377963156
			32.6653719420321	-30.221024381744
			32.8875853566038	-30.221024381744
			33.1097987711754	-29.9988109671723
			33.3320121857471	-29.7765975526007
			33.5542256003187	-29.5543841380291
			33.7764390148903	-29.5543841380291
			33.998652429462	-29.3321707234574
			34.2208658440336	-29.1099573088858
			34.4430792586053	-28.8877438943141
			34.6652926731769	-28.6655304797425
			34.8875060877486	-28.6655304797425
			35.1097195023202	-28.4433170651708
			35.1097195023202	-28.2211036505992
			35.3319329168919	-28.2211036505992
			35.5541463314635	-27.9988902360275
			35.7763597460352	-27.7766768214559
			35.9985731606068	-27.5544634068842
			35.9985731606068	-27.3322499923126
			36.2207865751785	-27.1100365777409
			36.2207865751785	-26.8878231631693
			36.4429999897501	-26.6656097485976
			36.6652134043218	-26.6656097485976
			36.8874268188934	-26.443396334026
			36.8874268188934	-26.2211829194543
			37.1096402334651	-25.9989695048827
			37.3318536480367	-25.7767560903111
			37.5540670626083	-25.7767560903111
			37.77628047718	-25.9989695048827
			37.77628047718	-26.2211829194543
			37.77628047718	-26.443396334026
			37.77628047718	-26.6656097485976
			37.77628047718	-26.8878231631693
			37.9984938917516	-27.1100365777409
			37.9984938917516	-27.3322499923126
			37.9984938917516	-27.5544634068842
			37.9984938917516	-27.7766768214559
			37.9984938917516	-27.9988902360275
			38.2207073063233	-28.2211036505992
			38.2207073063233	-28.4433170651708
			38.2207073063233	-28.6655304797425
			38.2207073063233	-28.8877438943141
			38.2207073063233	-29.1099573088858
			38.2207073063233	-29.3321707234574
			38.2207073063233	-29.5543841380291
			38.2207073063233	-29.7765975526007
			38.2207073063233	-29.9988109671723
			38.2207073063233	-30.221024381744
			38.2207073063233	-30.4432377963156
			38.2207073063233	-30.6654512108873
			38.4429207208949	-30.8876646254589
			38.4429207208949	-31.1098780400306
			38.4429207208949	-31.3320914546022
			38.4429207208949	-31.5543048691739
			38.4429207208949	-31.7765182837455
			38.6651341354666	-31.9987316983172
			38.6651341354666	-32.2209451128888
			38.6651341354666	-32.4431585274605
			38.8873475500382	-32.6653719420321
			38.8873475500382	-32.8875853566038
			38.8873475500382	-33.1097987711754
			39.1095609646099	-33.3320121857471
			39.1095609646099	-33.5542256003187
			39.1095609646099	-33.7764390148903
			39.3317743791815	-33.998652429462
			39.3317743791815	-34.2208658440336
			39.3317743791815	-34.4430792586053
			39.5539877937532	-34.6652926731769
			39.5539877937532	-34.8875060877486
			39.5539877937532	-35.1097195023202
			39.5539877937532	-35.3319329168919
			39.5539877937532	-35.5541463314635
			39.5539877937532	-35.7763597460352
			39.7762012083248	-35.9985731606068
			39.7762012083248	-36.2207865751785
			39.9984146228965	-36.4429999897501
			39.9984146228965	-36.6652134043218
			39.9984146228965	-36.8874268188934
			40.2206280374681	-37.1096402334651
			40.2206280374681	-37.3318536480367
			40.2206280374681	-37.5540670626083
			40.4428414520398	-37.5540670626083
			40.4428414520398	-37.77628047718
			40.4428414520398	-37.9984938917516
			40.4428414520398	-38.2207073063233
			40.6650548666114	-38.4429207208949
			40.6650548666114	-38.6651341354666
			40.887268281183	-38.8873475500382
			40.887268281183	-39.1095609646099
			40.887268281183	-39.3317743791815
			41.1094816957547	-39.5539877937532
			41.1094816957547	-39.7762012083248
			41.1094816957547	-39.9984146228965
			41.3316951103263	-40.2206280374681
			41.3316951103263	-40.4428414520398
			41.553908524898	-40.6650548666114
			41.553908524898	-40.887268281183
			41.7761219394696	-40.887268281183
			41.9983353540413	-40.887268281183
		</Left_Wing>
		<Right_Wing type=matrix rownames=FALSE colnames=FALSE nrow=120 ncol=2 as.numeric=TRUE >
			41.9983353540413	-40.887268281183
			42.2205487686129	-40.887268281183
			42.4427621831846	-40.887268281183
			42.6649755977562	-40.887268281183
			42.6649755977562	-40.6650548666114
			42.8871890123279	-40.6650548666114
			42.8871890123279	-40.4428414520398
			42.8871890123279	-40.2206280374681
			42.8871890123279	-39.9984146228965
			43.1094024268995	-39.7762012083248
			43.3316158414712	-39.5539877937532
			43.3316158414712	-39.3317743791815
			43.3316158414712	-39.1095609646099
			43.5538292560428	-38.8873475500382
			43.5538292560428	-38.6651341354666
			43.5538292560428	-38.4429207208949
			43.7760426706145	-38.2207073063233
			43.7760426706145	-37.9984938917516
			43.7760426706145	-37.77628047718
			43.7760426706145	-37.5540670626083
			43.7760426706145	-37.3318536480367
			43.7760426706145	-37.1096402334651
			43.7760426706145	-36.8874268188934
			43.7760426706145	-36.6652134043218
			43.9982560851861	-36.4429999897501
			43.9982560851861	-36.2207865751785
			43.9982560851861	-35.9985731606068
			43.9982560851861	-35.7763597460352
			43.9982560851861	-35.5541463314635
			43.9982560851861	-35.3319329168919
			43.9982560851861	-35.1097195023202
			43.9982560851861	-34.8875060877486
			43.9982560851861	-34.6652926731769
			43.9982560851861	-34.4430792586053
			43.9982560851861	-34.2208658440336
			44.2204694997578	-33.998652429462
			44.2204694997578	-33.7764390148903
			44.2204694997578	-33.5542256003187
			44.2204694997578	-33.3320121857471
			44.2204694997578	-33.1097987711754
			44.2204694997578	-32.8875853566038
			44.2204694997578	-32.6653719420321
			44.4426829143294	-32.4431585274605
			44.4426829143294	-32.2209451128888
			44.4426829143294	-31.9987316983172
			44.4426829143294	-31.7765182837455
			44.4426829143294	-31.5543048691739
			44.6648963289011	-31.3320914546022
			44.6648963289011	-31.1098780400306
			44.6648963289011	-30.8876646254589
			44.6648963289011	-30.6654512108873
			44.6648963289011	-30.4432377963156
			44.6648963289011	-30.221024381744
			44.6648963289011	-29.9988109671723
			44.6648963289011	-29.7765975526007
			44.6648963289011	-29.5543841380291
			44.6648963289011	-29.3321707234574
			44.6648963289011	-29.1099573088858
			44.6648963289011	-28.8877438943141
			44.6648963289011	-28.6655304797425
			44.6648963289011	-28.4433170651708
			44.6648963289011	-28.2211036505992
			44.6648963289011	-27.9988902360275
			44.6648963289011	-27.7766768214559
			44.6648963289011	-27.5544634068842
			44.6648963289011	-27.3322499923126
			44.6648963289011	-27.1100365777409
			44.4426829143294	-26.8878231631693
			44.4426829143294	-26.6656097485976
			44.4426829143294	-26.443396334026
			44.4426829143294	-26.2211829194543
			44.4426829143294	-25.9989695048827
			44.4426829143294	-25.7767560903111
			44.4426829143294	-25.5545426757394
			44.4426829143294	-25.3323292611678
			44.6648963289011	-25.1101158465961
			44.6648963289011	-24.8879024320245
			44.8871097434727	-24.6656890174528
			45.1093231580443	-24.6656890174528
			45.331536572616	-24.8879024320245
			45.5537499871876	-24.8879024320245
			45.7759634017593	-25.1101158465961
			45.9981768163309	-25.3323292611678
			46.2203902309026	-25.3323292611678
			46.4426036454742	-25.5545426757394
			46.6648170600459	-25.7767560903111
			46.8870304746175	-25.9989695048827
			47.1092438891892	-26.2211829194543
			47.3314573037608	-26.443396334026
			47.5536707183325	-26.6656097485976
			47.7758841329041	-26.8878231631693
			47.9980975474758	-27.1100365777409
			48.2203109620474	-27.3322499923126
			48.442524376619	-27.3322499923126
			48.6647377911907	-27.5544634068842
			48.8869512057623	-27.7766768214559
			49.109164620334	-27.9988902360275
			49.3313780349056	-28.2211036505992
			49.5535914494773	-28.4433170651708
			49.7758048640489	-28.4433170651708
			49.9980182786206	-28.6655304797425
			50.2202316931922	-28.8877438943141
			50.4424451077639	-28.8877438943141
			50.6646585223355	-29.1099573088858
			50.8868719369072	-29.3321707234574
			51.1090853514788	-29.3321707234574
			51.3312987660505	-29.5543841380291
			51.5535121806221	-29.7765975526007
			51.7757255951938	-29.7765975526007
			51.9979390097654	-29.9988109671723
			52.220152424337	-29.9988109671723
			52.4423658389087	-29.9988109671723
			52.6645792534803	-30.221024381744
			52.886792668052	-30.221024381744
			53.1090060826236	-30.221024381744
			53.3312194971953	-30.221024381744
			53.5534329117669	-30.221024381744
			53.7756463263386	-30.221024381744
			53.9978597409102	-30.221024381744
			54.2200731554819	-29.9988109671723
		</Right_Wing>
		<Right_Side type=matrix rownames=FALSE colnames=FALSE nrow=136 ncol=2 as.numeric=TRUE >
			54.2200731554819	-29.9988109671723
			54.2200731554819	-29.7765975526007
			53.9978597409102	-29.5543841380291
			53.9978597409102	-29.3321707234574
			53.9978597409102	-29.1099573088858
			53.7756463263386	-28.8877438943141
			53.7756463263386	-28.6655304797425
			53.5534329117669	-28.4433170651708
			53.5534329117669	-28.2211036505992
			53.5534329117669	-27.9988902360275
			53.3312194971953	-27.7766768214559
			53.3312194971953	-27.5544634068842
			53.1090060826236	-27.3322499923126
			53.1090060826236	-27.1100365777409
			53.1090060826236	-26.8878231631693
			52.886792668052	-26.6656097485976
			52.886792668052	-26.443396334026
			52.6645792534803	-26.2211829194543
			52.6645792534803	-25.9989695048827
			52.4423658389087	-25.7767560903111
			52.4423658389087	-25.5545426757394
			52.4423658389087	-25.3323292611678
			52.220152424337	-25.1101158465961
			52.220152424337	-24.8879024320245
			51.9979390097654	-24.6656890174528
			51.9979390097654	-24.4434756028812
			51.7757255951938	-24.2212621883095
			51.7757255951938	-23.9990487737379
			51.5535121806221	-23.7768353591662
			51.5535121806221	-23.5546219445946
			51.3312987660505	-23.3324085300229
			51.3312987660505	-23.1101951154513
			51.1090853514788	-22.8879817008796
			51.1090853514788	-22.665768286308
			50.8868719369072	-22.4435548717363
			50.8868719369072	-22.2213414571647
			50.6646585223355	-21.9991280425931
			50.6646585223355	-21.7769146280214
			50.4424451077639	-21.5547012134498
			50.4424451077639	-21.3324877988781
			50.2202316931922	-21.1102743843065
			49.9980182786206	-20.8880609697348
			49.9980182786206	-20.6658475551632
			49.9980182786206	-20.4436341405915
			49.7758048640489	-20.2214207260199
			49.7758048640489	-19.9992073114482
			49.5535914494773	-19.7769938968766
			49.5535914494773	-19.5547804823049
			49.3313780349056	-19.3325670677333
			49.3313780349056	-19.1103536531616
			49.109164620334	-18.88814023859
			49.109164620334	-18.6659268240183
			48.8869512057623	-18.6659268240183
			48.8869512057623	-18.4437134094467
			48.8869512057623	-18.2214999948751
			48.6647377911907	-17.9992865803034
			48.442524376619	-17.7770731657318
			48.2203109620474	-17.5548597511601
			48.2203109620474	-17.3326463365885
			48.2203109620474	-17.1104329220168
			48.2203109620474	-16.8882195074452
			47.9980975474758	-16.6660060928735
			47.9980975474758	-16.4437926783019
			47.7758841329041	-16.2215792637302
			47.7758841329041	-15.9993658491586
			47.5536707183325	-15.7771524345869
			47.3314573037608	-15.5549390200153
			47.3314573037608	-15.3327256054436
			47.1092438891892	-15.110512190872
			47.1092438891892	-14.8882987763003
			47.1092438891892	-14.6660853617287
			46.8870304746175	-14.4438719471571
			46.6648170600459	-14.2216585325854
			46.6648170600459	-13.9994451180138
			46.4426036454742	-13.7772317034421
			46.4426036454742	-13.5550182888705
			46.2203902309026	-13.3328048742988
			46.2203902309026	-13.1105914597272
			46.2203902309026	-12.8883780451555
			45.9981768163309	-12.6661646305839
			45.9981768163309	-12.4439512160122
			45.7759634017593	-12.2217378014406
			45.7759634017593	-11.9995243868689
			45.7759634017593	-11.7773109722973
			45.5537499871876	-11.5550975577256
			45.331536572616	-11.332884143154
			45.331536572616	-11.1106707285824
			45.1093231580443	-10.8884573140107
			45.1093231580443	-10.6662438994391
			45.1093231580443	-10.4440304848674
			44.8871097434727	-10.2218170702958
			44.8871097434727	-9.99960365572412
			44.6648963289011	-9.99960365572412
			44.6648963289011	-9.77739024115247
			44.4426829143294	-9.55517682658082
			44.4426829143294	-9.33296341200917
			44.4426829143294	-9.11074999743753
			44.2204694997578	-9.11074999743753
			44.2204694997578	-8.88853658286588
			44.2204694997578	-8.66632316829423
			43.9982560851861	-8.44410975372259
			43.7760426706145	-8.22189633915094
			43.7760426706145	-7.99968292457929
			43.7760426706145	-7.77746951000764
			43.5538292560428	-7.555256095436
			43.3316158414712	-7.33304268086435
			43.3316158414712	-7.1108292662927
			43.1094024268995	-6.88861585172106
			43.1094024268995	-6.66640243714941
			43.1094024268995	-6.44418902257776
			42.8871890123279	-6.44418902257776
			42.8871890123279	-6.22197560800612
			42.6649755977562	-5.99976219343447
			42.6649755977562	-5.77754877886282
			42.4427621831846	-5.55533536429118
			42.4427621831846	-5.33312194971953
			42.2205487686129	-5.11090853514788
			42.2205487686129	-4.88869512057623
			42.2205487686129	-4.66648170600459
			41.9983353540413	-4.66648170600459
			41.9983353540413	-4.44426829143294
			41.9983353540413	-4.22205487686129
			41.7761219394696	-3.99984146228965
			41.553908524898	-3.777628047718
			41.553908524898	-3.55541463314635
			41.3316951103263	-3.3332012185747
			41.3316951103263	-3.11098780400306
			41.3316951103263	-2.88877438943141
			41.3316951103263	-2.66656097485976
			41.1094816957547	-2.66656097485976
			40.887268281183	-2.66656097485976
			40.6650548666114	-2.66656097485976
			40.4428414520398	-2.66656097485976
			40.2206280374681	-2.66656097485976
			39.9984146228965	-2.66656097485976
			39.7762012083248	-2.66656097485976
		</Right_Side>
	</curves.scaled>
	<ruler.points type=matrix rownames=TRUE colnames=FALSE nrow=6 ncol=2 as.numeric=TRUE >
		Ruler point 1	172	242
		Ruler point 2	219	243
		Ruler point 3	264	243
		Ruler point 4	310	243
		Ruler point 5	354	243
		Ruler point 6	398	244
	</ruler.points>
</shapes>

