<shapes type=list>
	<ruler.pixel type=vector names=FALSE length=1 as.numeric=TRUE >30.0074064822139</ruler.pixel>
	<ruler.interval type=vector names=FALSE length=1 as.numeric=TRUE >10</ruler.interval>
	<scaling.units type=vector names=FALSE length=1 as.numeric=FALSE >mm</scaling.units>
	<scaling type=vector names=FALSE length=1 as.numeric=TRUE >0.333251059398527</scaling>
	<landmarks.pixel type=matrix rownames=TRUE colnames=FALSE nrow=4 ncol=2 as.numeric=TRUE >
		Point_Tip	359	279
		Left_Tang_Center	341	324
		Base_Center	361	333
		Right_Tang_Center	379	323
	</landmarks.pixel>
	<landmarks.scaled type=matrix rownames=TRUE colnames=FALSE nrow=4 ncol=2 as.numeric=TRUE >
		Point_Tip	119.637130324071	-92.9770455721891
		Left_Tang_Center	113.638611254898	-107.973343245123
		Base_Center	120.303632442868	-110.97260277971
		Right_Tang_Center	126.302151512042	-107.640092185724
	</landmarks.scaled>
	<curves.control type=list>
		<Left_Side type=matrix rownames=FALSE colnames=FALSE nrow=13 ncol=2 as.numeric=TRUE >
			359	279
			357	279
			355	284
			352	288
			350	296
			347	304
			345	310
			343	313
			342	315
			341	319
			341	321
			341	322
			341	324
		</Left_Side>
		<Left_Wing type=matrix rownames=FALSE colnames=FALSE nrow=9 ncol=2 as.numeric=TRUE >
			341	324
			344	324
			351	325
			356	326
			356	329
			356	332
			358	332
			359	333
			361	333
		</Left_Wing>
		<Right_Wing type=matrix rownames=FALSE colnames=FALSE nrow=7 ncol=2 as.numeric=TRUE >
			361	333
			366	333
			365	331
			366	326
			370	323
			375	323
			379	323
		</Right_Wing>
		<Right_Side type=matrix rownames=FALSE colnames=FALSE nrow=15 ncol=2 as.numeric=TRUE >
			379	323
			379	318
			375	312
			373	309
			374	304
			370	304
			371	297
			370	296
			369	296
			367	296
			368	291
			364	288
			362	281
			361	279
			359	279
		</Right_Side>
	</curves.control>
	<curves.pixel type=list>
		<Left_Side type=matrix rownames=FALSE colnames=FALSE nrow=48 ncol=2 as.numeric=TRUE >
			359	279
			358	279
			357	280
			356	281
			356	282
			355	283
			355	284
			354	285
			354	286
			353	286
			353	287
			353	288
			352	289
			352	290
			351	291
			351	292
			351	293
			351	294
			350	295
			350	296
			350	297
			349	298
			349	299
			349	300
			348	301
			348	302
			348	303
			347	304
			347	305
			346	306
			346	307
			346	308
			345	309
			345	310
			344	311
			344	312
			343	313
			343	314
			342	315
			342	316
			342	317
			341	318
			341	319
			341	320
			341	321
			341	322
			341	323
			341	324
		</Left_Side>
		<Left_Wing type=matrix rownames=FALSE colnames=FALSE nrow=25 ncol=2 as.numeric=TRUE >
			341	324
			342	324
			343	324
			344	324
			345	324
			346	324
			347	325
			348	325
			349	325
			350	325
			351	325
			352	325
			353	326
			354	326
			355	326
			355	327
			356	328
			356	329
			356	330
			356	331
			357	332
			358	332
			359	333
			360	333
			361	333
		</Left_Wing>
		<Right_Wing type=matrix rownames=FALSE colnames=FALSE nrow=24 ncol=2 as.numeric=TRUE >
			361	333
			362	333
			363	333
			364	333
			365	332
			365	331
			365	330
			366	329
			366	328
			366	327
			367	327
			367	326
			368	325
			369	324
			370	323
			371	323
			372	323
			373	323
			374	323
			375	323
			376	323
			377	323
			378	323
			379	323
		</Right_Wing>
		<Right_Side type=matrix rownames=FALSE colnames=FALSE nrow=48 ncol=2 as.numeric=TRUE >
			379	323
			379	322
			379	321
			379	320
			378	319
			378	318
			378	317
			377	316
			377	315
			376	314
			376	313
			375	312
			374	311
			374	310
			374	309
			374	308
			374	307
			374	306
			374	305
			374	304
			373	304
			372	303
			371	302
			371	301
			371	300
			371	299
			371	298
			371	297
			370	296
			369	296
			368	295
			368	294
			368	293
			368	292
			368	291
			367	290
			366	289
			365	288
			365	287
			364	286
			364	285
			363	284
			363	283
			362	282
			362	281
			361	280
			360	279
			359	279
		</Right_Side>
	</curves.pixel>
	<curves.scaled type=list>
		<Left_Side type=matrix rownames=FALSE colnames=FALSE nrow=48 ncol=2 as.numeric=TRUE >
			119.637130324071	-92.9770455721891
			119.303879264673	-92.9770455721891
			118.970628205274	-93.3102966315876
			118.637377145876	-93.6435476909861
			118.637377145876	-93.9767987503846
			118.304126086477	-94.3100498097832
			118.304126086477	-94.6433008691817
			117.970875027079	-94.9765519285802
			117.970875027079	-95.3098029879788
			117.63762396768	-95.3098029879788
			117.63762396768	-95.6430540473773
			117.63762396768	-95.9763051067758
			117.304372908282	-96.3095561661743
			117.304372908282	-96.6428072255729
			116.971121848883	-96.9760582849714
			116.971121848883	-97.3093093443699
			116.971121848883	-97.6425604037684
			116.971121848883	-97.975811463167
			116.637870789484	-98.3090625225655
			116.637870789484	-98.642313581964
			116.637870789484	-98.9755646413626
			116.304619730086	-99.3088157007611
			116.304619730086	-99.6420667601596
			116.304619730086	-99.9753178195581
			115.971368670687	-100.308568878957
			115.971368670687	-100.641819938355
			115.971368670687	-100.975070997754
			115.638117611289	-101.308322057152
			115.638117611289	-101.641573116551
			115.30486655189	-101.974824175949
			115.30486655189	-102.308075235348
			115.30486655189	-102.641326294746
			114.971615492492	-102.974577354145
			114.971615492492	-103.307828413543
			114.638364433093	-103.641079472942
			114.638364433093	-103.97433053234
			114.305113373695	-104.307581591739
			114.305113373695	-104.640832651138
			113.971862314296	-104.974083710536
			113.971862314296	-105.307334769935
			113.971862314296	-105.640585829333
			113.638611254898	-105.973836888732
			113.638611254898	-106.30708794813
			113.638611254898	-106.640339007529
			113.638611254898	-106.973590066927
			113.638611254898	-107.306841126326
			113.638611254898	-107.640092185724
			113.638611254898	-107.973343245123
		</Left_Side>
		<Left_Wing type=matrix rownames=FALSE colnames=FALSE nrow=25 ncol=2 as.numeric=TRUE >
			113.638611254898	-107.973343245123
			113.971862314296	-107.973343245123
			114.305113373695	-107.973343245123
			114.638364433093	-107.973343245123
			114.971615492492	-107.973343245123
			115.30486655189	-107.973343245123
			115.638117611289	-108.306594304521
			115.971368670687	-108.306594304521
			116.304619730086	-108.306594304521
			116.637870789484	-108.306594304521
			116.971121848883	-108.306594304521
			117.304372908282	-108.306594304521
			117.63762396768	-108.63984536392
			117.970875027079	-108.63984536392
			118.304126086477	-108.63984536392
			118.304126086477	-108.973096423318
			118.637377145876	-109.306347482717
			118.637377145876	-109.639598542115
			118.637377145876	-109.972849601514
			118.637377145876	-110.306100660912
			118.970628205274	-110.639351720311
			119.303879264673	-110.639351720311
			119.637130324071	-110.97260277971
			119.97038138347	-110.97260277971
			120.303632442868	-110.97260277971
		</Left_Wing>
		<Right_Wing type=matrix rownames=FALSE colnames=FALSE nrow=24 ncol=2 as.numeric=TRUE >
			120.303632442868	-110.97260277971
			120.636883502267	-110.97260277971
			120.970134561665	-110.97260277971
			121.303385621064	-110.97260277971
			121.636636680462	-110.639351720311
			121.636636680462	-110.306100660912
			121.636636680462	-109.972849601514
			121.969887739861	-109.639598542115
			121.969887739861	-109.306347482717
			121.969887739861	-108.973096423318
			122.303138799259	-108.973096423318
			122.303138799259	-108.63984536392
			122.636389858658	-108.306594304521
			122.969640918057	-107.973343245123
			123.302891977455	-107.640092185724
			123.636143036854	-107.640092185724
			123.969394096252	-107.640092185724
			124.302645155651	-107.640092185724
			124.635896215049	-107.640092185724
			124.969147274448	-107.640092185724
			125.302398333846	-107.640092185724
			125.635649393245	-107.640092185724
			125.968900452643	-107.640092185724
			126.302151512042	-107.640092185724
		</Right_Wing>
		<Right_Side type=matrix rownames=FALSE colnames=FALSE nrow=48 ncol=2 as.numeric=TRUE >
			126.302151512042	-107.640092185724
			126.302151512042	-107.306841126326
			126.302151512042	-106.973590066927
			126.302151512042	-106.640339007529
			125.968900452643	-106.30708794813
			125.968900452643	-105.973836888732
			125.968900452643	-105.640585829333
			125.635649393245	-105.307334769935
			125.635649393245	-104.974083710536
			125.302398333846	-104.640832651138
			125.302398333846	-104.307581591739
			124.969147274448	-103.97433053234
			124.635896215049	-103.641079472942
			124.635896215049	-103.307828413543
			124.635896215049	-102.974577354145
			124.635896215049	-102.641326294746
			124.635896215049	-102.308075235348
			124.635896215049	-101.974824175949
			124.635896215049	-101.641573116551
			124.635896215049	-101.308322057152
			124.302645155651	-101.308322057152
			123.969394096252	-100.975070997754
			123.636143036854	-100.641819938355
			123.636143036854	-100.308568878957
			123.636143036854	-99.9753178195581
			123.636143036854	-99.6420667601596
			123.636143036854	-99.3088157007611
			123.636143036854	-98.9755646413626
			123.302891977455	-98.642313581964
			122.969640918057	-98.642313581964
			122.636389858658	-98.3090625225655
			122.636389858658	-97.975811463167
			122.636389858658	-97.6425604037684
			122.636389858658	-97.3093093443699
			122.636389858658	-96.9760582849714
			122.303138799259	-96.6428072255729
			121.969887739861	-96.3095561661743
			121.636636680462	-95.9763051067758
			121.636636680462	-95.6430540473773
			121.303385621064	-95.3098029879788
			121.303385621064	-94.9765519285802
			120.970134561665	-94.6433008691817
			120.970134561665	-94.3100498097832
			120.636883502267	-93.9767987503846
			120.636883502267	-93.6435476909861
			120.303632442868	-93.3102966315876
			119.97038138347	-92.9770455721891
			119.637130324071	-92.9770455721891
		</Right_Side>
	</curves.scaled>
	<ruler.points type=matrix rownames=TRUE colnames=FALSE nrow=6 ncol=2 as.numeric=TRUE >
		Ruler point 1	281	535
		Ruler point 2	311	535
		Ruler point 3	341	535
		Ruler point 4	372	535
		Ruler point 5	398	533
		Ruler point 6	432	532
	</ruler.points>
</shapes>

