<shapes type=list>
	<ruler.pixel type=vector names=FALSE length=1 as.numeric=TRUE >27</ruler.pixel>
	<ruler.interval type=vector names=FALSE length=1 as.numeric=TRUE >10</ruler.interval>
	<scaling.units type=vector names=FALSE length=1 as.numeric=FALSE >mm</scaling.units>
	<scaling type=vector names=FALSE length=1 as.numeric=TRUE >0.37037037037037</scaling>
	<landmarks.pixel type=matrix rownames=TRUE colnames=FALSE nrow=4 ncol=2 as.numeric=TRUE >
		Point_Tip	235	278
		Left_Tang_Center	213	319
		Base_Center	235	345
		Right_Tang_Center	255	322
	</landmarks.pixel>
	<landmarks.scaled type=matrix rownames=TRUE colnames=FALSE nrow=4 ncol=2 as.numeric=TRUE >
		Point_Tip	87.037037037037	-102.962962962963
		Left_Tang_Center	78.8888888888889	-118.148148148148
		Base_Center	87.037037037037	-127.777777777778
		Right_Tang_Center	94.4444444444444	-119.259259259259
	</landmarks.scaled>
	<curves.control type=list>
		<Left_Side type=matrix rownames=FALSE colnames=FALSE nrow=11 ncol=2 as.numeric=TRUE >
			235	278
			232	278
			232	280
			228	291
			226	293
			223	294
			220	302
			218	309
			214	312
			213	315
			213	319
		</Left_Side>
		<Left_Wing type=matrix rownames=FALSE colnames=FALSE nrow=13 ncol=2 as.numeric=TRUE >
			213	319
			214	320
			216	321
			219	321
			221	320
			223	320
			224	321
			225	324
			225	330
			226	335
			229	341
			232	344
			235	345
		</Left_Wing>
		<Right_Wing type=matrix rownames=FALSE colnames=FALSE nrow=11 ncol=2 as.numeric=TRUE >
			235	345
			238	344
			241	342
			242	339
			242	336
			242	325
			243	322
			247	320
			250	322
			252	322
			255	322
		</Right_Wing>
		<Right_Side type=matrix rownames=FALSE colnames=FALSE nrow=13 ncol=2 as.numeric=TRUE >
			255	322
			255	319
			255	316
			253	312
			250	309
			251	305
			247	302
			245	294
			242	288
			239	283
			238	279
			237	278
			235	278
		</Right_Side>
	</curves.control>
	<curves.pixel type=list>
		<Left_Side type=matrix rownames=FALSE colnames=FALSE nrow=48 ncol=2 as.numeric=TRUE >
			235	278
			234	278
			233	278
			233	279
			232	279
			232	280
			232	281
			231	282
			231	283
			231	284
			230	285
			230	286
			229	287
			229	288
			228	289
			228	290
			228	291
			227	292
			226	292
			226	293
			225	293
			225	294
			224	294
			223	295
			223	296
			222	297
			222	298
			221	299
			221	300
			220	301
			220	302
			220	303
			219	304
			219	305
			219	306
			218	307
			217	308
			217	309
			216	310
			215	311
			214	312
			214	313
			213	314
			213	315
			213	316
			213	317
			213	318
			213	319
		</Left_Side>
		<Left_Wing type=matrix rownames=FALSE colnames=FALSE nrow=39 ncol=2 as.numeric=TRUE >
			213	319
			214	320
			215	320
			216	321
			217	321
			218	321
			219	321
			220	320
			221	320
			222	320
			223	320
			224	321
			224	322
			225	323
			225	324
			225	325
			225	326
			225	327
			225	328
			225	329
			225	330
			225	331
			226	332
			226	333
			226	334
			227	335
			227	336
			227	337
			228	338
			228	339
			228	340
			229	340
			229	341
			230	342
			231	343
			232	344
			233	344
			234	345
			235	345
		</Left_Wing>
		<Right_Wing type=matrix rownames=FALSE colnames=FALSE nrow=39 ncol=2 as.numeric=TRUE >
			235	345
			236	345
			237	344
			238	344
			239	343
			240	343
			241	342
			241	341
			241	340
			242	339
			242	338
			242	337
			242	336
			242	335
			242	334
			242	333
			242	332
			242	331
			242	330
			242	329
			242	328
			242	327
			242	326
			242	325
			243	324
			243	323
			243	322
			244	321
			245	321
			246	321
			247	321
			248	321
			249	322
			250	322
			251	322
			252	322
			253	322
			254	322
			255	322
		</Right_Wing>
		<Right_Side type=matrix rownames=FALSE colnames=FALSE nrow=48 ncol=2 as.numeric=TRUE >
			255	322
			255	321
			255	320
			255	319
			255	318
			255	317
			255	316
			255	315
			254	314
			253	313
			253	312
			252	311
			251	310
			250	309
			250	308
			250	307
			250	306
			250	305
			249	304
			248	303
			248	302
			247	301
			246	300
			246	299
			246	298
			245	297
			245	296
			245	295
			244	294
			244	293
			244	292
			243	291
			243	290
			242	289
			242	288
			242	287
			241	286
			240	285
			240	284
			239	283
			239	282
			239	281
			238	281
			238	280
			238	279
			237	278
			236	278
			235	278
		</Right_Side>
	</curves.pixel>
	<curves.scaled type=list>
		<Left_Side type=matrix rownames=FALSE colnames=FALSE nrow=48 ncol=2 as.numeric=TRUE >
			87.037037037037	-102.962962962963
			86.6666666666667	-102.962962962963
			86.2962962962963	-102.962962962963
			86.2962962962963	-103.333333333333
			85.9259259259259	-103.333333333333
			85.9259259259259	-103.703703703704
			85.9259259259259	-104.074074074074
			85.5555555555556	-104.444444444444
			85.5555555555556	-104.814814814815
			85.5555555555556	-105.185185185185
			85.1851851851852	-105.555555555556
			85.1851851851852	-105.925925925926
			84.8148148148148	-106.296296296296
			84.8148148148148	-106.666666666667
			84.4444444444444	-107.037037037037
			84.4444444444444	-107.407407407407
			84.4444444444444	-107.777777777778
			84.0740740740741	-108.148148148148
			83.7037037037037	-108.148148148148
			83.7037037037037	-108.518518518519
			83.3333333333333	-108.518518518519
			83.3333333333333	-108.888888888889
			82.962962962963	-108.888888888889
			82.5925925925926	-109.259259259259
			82.5925925925926	-109.62962962963
			82.2222222222222	-110
			82.2222222222222	-110.37037037037
			81.8518518518518	-110.740740740741
			81.8518518518518	-111.111111111111
			81.4814814814815	-111.481481481481
			81.4814814814815	-111.851851851852
			81.4814814814815	-112.222222222222
			81.1111111111111	-112.592592592593
			81.1111111111111	-112.962962962963
			81.1111111111111	-113.333333333333
			80.7407407407407	-113.703703703704
			80.3703703703704	-114.074074074074
			80.3703703703704	-114.444444444444
			80	-114.814814814815
			79.6296296296296	-115.185185185185
			79.2592592592593	-115.555555555556
			79.2592592592593	-115.925925925926
			78.8888888888889	-116.296296296296
			78.8888888888889	-116.666666666667
			78.8888888888889	-117.037037037037
			78.8888888888889	-117.407407407407
			78.8888888888889	-117.777777777778
			78.8888888888889	-118.148148148148
		</Left_Side>
		<Left_Wing type=matrix rownames=FALSE colnames=FALSE nrow=39 ncol=2 as.numeric=TRUE >
			78.8888888888889	-118.148148148148
			79.2592592592593	-118.518518518519
			79.6296296296296	-118.518518518519
			80	-118.888888888889
			80.3703703703704	-118.888888888889
			80.7407407407407	-118.888888888889
			81.1111111111111	-118.888888888889
			81.4814814814815	-118.518518518519
			81.8518518518518	-118.518518518519
			82.2222222222222	-118.518518518519
			82.5925925925926	-118.518518518519
			82.962962962963	-118.888888888889
			82.962962962963	-119.259259259259
			83.3333333333333	-119.62962962963
			83.3333333333333	-120
			83.3333333333333	-120.37037037037
			83.3333333333333	-120.740740740741
			83.3333333333333	-121.111111111111
			83.3333333333333	-121.481481481481
			83.3333333333333	-121.851851851852
			83.3333333333333	-122.222222222222
			83.3333333333333	-122.592592592593
			83.7037037037037	-122.962962962963
			83.7037037037037	-123.333333333333
			83.7037037037037	-123.703703703704
			84.0740740740741	-124.074074074074
			84.0740740740741	-124.444444444444
			84.0740740740741	-124.814814814815
			84.4444444444444	-125.185185185185
			84.4444444444444	-125.555555555556
			84.4444444444444	-125.925925925926
			84.8148148148148	-125.925925925926
			84.8148148148148	-126.296296296296
			85.1851851851852	-126.666666666667
			85.5555555555556	-127.037037037037
			85.9259259259259	-127.407407407407
			86.2962962962963	-127.407407407407
			86.6666666666667	-127.777777777778
			87.037037037037	-127.777777777778
		</Left_Wing>
		<Right_Wing type=matrix rownames=FALSE colnames=FALSE nrow=39 ncol=2 as.numeric=TRUE >
			87.037037037037	-127.777777777778
			87.4074074074074	-127.777777777778
			87.7777777777778	-127.407407407407
			88.1481481481481	-127.407407407407
			88.5185185185185	-127.037037037037
			88.8888888888889	-127.037037037037
			89.2592592592593	-126.666666666667
			89.2592592592593	-126.296296296296
			89.2592592592593	-125.925925925926
			89.6296296296296	-125.555555555556
			89.6296296296296	-125.185185185185
			89.6296296296296	-124.814814814815
			89.6296296296296	-124.444444444444
			89.6296296296296	-124.074074074074
			89.6296296296296	-123.703703703704
			89.6296296296296	-123.333333333333
			89.6296296296296	-122.962962962963
			89.6296296296296	-122.592592592593
			89.6296296296296	-122.222222222222
			89.6296296296296	-121.851851851852
			89.6296296296296	-121.481481481481
			89.6296296296296	-121.111111111111
			89.6296296296296	-120.740740740741
			89.6296296296296	-120.37037037037
			90	-120
			90	-119.62962962963
			90	-119.259259259259
			90.3703703703704	-118.888888888889
			90.7407407407407	-118.888888888889
			91.1111111111111	-118.888888888889
			91.4814814814815	-118.888888888889
			91.8518518518518	-118.888888888889
			92.2222222222222	-119.259259259259
			92.5925925925926	-119.259259259259
			92.962962962963	-119.259259259259
			93.3333333333333	-119.259259259259
			93.7037037037037	-119.259259259259
			94.0740740740741	-119.259259259259
			94.4444444444444	-119.259259259259
		</Right_Wing>
		<Right_Side type=matrix rownames=FALSE colnames=FALSE nrow=48 ncol=2 as.numeric=TRUE >
			94.4444444444444	-119.259259259259
			94.4444444444444	-118.888888888889
			94.4444444444444	-118.518518518519
			94.4444444444444	-118.148148148148
			94.4444444444444	-117.777777777778
			94.4444444444444	-117.407407407407
			94.4444444444444	-117.037037037037
			94.4444444444444	-116.666666666667
			94.0740740740741	-116.296296296296
			93.7037037037037	-115.925925925926
			93.7037037037037	-115.555555555556
			93.3333333333333	-115.185185185185
			92.962962962963	-114.814814814815
			92.5925925925926	-114.444444444444
			92.5925925925926	-114.074074074074
			92.5925925925926	-113.703703703704
			92.5925925925926	-113.333333333333
			92.5925925925926	-112.962962962963
			92.2222222222222	-112.592592592593
			91.8518518518518	-112.222222222222
			91.8518518518518	-111.851851851852
			91.4814814814815	-111.481481481481
			91.1111111111111	-111.111111111111
			91.1111111111111	-110.740740740741
			91.1111111111111	-110.37037037037
			90.7407407407407	-110
			90.7407407407407	-109.62962962963
			90.7407407407407	-109.259259259259
			90.3703703703704	-108.888888888889
			90.3703703703704	-108.518518518519
			90.3703703703704	-108.148148148148
			90	-107.777777777778
			90	-107.407407407407
			89.6296296296296	-107.037037037037
			89.6296296296296	-106.666666666667
			89.6296296296296	-106.296296296296
			89.2592592592593	-105.925925925926
			88.8888888888889	-105.555555555556
			88.8888888888889	-105.185185185185
			88.5185185185185	-104.814814814815
			88.5185185185185	-104.444444444444
			88.5185185185185	-104.074074074074
			88.1481481481481	-104.074074074074
			88.1481481481481	-103.703703703704
			88.1481481481481	-103.333333333333
			87.7777777777778	-102.962962962963
			87.4074074074074	-102.962962962963
			87.037037037037	-102.962962962963
		</Right_Side>
	</curves.scaled>
	<ruler.points type=matrix rownames=TRUE colnames=FALSE nrow=6 ncol=2 as.numeric=TRUE >
		Ruler point 1	198	533
		Ruler point 2	225	533
		Ruler point 3	251	533
		Ruler point 4	279	533
		Ruler point 5	306	533
		Ruler point 6	334	533
	</ruler.points>
</shapes>

