<shapes type=list>
	<ruler.pixel type=vector names=FALSE length=1 as.numeric=TRUE >26.8626407688992</ruler.pixel>
	<ruler.interval type=vector names=FALSE length=1 as.numeric=TRUE >10</ruler.interval>
	<scaling.units type=vector names=FALSE length=1 as.numeric=FALSE >mm</scaling.units>
	<scaling type=vector names=FALSE length=1 as.numeric=TRUE >0.372264219517008</scaling>
	<landmarks.pixel type=matrix rownames=TRUE colnames=FALSE nrow=4 ncol=2 as.numeric=TRUE >
		Point_Tip	143	114
		Left_Tang_Center	113	181
		Base_Center	142	208
		Right_Tang_Center	174	178
	</landmarks.pixel>
	<landmarks.scaled type=matrix rownames=TRUE colnames=FALSE nrow=4 ncol=2 as.numeric=TRUE >
		Point_Tip	53.2337833909321	-42.4381210249389
		Left_Tang_Center	42.0658568054219	-67.3798237325784
		Base_Center	52.8615191714151	-77.4309576595376
		Right_Tang_Center	64.7739741959594	-66.2630310740274
	</landmarks.scaled>
	<curves.control type=list>
		<Left_Side type=matrix rownames=FALSE colnames=FALSE nrow=13 ncol=2 as.numeric=TRUE >
			143	114
			140	116
			133	123
			131	132
			126	139
			124	149
			121	153
			119	159
			115	161
			116	167
			113	170
			111	175
			113	181
		</Left_Side>
		<Left_Wing type=matrix rownames=FALSE colnames=FALSE nrow=5 ncol=2 as.numeric=TRUE >
			113	181
			129	184
			131	206
			137	205
			142	208
		</Left_Wing>
		<Right_Wing type=matrix rownames=FALSE colnames=FALSE nrow=7 ncol=2 as.numeric=TRUE >
			142	208
			151	212
			156	207
			156	189
			165	183
			170	182
			174	178
		</Right_Wing>
		<Right_Side type=matrix rownames=FALSE colnames=FALSE nrow=13 ncol=2 as.numeric=TRUE >
			174	178
			174	173
			171	169
			172	163
			166	155
			167	148
			162	145
			162	140
			158	135
			155	127
			152	123
			151	117
			143	114
		</Right_Side>
	</curves.control>
	<curves.pixel type=list>
		<Left_Side type=matrix rownames=FALSE colnames=FALSE nrow=75 ncol=2 as.numeric=TRUE >
			143	114
			142	115
			141	116
			140	116
			139	117
			138	118
			137	119
			136	120
			135	121
			134	122
			133	123
			133	124
			133	125
			132	126
			132	127
			132	128
			131	129
			131	130
			130	131
			130	132
			130	133
			129	133
			129	134
			129	135
			128	135
			128	136
			127	137
			127	138
			126	139
			126	140
			126	141
			125	142
			125	143
			125	144
			125	145
			124	145
			124	146
			124	147
			124	148
			123	148
			123	149
			123	150
			122	151
			122	152
			121	153
			121	154
			120	155
			120	156
			119	157
			119	158
			118	159
			117	159
			117	160
			116	160
			115	161
			115	162
			115	163
			115	164
			115	165
			115	166
			115	167
			114	168
			114	169
			113	170
			113	171
			112	172
			112	173
			112	174
			112	175
			112	176
			112	177
			112	178
			112	179
			113	180
			113	181
		</Left_Side>
		<Left_Wing type=matrix rownames=FALSE colnames=FALSE nrow=44 ncol=2 as.numeric=TRUE >
			113	181
			114	181
			115	182
			116	182
			117	182
			118	182
			118	183
			119	183
			120	183
			120	184
			121	184
			122	185
			123	186
			124	187
			125	188
			126	189
			127	190
			127	191
			128	192
			128	193
			128	194
			129	195
			129	196
			129	197
			130	198
			130	199
			130	200
			130	201
			131	202
			131	203
			131	204
			131	205
			131	206
			132	206
			133	206
			134	206
			135	206
			136	206
			137	206
			138	206
			139	207
			140	207
			141	207
			142	208
		</Left_Wing>
		<Right_Wing type=matrix rownames=FALSE colnames=FALSE nrow=51 ncol=2 as.numeric=TRUE >
			142	208
			143	208
			144	209
			145	209
			146	209
			147	210
			148	210
			149	210
			150	210
			151	210
			152	209
			153	209
			154	209
			155	208
			156	207
			156	206
			156	205
			156	204
			156	203
			156	202
			156	201
			156	200
			157	199
			157	198
			157	197
			157	196
			157	195
			158	194
			158	193
			158	192
			159	191
			159	190
			160	189
			160	188
			161	187
			161	186
			162	186
			163	185
			163	184
			164	184
			165	183
			166	183
			167	183
			167	182
			168	182
			169	182
			170	181
			171	180
			172	180
			173	179
			174	178
		</Right_Wing>
		<Right_Side type=matrix rownames=FALSE colnames=FALSE nrow=72 ncol=2 as.numeric=TRUE >
			174	178
			174	177
			174	176
			174	175
			173	174
			173	173
			173	172
			172	171
			172	170
			171	169
			171	168
			171	167
			171	166
			171	165
			171	164
			171	163
			170	162
			170	161
			169	160
			169	159
			168	158
			168	157
			167	156
			166	155
			166	154
			166	153
			166	152
			166	151
			166	150
			165	149
			165	148
			165	147
			164	147
			163	146
			163	145
			162	145
			162	144
			162	143
			162	142
			161	141
			161	140
			160	139
			160	138
			159	137
			159	136
			158	135
			157	134
			157	133
			157	132
			156	131
			156	130
			156	129
			155	129
			155	128
			155	127
			154	126
			153	125
			153	124
			152	123
			152	122
			151	121
			151	120
			151	119
			150	119
			149	118
			149	117
			148	117
			147	116
			146	116
			145	115
			144	115
			143	114
		</Right_Side>
	</curves.pixel>
	<curves.scaled type=list>
		<Left_Side type=matrix rownames=FALSE colnames=FALSE nrow=75 ncol=2 as.numeric=TRUE >
			53.2337833909321	-42.4381210249389
			52.8615191714151	-42.8103852444559
			52.4892549518981	-43.1826494639729
			52.1169907323811	-43.1826494639729
			51.7447265128641	-43.5549136834899
			51.3724622933471	-43.9271779030069
			51.0001980738301	-44.2994421225239
			50.6279338543131	-44.6717063420409
			50.2556696347961	-45.0439705615579
			49.8834054152791	-45.416234781075
			49.511141195762	-45.788499000592
			49.511141195762	-46.160763220109
			49.511141195762	-46.533027439626
			49.138876976245	-46.905291659143
			49.138876976245	-47.27755587866
			49.138876976245	-47.649820098177
			48.766612756728	-48.022084317694
			48.766612756728	-48.394348537211
			48.394348537211	-48.766612756728
			48.394348537211	-49.138876976245
			48.394348537211	-49.511141195762
			48.022084317694	-49.511141195762
			48.022084317694	-49.8834054152791
			48.022084317694	-50.2556696347961
			47.649820098177	-50.2556696347961
			47.649820098177	-50.6279338543131
			47.27755587866	-51.0001980738301
			47.27755587866	-51.3724622933471
			46.905291659143	-51.7447265128641
			46.905291659143	-52.1169907323811
			46.905291659143	-52.4892549518981
			46.533027439626	-52.8615191714151
			46.533027439626	-53.2337833909321
			46.533027439626	-53.6060476104491
			46.533027439626	-53.9783118299661
			46.160763220109	-53.9783118299661
			46.160763220109	-54.3505760494831
			46.160763220109	-54.7228402690002
			46.160763220109	-55.0951044885172
			45.788499000592	-55.0951044885172
			45.788499000592	-55.4673687080342
			45.788499000592	-55.8396329275512
			45.416234781075	-56.2118971470682
			45.416234781075	-56.5841613665852
			45.0439705615579	-56.9564255861022
			45.0439705615579	-57.3286898056192
			44.6717063420409	-57.7009540251362
			44.6717063420409	-58.0732182446532
			44.2994421225239	-58.4454824641702
			44.2994421225239	-58.8177466836872
			43.9271779030069	-59.1900109032042
			43.5549136834899	-59.1900109032042
			43.5549136834899	-59.5622751227213
			43.1826494639729	-59.5622751227213
			42.8103852444559	-59.9345393422383
			42.8103852444559	-60.3068035617553
			42.8103852444559	-60.6790677812723
			42.8103852444559	-61.0513320007893
			42.8103852444559	-61.4235962203063
			42.8103852444559	-61.7958604398233
			42.8103852444559	-62.1681246593403
			42.4381210249389	-62.5403888788573
			42.4381210249389	-62.9126530983743
			42.0658568054219	-63.2849173178913
			42.0658568054219	-63.6571815374083
			41.6935925859049	-64.0294457569253
			41.6935925859049	-64.4017099764424
			41.6935925859049	-64.7739741959594
			41.6935925859049	-65.1462384154764
			41.6935925859049	-65.5185026349934
			41.6935925859049	-65.8907668545104
			41.6935925859049	-66.2630310740274
			41.6935925859049	-66.6352952935444
			42.0658568054219	-67.0075595130614
			42.0658568054219	-67.3798237325784
		</Left_Side>
		<Left_Wing type=matrix rownames=FALSE colnames=FALSE nrow=44 ncol=2 as.numeric=TRUE >
			42.0658568054219	-67.3798237325784
			42.4381210249389	-67.3798237325784
			42.8103852444559	-67.7520879520954
			43.1826494639729	-67.7520879520954
			43.5549136834899	-67.7520879520954
			43.9271779030069	-67.7520879520954
			43.9271779030069	-68.1243521716124
			44.2994421225239	-68.1243521716124
			44.6717063420409	-68.1243521716124
			44.6717063420409	-68.4966163911294
			45.0439705615579	-68.4966163911294
			45.416234781075	-68.8688806106464
			45.788499000592	-69.2411448301635
			46.160763220109	-69.6134090496805
			46.533027439626	-69.9856732691975
			46.905291659143	-70.3579374887145
			47.27755587866	-70.7302017082315
			47.27755587866	-71.1024659277485
			47.649820098177	-71.4747301472655
			47.649820098177	-71.8469943667825
			47.649820098177	-72.2192585862995
			48.022084317694	-72.5915228058165
			48.022084317694	-72.9637870253335
			48.022084317694	-73.3360512448505
			48.394348537211	-73.7083154643675
			48.394348537211	-74.0805796838846
			48.394348537211	-74.4528439034016
			48.394348537211	-74.8251081229186
			48.766612756728	-75.1973723424356
			48.766612756728	-75.5696365619526
			48.766612756728	-75.9419007814696
			48.766612756728	-76.3141650009866
			48.766612756728	-76.6864292205036
			49.138876976245	-76.6864292205036
			49.511141195762	-76.6864292205036
			49.8834054152791	-76.6864292205036
			50.2556696347961	-76.6864292205036
			50.6279338543131	-76.6864292205036
			51.0001980738301	-76.6864292205036
			51.3724622933471	-76.6864292205036
			51.7447265128641	-77.0586934400206
			52.1169907323811	-77.0586934400206
			52.4892549518981	-77.0586934400206
			52.8615191714151	-77.4309576595376
		</Left_Wing>
		<Right_Wing type=matrix rownames=FALSE colnames=FALSE nrow=51 ncol=2 as.numeric=TRUE >
			52.8615191714151	-77.4309576595376
			53.2337833909321	-77.4309576595376
			53.6060476104491	-77.8032218790546
			53.9783118299661	-77.8032218790546
			54.3505760494831	-77.8032218790546
			54.7228402690002	-78.1754860985716
			55.0951044885172	-78.1754860985716
			55.4673687080342	-78.1754860985716
			55.8396329275512	-78.1754860985716
			56.2118971470682	-78.1754860985716
			56.5841613665852	-77.8032218790546
			56.9564255861022	-77.8032218790546
			57.3286898056192	-77.8032218790546
			57.7009540251362	-77.4309576595376
			58.0732182446532	-77.0586934400206
			58.0732182446532	-76.6864292205036
			58.0732182446532	-76.3141650009866
			58.0732182446532	-75.9419007814696
			58.0732182446532	-75.5696365619526
			58.0732182446532	-75.1973723424356
			58.0732182446532	-74.8251081229186
			58.0732182446532	-74.4528439034016
			58.4454824641702	-74.0805796838846
			58.4454824641702	-73.7083154643675
			58.4454824641702	-73.3360512448505
			58.4454824641702	-72.9637870253335
			58.4454824641702	-72.5915228058165
			58.8177466836872	-72.2192585862995
			58.8177466836872	-71.8469943667825
			58.8177466836872	-71.4747301472655
			59.1900109032042	-71.1024659277485
			59.1900109032042	-70.7302017082315
			59.5622751227213	-70.3579374887145
			59.5622751227213	-69.9856732691975
			59.9345393422383	-69.6134090496805
			59.9345393422383	-69.2411448301635
			60.3068035617553	-69.2411448301635
			60.6790677812723	-68.8688806106464
			60.6790677812723	-68.4966163911294
			61.0513320007893	-68.4966163911294
			61.4235962203063	-68.1243521716124
			61.7958604398233	-68.1243521716124
			62.1681246593403	-68.1243521716124
			62.1681246593403	-67.7520879520954
			62.5403888788573	-67.7520879520954
			62.9126530983743	-67.7520879520954
			63.2849173178913	-67.3798237325784
			63.6571815374083	-67.0075595130614
			64.0294457569253	-67.0075595130614
			64.4017099764424	-66.6352952935444
			64.7739741959594	-66.2630310740274
		</Right_Wing>
		<Right_Side type=matrix rownames=FALSE colnames=FALSE nrow=72 ncol=2 as.numeric=TRUE >
			64.7739741959594	-66.2630310740274
			64.7739741959594	-65.8907668545104
			64.7739741959594	-65.5185026349934
			64.7739741959594	-65.1462384154764
			64.4017099764424	-64.7739741959594
			64.4017099764424	-64.4017099764424
			64.4017099764424	-64.0294457569253
			64.0294457569253	-63.6571815374083
			64.0294457569253	-63.2849173178913
			63.6571815374083	-62.9126530983743
			63.6571815374083	-62.5403888788573
			63.6571815374083	-62.1681246593403
			63.6571815374083	-61.7958604398233
			63.6571815374083	-61.4235962203063
			63.6571815374083	-61.0513320007893
			63.6571815374083	-60.6790677812723
			63.2849173178913	-60.3068035617553
			63.2849173178913	-59.9345393422383
			62.9126530983743	-59.5622751227213
			62.9126530983743	-59.1900109032042
			62.5403888788573	-58.8177466836872
			62.5403888788573	-58.4454824641702
			62.1681246593403	-58.0732182446532
			61.7958604398233	-57.7009540251362
			61.7958604398233	-57.3286898056192
			61.7958604398233	-56.9564255861022
			61.7958604398233	-56.5841613665852
			61.7958604398233	-56.2118971470682
			61.7958604398233	-55.8396329275512
			61.4235962203063	-55.4673687080342
			61.4235962203063	-55.0951044885172
			61.4235962203063	-54.7228402690002
			61.0513320007893	-54.7228402690002
			60.6790677812723	-54.3505760494831
			60.6790677812723	-53.9783118299661
			60.3068035617553	-53.9783118299661
			60.3068035617553	-53.6060476104491
			60.3068035617553	-53.2337833909321
			60.3068035617553	-52.8615191714151
			59.9345393422383	-52.4892549518981
			59.9345393422383	-52.1169907323811
			59.5622751227213	-51.7447265128641
			59.5622751227213	-51.3724622933471
			59.1900109032042	-51.0001980738301
			59.1900109032042	-50.6279338543131
			58.8177466836872	-50.2556696347961
			58.4454824641702	-49.8834054152791
			58.4454824641702	-49.511141195762
			58.4454824641702	-49.138876976245
			58.0732182446532	-48.766612756728
			58.0732182446532	-48.394348537211
			58.0732182446532	-48.022084317694
			57.7009540251362	-48.022084317694
			57.7009540251362	-47.649820098177
			57.7009540251362	-47.27755587866
			57.3286898056192	-46.905291659143
			56.9564255861022	-46.533027439626
			56.9564255861022	-46.160763220109
			56.5841613665852	-45.788499000592
			56.5841613665852	-45.416234781075
			56.2118971470682	-45.0439705615579
			56.2118971470682	-44.6717063420409
			56.2118971470682	-44.2994421225239
			55.8396329275512	-44.2994421225239
			55.4673687080342	-43.9271779030069
			55.4673687080342	-43.5549136834899
			55.0951044885172	-43.5549136834899
			54.7228402690002	-43.1826494639729
			54.3505760494831	-43.1826494639729
			53.9783118299661	-42.8103852444559
			53.6060476104491	-42.8103852444559
			53.2337833909321	-42.4381210249389
		</Right_Side>
	</curves.scaled>
	<ruler.points type=matrix rownames=TRUE colnames=FALSE nrow=5 ncol=2 as.numeric=TRUE >
		Ruler point 1	109	596
		Ruler point 2	137	596
		Ruler point 3	163	596
		Ruler point 4	191	595
		Ruler point 5	217	596
	</ruler.points>
</shapes>

