<shapes type=list>
	<ruler.pixel type=vector names=FALSE length=1 as.numeric=TRUE >19.4171899547218</ruler.pixel>
	<ruler.interval type=vector names=FALSE length=1 as.numeric=TRUE >10</ruler.interval>
	<scaling.units type=vector names=FALSE length=1 as.numeric=FALSE >mm</scaling.units>
	<scaling type=vector names=FALSE length=1 as.numeric=TRUE >0.515007579537441</scaling>
	<landmarks.pixel type=matrix rownames=TRUE colnames=FALSE nrow=4 ncol=2 as.numeric=TRUE >
		Point_Tip	407	273
		Left_Tang_Center	384	336
		Base_Center	405	351
		Right_Tang_Center	422	329
	</landmarks.pixel>
	<landmarks.scaled type=matrix rownames=TRUE colnames=FALSE nrow=4 ncol=2 as.numeric=TRUE >
		Point_Tip	209.608084871739	-140.597069213722
		Left_Tang_Center	197.762910542378	-173.04254672458
		Base_Center	208.578069712664	-180.767660417642
		Right_Tang_Center	217.3331985648	-169.437493667818
	</landmarks.scaled>
	<curves.control type=list>
		<Left_Side type=matrix rownames=FALSE colnames=FALSE nrow=13 ncol=2 as.numeric=TRUE >
			407	273
			403	279
			401	285
			398	287
			396	293
			395	296
			396	298
			394	300
			392	305
			392	312
			388	319
			385	326
			384	336
		</Left_Side>
		<Left_Wing type=matrix rownames=FALSE colnames=FALSE nrow=9 ncol=2 as.numeric=TRUE >
			384	336
			388	336
			394	332
			397	330
			399	331
			400	345
			401	348
			402	350
			405	351
		</Left_Wing>
		<Right_Wing type=matrix rownames=FALSE colnames=FALSE nrow=11 ncol=2 as.numeric=TRUE >
			405	351
			408	350
			409	348
			409	341
			411	335
			411	331
			413	329
			416	329
			418	330
			420	330
			422	329
		</Right_Wing>
		<Right_Side type=matrix rownames=FALSE colnames=FALSE nrow=9 ncol=2 as.numeric=TRUE >
			422	329
			423	320
			421	317
			418	316
			417	305
			415	298
			415	290
			412	285
			407	273
		</Right_Side>
	</curves.control>
	<curves.pixel type=list>
		<Left_Side type=matrix rownames=FALSE colnames=FALSE nrow=66 ncol=2 as.numeric=TRUE >
			407	273
			406	274
			406	275
			405	276
			404	277
			404	278
			403	279
			403	280
			402	281
			402	282
			402	283
			401	284
			401	285
			400	285
			400	286
			399	287
			398	288
			398	289
			397	290
			397	291
			397	292
			396	292
			396	293
			396	294
			396	295
			396	296
			396	297
			396	298
			395	299
			395	300
			394	301
			393	302
			393	303
			392	304
			392	305
			392	306
			392	307
			392	308
			392	309
			392	310
			391	311
			391	312
			391	313
			390	314
			390	315
			389	316
			389	317
			388	318
			388	319
			388	320
			387	321
			387	322
			386	323
			386	324
			386	325
			386	326
			385	327
			385	328
			385	329
			385	330
			385	331
			384	332
			384	333
			384	334
			384	335
			384	336
		</Left_Side>
		<Left_Wing type=matrix rownames=FALSE colnames=FALSE nrow=38 ncol=2 as.numeric=TRUE >
			384	336
			385	336
			386	336
			387	336
			388	335
			389	335
			390	334
			391	334
			392	333
			393	333
			394	332
			395	331
			396	331
			397	331
			398	331
			399	331
			399	332
			399	333
			399	334
			399	335
			399	336
			399	337
			400	338
			400	339
			400	340
			400	341
			400	342
			400	343
			400	344
			400	345
			401	346
			401	347
			401	348
			401	349
			402	349
			403	350
			404	351
			405	351
		</Left_Wing>
		<Right_Wing type=matrix rownames=FALSE colnames=FALSE nrow=33 ncol=2 as.numeric=TRUE >
			405	351
			406	351
			407	350
			408	349
			409	348
			409	347
			409	346
			409	345
			409	344
			409	343
			409	342
			410	341
			410	340
			410	339
			410	338
			410	337
			411	336
			411	335
			411	334
			411	333
			411	332
			412	331
			412	330
			413	329
			414	329
			415	329
			416	329
			417	330
			418	330
			419	330
			420	330
			421	329
			422	329
		</Right_Wing>
		<Right_Side type=matrix rownames=FALSE colnames=FALSE nrow=60 ncol=2 as.numeric=TRUE >
			422	329
			422	328
			422	327
			422	326
			422	325
			422	324
			422	323
			422	322
			422	321
			422	320
			422	319
			421	318
			421	317
			420	316
			419	316
			419	315
			419	314
			418	313
			418	312
			418	311
			418	310
			417	309
			417	308
			417	307
			417	306
			417	305
			417	304
			417	303
			416	303
			416	302
			416	301
			416	300
			416	299
			415	298
			415	297
			415	296
			415	295
			415	294
			415	293
			415	292
			415	291
			415	290
			414	289
			414	288
			413	287
			413	286
			412	285
			412	284
			411	283
			411	282
			411	281
			410	280
			409	279
			409	278
			409	277
			408	276
			408	275
			408	274
			407	274
			407	273
		</Right_Side>
	</curves.pixel>
	<curves.scaled type=list>
		<Left_Side type=matrix rownames=FALSE colnames=FALSE nrow=66 ncol=2 as.numeric=TRUE >
			209.608084871739	-140.597069213722
			209.093077292201	-141.112076793259
			209.093077292201	-141.627084372796
			208.578069712664	-142.142091952334
			208.063062133126	-142.657099531871
			208.063062133126	-143.172107111409
			207.548054553589	-143.687114690946
			207.548054553589	-144.202122270484
			207.033046974051	-144.717129850021
			207.033046974051	-145.232137429558
			207.033046974051	-145.747145009096
			206.518039394514	-146.262152588633
			206.518039394514	-146.777160168171
			206.003031814977	-146.777160168171
			206.003031814977	-147.292167747708
			205.488024235439	-147.807175327246
			204.973016655902	-148.322182906783
			204.973016655902	-148.837190486321
			204.458009076364	-149.352198065858
			204.458009076364	-149.867205645395
			204.458009076364	-150.382213224933
			203.943001496827	-150.382213224933
			203.943001496827	-150.89722080447
			203.943001496827	-151.412228384008
			203.943001496827	-151.927235963545
			203.943001496827	-152.442243543083
			203.943001496827	-152.95725112262
			203.943001496827	-153.472258702158
			203.427993917289	-153.987266281695
			203.427993917289	-154.502273861232
			202.912986337752	-155.01728144077
			202.397978758214	-155.532289020307
			202.397978758214	-156.047296599845
			201.882971178677	-156.562304179382
			201.882971178677	-157.07731175892
			201.882971178677	-157.592319338457
			201.882971178677	-158.107326917995
			201.882971178677	-158.622334497532
			201.882971178677	-159.137342077069
			201.882971178677	-159.652349656607
			201.36796359914	-160.167357236144
			201.36796359914	-160.682364815682
			201.36796359914	-161.197372395219
			200.852956019602	-161.712379974757
			200.852956019602	-162.227387554294
			200.337948440065	-162.742395133832
			200.337948440065	-163.257402713369
			199.822940860527	-163.772410292906
			199.822940860527	-164.287417872444
			199.822940860527	-164.802425451981
			199.30793328099	-165.317433031519
			199.30793328099	-165.832440611056
			198.792925701452	-166.347448190594
			198.792925701452	-166.862455770131
			198.792925701452	-167.377463349668
			198.792925701452	-167.892470929206
			198.277918121915	-168.407478508743
			198.277918121915	-168.922486088281
			198.277918121915	-169.437493667818
			198.277918121915	-169.952501247356
			198.277918121915	-170.467508826893
			197.762910542378	-170.982516406431
			197.762910542378	-171.497523985968
			197.762910542378	-172.012531565505
			197.762910542378	-172.527539145043
			197.762910542378	-173.04254672458
		</Left_Side>
		<Left_Wing type=matrix rownames=FALSE colnames=FALSE nrow=38 ncol=2 as.numeric=TRUE >
			197.762910542378	-173.04254672458
			198.277918121915	-173.04254672458
			198.792925701452	-173.04254672458
			199.30793328099	-173.04254672458
			199.822940860527	-172.527539145043
			200.337948440065	-172.527539145043
			200.852956019602	-172.012531565505
			201.36796359914	-172.012531565505
			201.882971178677	-171.497523985968
			202.397978758214	-171.497523985968
			202.912986337752	-170.982516406431
			203.427993917289	-170.467508826893
			203.943001496827	-170.467508826893
			204.458009076364	-170.467508826893
			204.973016655902	-170.467508826893
			205.488024235439	-170.467508826893
			205.488024235439	-170.982516406431
			205.488024235439	-171.497523985968
			205.488024235439	-172.012531565505
			205.488024235439	-172.527539145043
			205.488024235439	-173.04254672458
			205.488024235439	-173.557554304118
			206.003031814977	-174.072561883655
			206.003031814977	-174.587569463193
			206.003031814977	-175.10257704273
			206.003031814977	-175.617584622268
			206.003031814977	-176.132592201805
			206.003031814977	-176.647599781342
			206.003031814977	-177.16260736088
			206.003031814977	-177.677614940417
			206.518039394514	-178.192622519955
			206.518039394514	-178.707630099492
			206.518039394514	-179.22263767903
			206.518039394514	-179.737645258567
			207.033046974051	-179.737645258567
			207.548054553589	-180.252652838105
			208.063062133126	-180.767660417642
			208.578069712664	-180.767660417642
		</Left_Wing>
		<Right_Wing type=matrix rownames=FALSE colnames=FALSE nrow=33 ncol=2 as.numeric=TRUE >
			208.578069712664	-180.767660417642
			209.093077292201	-180.767660417642
			209.608084871739	-180.252652838105
			210.123092451276	-179.737645258567
			210.638100030814	-179.22263767903
			210.638100030814	-178.707630099492
			210.638100030814	-178.192622519955
			210.638100030814	-177.677614940417
			210.638100030814	-177.16260736088
			210.638100030814	-176.647599781342
			210.638100030814	-176.132592201805
			211.153107610351	-175.617584622268
			211.153107610351	-175.10257704273
			211.153107610351	-174.587569463193
			211.153107610351	-174.072561883655
			211.153107610351	-173.557554304118
			211.668115189888	-173.04254672458
			211.668115189888	-172.527539145043
			211.668115189888	-172.012531565505
			211.668115189888	-171.497523985968
			211.668115189888	-170.982516406431
			212.183122769426	-170.467508826893
			212.183122769426	-169.952501247356
			212.698130348963	-169.437493667818
			213.213137928501	-169.437493667818
			213.728145508038	-169.437493667818
			214.243153087576	-169.437493667818
			214.758160667113	-169.952501247356
			215.273168246651	-169.952501247356
			215.788175826188	-169.952501247356
			216.303183405725	-169.952501247356
			216.818190985263	-169.437493667818
			217.3331985648	-169.437493667818
		</Right_Wing>
		<Right_Side type=matrix rownames=FALSE colnames=FALSE nrow=60 ncol=2 as.numeric=TRUE >
			217.3331985648	-169.437493667818
			217.3331985648	-168.922486088281
			217.3331985648	-168.407478508743
			217.3331985648	-167.892470929206
			217.3331985648	-167.377463349668
			217.3331985648	-166.862455770131
			217.3331985648	-166.347448190594
			217.3331985648	-165.832440611056
			217.3331985648	-165.317433031519
			217.3331985648	-164.802425451981
			217.3331985648	-164.287417872444
			216.818190985263	-163.772410292906
			216.818190985263	-163.257402713369
			216.303183405725	-162.742395133832
			215.788175826188	-162.742395133832
			215.788175826188	-162.227387554294
			215.788175826188	-161.712379974757
			215.273168246651	-161.197372395219
			215.273168246651	-160.682364815682
			215.273168246651	-160.167357236144
			215.273168246651	-159.652349656607
			214.758160667113	-159.137342077069
			214.758160667113	-158.622334497532
			214.758160667113	-158.107326917995
			214.758160667113	-157.592319338457
			214.758160667113	-157.07731175892
			214.758160667113	-156.562304179382
			214.758160667113	-156.047296599845
			214.243153087576	-156.047296599845
			214.243153087576	-155.532289020307
			214.243153087576	-155.01728144077
			214.243153087576	-154.502273861232
			214.243153087576	-153.987266281695
			213.728145508038	-153.472258702158
			213.728145508038	-152.95725112262
			213.728145508038	-152.442243543083
			213.728145508038	-151.927235963545
			213.728145508038	-151.412228384008
			213.728145508038	-150.89722080447
			213.728145508038	-150.382213224933
			213.728145508038	-149.867205645395
			213.728145508038	-149.352198065858
			213.213137928501	-148.837190486321
			213.213137928501	-148.322182906783
			212.698130348963	-147.807175327246
			212.698130348963	-147.292167747708
			212.183122769426	-146.777160168171
			212.183122769426	-146.262152588633
			211.668115189888	-145.747145009096
			211.668115189888	-145.232137429558
			211.668115189888	-144.717129850021
			211.153107610351	-144.202122270484
			210.638100030814	-143.687114690946
			210.638100030814	-143.172107111409
			210.638100030814	-142.657099531871
			210.123092451276	-142.142091952334
			210.123092451276	-141.627084372796
			210.123092451276	-141.112076793259
			209.608084871739	-141.112076793259
			209.608084871739	-140.597069213722
		</Right_Side>
	</curves.scaled>
	<ruler.points type=matrix rownames=TRUE colnames=FALSE nrow=6 ncol=2 as.numeric=TRUE >
		Ruler point 1	205	579
		Ruler point 2	224	579
		Ruler point 3	243	579
		Ruler point 4	263	579
		Ruler point 5	282	579
		Ruler point 6	302	579
	</ruler.points>
</shapes>

