<shapes type=list>
	<ruler.pixel type=vector names=FALSE length=1 as.numeric=TRUE >27</ruler.pixel>
	<ruler.interval type=vector names=FALSE length=1 as.numeric=TRUE >10</ruler.interval>
	<scaling.units type=vector names=FALSE length=1 as.numeric=FALSE >mm</scaling.units>
	<scaling type=vector names=FALSE length=1 as.numeric=TRUE >0.37037037037037</scaling>
	<landmarks.pixel type=matrix rownames=TRUE colnames=FALSE nrow=4 ncol=2 as.numeric=TRUE >
		Point_Tip	167	399
		Left_Tang_Center	144	474
		Base_Center	164	492
		Right_Tang_Center	184	477
	</landmarks.pixel>
	<landmarks.scaled type=matrix rownames=TRUE colnames=FALSE nrow=4 ncol=2 as.numeric=TRUE >
		Point_Tip	61.8518518518518	-147.777777777778
		Left_Tang_Center	53.3333333333333	-175.555555555556
		Base_Center	60.7407407407407	-182.222222222222
		Right_Tang_Center	68.1481481481481	-176.666666666667
	</landmarks.scaled>
	<curves.control type=list>
		<Left_Side type=matrix rownames=FALSE colnames=FALSE nrow=7 ncol=2 as.numeric=TRUE >
			167	399
			166	399
			165	400
			165	402
			158	425
			151	451
			144	474
		</Left_Side>
		<Left_Wing type=matrix rownames=FALSE colnames=FALSE nrow=11 ncol=2 as.numeric=TRUE >
			144	474
			145	476
			149	476
			153	472
			156	469
			159	468
			158	472
			158	481
			159	486
			162	492
			164	492
		</Left_Wing>
		<Right_Wing type=matrix rownames=FALSE colnames=FALSE nrow=13 ncol=2 as.numeric=TRUE >
			164	492
			166	492
			167	491
			170	487
			171	479
			171	475
			171	472
			172	470
			174	471
			177	473
			179	475
			181	477
			184	477
		</Right_Wing>
		<Right_Side type=matrix rownames=FALSE colnames=FALSE nrow=13 ncol=2 as.numeric=TRUE >
			184	477
			185	475
			185	471
			182	467
			183	462
			181	458
			177	441
			174	428
			171	412
			170	408
			169	402
			168	400
			167	399
		</Right_Side>
	</curves.control>
	<curves.pixel type=list>
		<Left_Side type=matrix rownames=FALSE colnames=FALSE nrow=78 ncol=2 as.numeric=TRUE >
			167	399
			166	399
			165	400
			165	401
			165	402
			164	403
			164	404
			164	405
			164	406
			163	407
			163	408
			163	409
			163	410
			162	411
			162	412
			161	413
			161	414
			161	415
			161	416
			160	417
			160	418
			160	419
			160	420
			159	421
			159	422
			159	423
			158	424
			158	425
			158	426
			157	427
			157	428
			157	429
			157	430
			156	431
			156	432
			156	433
			156	434
			155	435
			155	436
			155	437
			154	438
			154	439
			154	440
			154	441
			153	442
			153	443
			153	444
			153	445
			152	445
			152	446
			152	447
			152	448
			151	449
			151	450
			151	451
			151	452
			150	453
			150	454
			150	455
			149	456
			149	457
			149	458
			148	459
			148	460
			148	461
			148	462
			147	463
			147	464
			147	465
			146	466
			146	467
			146	468
			145	469
			145	470
			145	471
			145	472
			144	473
			144	474
		</Left_Side>
		<Left_Wing type=matrix rownames=FALSE colnames=FALSE nrow=40 ncol=2 as.numeric=TRUE >
			144	474
			145	475
			146	475
			147	476
			148	476
			149	476
			150	475
			151	474
			152	473
			153	472
			154	471
			155	470
			156	469
			157	469
			158	469
			158	470
			158	471
			158	472
			158	473
			158	474
			158	475
			158	476
			158	477
			158	478
			158	479
			158	480
			158	481
			158	482
			159	483
			159	484
			159	485
			159	486
			160	487
			160	488
			161	489
			161	490
			162	490
			162	491
			163	492
			164	492
		</Left_Wing>
		<Right_Wing type=matrix rownames=FALSE colnames=FALSE nrow=37 ncol=2 as.numeric=TRUE >
			164	492
			165	492
			166	492
			167	491
			168	490
			168	489
			169	488
			169	487
			169	486
			170	485
			170	484
			170	483
			171	482
			171	481
			171	480
			171	479
			171	478
			171	477
			171	476
			171	475
			171	474
			171	473
			171	472
			171	471
			172	471
			173	471
			174	471
			175	471
			176	472
			177	473
			178	474
			179	475
			180	476
			181	477
			182	477
			183	477
			184	477
		</Right_Wing>
		<Right_Side type=matrix rownames=FALSE colnames=FALSE nrow=82 ncol=2 as.numeric=TRUE >
			184	477
			184	476
			185	476
			185	475
			185	474
			185	473
			185	472
			185	471
			184	470
			184	469
			184	468
			183	468
			183	467
			183	466
			183	465
			183	464
			183	463
			183	462
			182	461
			182	460
			182	459
			181	458
			181	457
			181	456
			181	455
			180	454
			180	453
			180	452
			180	451
			179	450
			179	449
			179	448
			178	447
			178	446
			178	445
			178	444
			177	443
			177	442
			177	441
			177	440
			177	439
			176	438
			176	437
			176	436
			176	435
			175	434
			175	433
			175	432
			175	431
			175	430
			174	429
			174	428
			174	427
			174	426
			174	425
			173	424
			173	423
			173	422
			173	421
			173	420
			172	419
			172	418
			172	417
			172	416
			172	415
			171	414
			171	413
			171	412
			171	411
			171	410
			170	409
			170	408
			170	407
			170	406
			169	405
			169	404
			169	403
			169	402
			169	401
			168	401
			168	400
			167	399
		</Right_Side>
	</curves.pixel>
	<curves.scaled type=list>
		<Left_Side type=matrix rownames=FALSE colnames=FALSE nrow=78 ncol=2 as.numeric=TRUE >
			61.8518518518518	-147.777777777778
			61.4814814814815	-147.777777777778
			61.1111111111111	-148.148148148148
			61.1111111111111	-148.518518518518
			61.1111111111111	-148.888888888889
			60.7407407407407	-149.259259259259
			60.7407407407407	-149.62962962963
			60.7407407407407	-150
			60.7407407407407	-150.37037037037
			60.3703703703704	-150.740740740741
			60.3703703703704	-151.111111111111
			60.3703703703704	-151.481481481481
			60.3703703703704	-151.851851851852
			60	-152.222222222222
			60	-152.592592592593
			59.6296296296296	-152.962962962963
			59.6296296296296	-153.333333333333
			59.6296296296296	-153.703703703704
			59.6296296296296	-154.074074074074
			59.2592592592592	-154.444444444444
			59.2592592592592	-154.814814814815
			59.2592592592592	-155.185185185185
			59.2592592592592	-155.555555555556
			58.8888888888889	-155.925925925926
			58.8888888888889	-156.296296296296
			58.8888888888889	-156.666666666667
			58.5185185185185	-157.037037037037
			58.5185185185185	-157.407407407407
			58.5185185185185	-157.777777777778
			58.1481481481481	-158.148148148148
			58.1481481481481	-158.518518518518
			58.1481481481481	-158.888888888889
			58.1481481481481	-159.259259259259
			57.7777777777778	-159.62962962963
			57.7777777777778	-160
			57.7777777777778	-160.37037037037
			57.7777777777778	-160.740740740741
			57.4074074074074	-161.111111111111
			57.4074074074074	-161.481481481481
			57.4074074074074	-161.851851851852
			57.037037037037	-162.222222222222
			57.037037037037	-162.592592592593
			57.037037037037	-162.962962962963
			57.037037037037	-163.333333333333
			56.6666666666667	-163.703703703704
			56.6666666666667	-164.074074074074
			56.6666666666667	-164.444444444444
			56.6666666666667	-164.814814814815
			56.2962962962963	-164.814814814815
			56.2962962962963	-165.185185185185
			56.2962962962963	-165.555555555556
			56.2962962962963	-165.925925925926
			55.9259259259259	-166.296296296296
			55.9259259259259	-166.666666666667
			55.9259259259259	-167.037037037037
			55.9259259259259	-167.407407407407
			55.5555555555555	-167.777777777778
			55.5555555555555	-168.148148148148
			55.5555555555555	-168.518518518518
			55.1851851851852	-168.888888888889
			55.1851851851852	-169.259259259259
			55.1851851851852	-169.62962962963
			54.8148148148148	-170
			54.8148148148148	-170.37037037037
			54.8148148148148	-170.740740740741
			54.8148148148148	-171.111111111111
			54.4444444444444	-171.481481481481
			54.4444444444444	-171.851851851852
			54.4444444444444	-172.222222222222
			54.0740740740741	-172.592592592593
			54.0740740740741	-172.962962962963
			54.0740740740741	-173.333333333333
			53.7037037037037	-173.703703703704
			53.7037037037037	-174.074074074074
			53.7037037037037	-174.444444444444
			53.7037037037037	-174.814814814815
			53.3333333333333	-175.185185185185
			53.3333333333333	-175.555555555556
		</Left_Side>
		<Left_Wing type=matrix rownames=FALSE colnames=FALSE nrow=40 ncol=2 as.numeric=TRUE >
			53.3333333333333	-175.555555555556
			53.7037037037037	-175.925925925926
			54.0740740740741	-175.925925925926
			54.4444444444444	-176.296296296296
			54.8148148148148	-176.296296296296
			55.1851851851852	-176.296296296296
			55.5555555555555	-175.925925925926
			55.9259259259259	-175.555555555556
			56.2962962962963	-175.185185185185
			56.6666666666667	-174.814814814815
			57.037037037037	-174.444444444444
			57.4074074074074	-174.074074074074
			57.7777777777778	-173.703703703704
			58.1481481481481	-173.703703703704
			58.5185185185185	-173.703703703704
			58.5185185185185	-174.074074074074
			58.5185185185185	-174.444444444444
			58.5185185185185	-174.814814814815
			58.5185185185185	-175.185185185185
			58.5185185185185	-175.555555555556
			58.5185185185185	-175.925925925926
			58.5185185185185	-176.296296296296
			58.5185185185185	-176.666666666667
			58.5185185185185	-177.037037037037
			58.5185185185185	-177.407407407407
			58.5185185185185	-177.777777777778
			58.5185185185185	-178.148148148148
			58.5185185185185	-178.518518518518
			58.8888888888889	-178.888888888889
			58.8888888888889	-179.259259259259
			58.8888888888889	-179.62962962963
			58.8888888888889	-180
			59.2592592592592	-180.37037037037
			59.2592592592592	-180.740740740741
			59.6296296296296	-181.111111111111
			59.6296296296296	-181.481481481481
			60	-181.481481481481
			60	-181.851851851852
			60.3703703703704	-182.222222222222
			60.7407407407407	-182.222222222222
		</Left_Wing>
		<Right_Wing type=matrix rownames=FALSE colnames=FALSE nrow=37 ncol=2 as.numeric=TRUE >
			60.7407407407407	-182.222222222222
			61.1111111111111	-182.222222222222
			61.4814814814815	-182.222222222222
			61.8518518518518	-181.851851851852
			62.2222222222222	-181.481481481481
			62.2222222222222	-181.111111111111
			62.5925925925926	-180.740740740741
			62.5925925925926	-180.37037037037
			62.5925925925926	-180
			62.9629629629629	-179.62962962963
			62.9629629629629	-179.259259259259
			62.9629629629629	-178.888888888889
			63.3333333333333	-178.518518518518
			63.3333333333333	-178.148148148148
			63.3333333333333	-177.777777777778
			63.3333333333333	-177.407407407407
			63.3333333333333	-177.037037037037
			63.3333333333333	-176.666666666667
			63.3333333333333	-176.296296296296
			63.3333333333333	-175.925925925926
			63.3333333333333	-175.555555555556
			63.3333333333333	-175.185185185185
			63.3333333333333	-174.814814814815
			63.3333333333333	-174.444444444444
			63.7037037037037	-174.444444444444
			64.0740740740741	-174.444444444444
			64.4444444444444	-174.444444444444
			64.8148148148148	-174.444444444444
			65.1851851851852	-174.814814814815
			65.5555555555555	-175.185185185185
			65.9259259259259	-175.555555555556
			66.2962962962963	-175.925925925926
			66.6666666666667	-176.296296296296
			67.037037037037	-176.666666666667
			67.4074074074074	-176.666666666667
			67.7777777777778	-176.666666666667
			68.1481481481481	-176.666666666667
		</Right_Wing>
		<Right_Side type=matrix rownames=FALSE colnames=FALSE nrow=82 ncol=2 as.numeric=TRUE >
			68.1481481481481	-176.666666666667
			68.1481481481481	-176.296296296296
			68.5185185185185	-176.296296296296
			68.5185185185185	-175.925925925926
			68.5185185185185	-175.555555555556
			68.5185185185185	-175.185185185185
			68.5185185185185	-174.814814814815
			68.5185185185185	-174.444444444444
			68.1481481481481	-174.074074074074
			68.1481481481481	-173.703703703704
			68.1481481481481	-173.333333333333
			67.7777777777778	-173.333333333333
			67.7777777777778	-172.962962962963
			67.7777777777778	-172.592592592593
			67.7777777777778	-172.222222222222
			67.7777777777778	-171.851851851852
			67.7777777777778	-171.481481481481
			67.7777777777778	-171.111111111111
			67.4074074074074	-170.740740740741
			67.4074074074074	-170.37037037037
			67.4074074074074	-170
			67.037037037037	-169.62962962963
			67.037037037037	-169.259259259259
			67.037037037037	-168.888888888889
			67.037037037037	-168.518518518518
			66.6666666666667	-168.148148148148
			66.6666666666667	-167.777777777778
			66.6666666666667	-167.407407407407
			66.6666666666667	-167.037037037037
			66.2962962962963	-166.666666666667
			66.2962962962963	-166.296296296296
			66.2962962962963	-165.925925925926
			65.9259259259259	-165.555555555556
			65.9259259259259	-165.185185185185
			65.9259259259259	-164.814814814815
			65.9259259259259	-164.444444444444
			65.5555555555555	-164.074074074074
			65.5555555555555	-163.703703703704
			65.5555555555555	-163.333333333333
			65.5555555555555	-162.962962962963
			65.5555555555555	-162.592592592593
			65.1851851851852	-162.222222222222
			65.1851851851852	-161.851851851852
			65.1851851851852	-161.481481481481
			65.1851851851852	-161.111111111111
			64.8148148148148	-160.740740740741
			64.8148148148148	-160.37037037037
			64.8148148148148	-160
			64.8148148148148	-159.62962962963
			64.8148148148148	-159.259259259259
			64.4444444444444	-158.888888888889
			64.4444444444444	-158.518518518518
			64.4444444444444	-158.148148148148
			64.4444444444444	-157.777777777778
			64.4444444444444	-157.407407407407
			64.0740740740741	-157.037037037037
			64.0740740740741	-156.666666666667
			64.0740740740741	-156.296296296296
			64.0740740740741	-155.925925925926
			64.0740740740741	-155.555555555556
			63.7037037037037	-155.185185185185
			63.7037037037037	-154.814814814815
			63.7037037037037	-154.444444444444
			63.7037037037037	-154.074074074074
			63.7037037037037	-153.703703703704
			63.3333333333333	-153.333333333333
			63.3333333333333	-152.962962962963
			63.3333333333333	-152.592592592593
			63.3333333333333	-152.222222222222
			63.3333333333333	-151.851851851852
			62.9629629629629	-151.481481481481
			62.9629629629629	-151.111111111111
			62.9629629629629	-150.740740740741
			62.9629629629629	-150.37037037037
			62.5925925925926	-150
			62.5925925925926	-149.62962962963
			62.5925925925926	-149.259259259259
			62.5925925925926	-148.888888888889
			62.5925925925926	-148.518518518518
			62.2222222222222	-148.518518518518
			62.2222222222222	-148.148148148148
			61.8518518518518	-147.777777777778
		</Right_Side>
	</curves.scaled>
	<ruler.points type=matrix rownames=TRUE colnames=FALSE nrow=6 ncol=2 as.numeric=TRUE >
		Ruler point 1	198	532
		Ruler point 2	225	533
		Ruler point 3	252	533
		Ruler point 4	279	533
		Ruler point 5	306	533
		Ruler point 6	334	533
	</ruler.points>
</shapes>

