<shapes type=list>
	<ruler.pixel type=vector names=FALSE length=1 as.numeric=TRUE >29.2760092188137</ruler.pixel>
	<ruler.interval type=vector names=FALSE length=1 as.numeric=TRUE >10</ruler.interval>
	<scaling.units type=vector names=FALSE length=1 as.numeric=FALSE >mm</scaling.units>
	<scaling type=vector names=FALSE length=1 as.numeric=TRUE >0.341576610570736</scaling>
	<landmarks.pixel type=matrix rownames=TRUE colnames=FALSE nrow=4 ncol=2 as.numeric=TRUE >
		Point_Tip	104	397
		Left_Tang_Center	84	479
		Base_Center	99	509
		Right_Tang_Center	123	490
	</landmarks.pixel>
	<landmarks.scaled type=matrix rownames=TRUE colnames=FALSE nrow=4 ncol=2 as.numeric=TRUE >
		Point_Tip	35.5239674993565	-135.605914396582
		Left_Tang_Center	28.6924352879418	-163.615196463382
		Base_Center	33.8160844465028	-173.862494780505
		Right_Tang_Center	42.0139231002005	-167.372539179661
	</landmarks.scaled>
	<curves.control type=list>
		<Left_Side type=matrix rownames=FALSE colnames=FALSE nrow=23 ncol=2 as.numeric=TRUE >
			104	397
			102	397
			102	400
			98	409
			95	420
			96	422
			94	423
			94	427
			93	434
			91	436
			92	439
			90	442
			90	447
			87	449
			88	451
			89	458
			85	457
			86	462
			84	464
			85	468
			82	475
			82	477
			84	479
		</Left_Side>
		<Left_Wing type=matrix rownames=FALSE colnames=FALSE nrow=7 ncol=2 as.numeric=TRUE >
			84	479
			87	482
			90	482
			94	483
			93	488
			96	510
			99	509
		</Left_Wing>
		<Right_Wing type=matrix rownames=FALSE colnames=FALSE nrow=11 ncol=2 as.numeric=TRUE >
			99	509
			104	509
			107	489
			106	487
			108	486
			108	481
			110	480
			113	482
			119	488
			120	491
			123	490
		</Right_Wing>
		<Right_Side type=matrix rownames=FALSE colnames=FALSE nrow=21 ncol=2 as.numeric=TRUE >
			123	490
			126	488
			124	483
			122	477
			121	474
			120	472
			121	468
			117	466
			119	461
			117	459
			119	456
			116	455
			117	450
			113	448
			116	442
			111	439
			110	431
			111	425
			107	412
			105	407
			104	397
		</Right_Side>
	</curves.control>
	<curves.pixel type=list>
		<Left_Side type=matrix rownames=FALSE colnames=FALSE nrow=89 ncol=2 as.numeric=TRUE >
			104	397
			103	397
			103	398
			102	399
			102	400
			102	401
			101	402
			101	403
			100	404
			100	405
			99	406
			99	407
			99	408
			98	409
			98	410
			98	411
			97	412
			97	413
			97	414
			97	415
			96	415
			96	416
			96	417
			96	418
			95	419
			95	420
			95	421
			95	422
			94	423
			94	424
			94	425
			94	426
			94	427
			94	428
			94	429
			93	430
			93	431
			93	432
			93	433
			93	434
			93	435
			92	435
			92	436
			92	437
			92	438
			92	439
			91	440
			91	441
			91	442
			90	443
			90	444
			90	445
			90	446
			90	447
			89	447
			89	448
			88	449
			88	450
			88	451
			88	452
			88	453
			88	454
			88	455
			88	456
			87	457
			86	457
			85	458
			85	459
			85	460
			85	461
			85	462
			85	463
			84	464
			84	465
			84	466
			84	467
			84	468
			84	469
			84	470
			83	471
			83	472
			83	473
			82	474
			82	475
			82	476
			82	477
			83	477
			83	478
			84	479
		</Left_Side>
		<Left_Wing type=matrix rownames=FALSE colnames=FALSE nrow=37 ncol=2 as.numeric=TRUE >
			84	479
			85	480
			86	481
			87	481
			88	482
			89	482
			90	482
			91	482
			92	483
			93	484
			93	485
			93	486
			93	487
			93	488
			93	489
			93	490
			93	491
			94	492
			94	493
			94	494
			94	495
			94	496
			94	497
			95	498
			95	499
			95	500
			95	501
			95	502
			96	503
			96	504
			96	505
			97	506
			97	507
			97	508
			98	508
			98	509
			99	509
		</Left_Wing>
		<Right_Wing type=matrix rownames=FALSE colnames=FALSE nrow=46 ncol=2 as.numeric=TRUE >
			99	509
			100	509
			101	508
			102	507
			103	506
			103	505
			104	504
			104	503
			104	502
			104	501
			105	500
			105	499
			105	498
			106	497
			106	496
			106	495
			106	494
			106	493
			106	492
			107	492
			107	491
			107	490
			107	489
			107	488
			107	487
			108	486
			108	485
			108	484
			108	483
			109	482
			109	481
			110	480
			111	481
			112	482
			113	483
			114	483
			115	484
			116	485
			117	486
			118	487
			119	488
			119	489
			120	490
			121	490
			122	490
			123	490
		</Right_Wing>
		<Right_Side type=matrix rownames=FALSE colnames=FALSE nrow=103 ncol=2 as.numeric=TRUE >
			123	490
			124	490
			124	489
			125	488
			125	487
			125	486
			125	485
			124	484
			124	483
			124	482
			123	481
			123	480
			123	479
			122	478
			122	477
			122	476
			121	475
			121	474
			121	473
			121	472
			121	471
			121	470
			121	469
			120	468
			119	467
			119	466
			118	465
			118	464
			118	463
			119	462
			119	461
			118	460
			118	459
			118	458
			118	457
			119	456
			118	455
			117	454
			117	453
			117	452
			117	451
			117	450
			116	449
			115	449
			115	448
			115	447
			115	446
			115	445
			115	444
			115	443
			116	442
			115	442
			115	441
			114	441
			114	440
			113	439
			112	439
			112	438
			112	437
			111	436
			111	435
			111	434
			110	433
			110	432
			110	431
			110	430
			110	429
			110	428
			110	427
			110	426
			110	425
			110	424
			110	423
			109	422
			109	421
			109	420
			109	419
			109	418
			109	417
			108	417
			108	416
			108	415
			108	414
			107	414
			107	413
			107	412
			107	411
			106	411
			106	410
			106	409
			106	408
			106	407
			105	406
			105	405
			105	404
			105	403
			105	402
			105	401
			104	401
			104	400
			104	399
			104	398
			104	397
		</Right_Side>
	</curves.pixel>
	<curves.scaled type=list>
		<Left_Side type=matrix rownames=FALSE colnames=FALSE nrow=89 ncol=2 as.numeric=TRUE >
			35.5239674993565	-135.605914396582
			35.1823908887858	-135.605914396582
			35.1823908887858	-135.947491007153
			34.840814278215	-136.289067617724
			34.840814278215	-136.630644228294
			34.840814278215	-136.972220838865
			34.4992376676443	-137.313797449436
			34.4992376676443	-137.655374060006
			34.1576610570736	-137.996950670577
			34.1576610570736	-138.338527281148
			33.8160844465028	-138.680103891719
			33.8160844465028	-139.021680502289
			33.8160844465028	-139.36325711286
			33.4745078359321	-139.704833723431
			33.4745078359321	-140.046410334002
			33.4745078359321	-140.387986944572
			33.1329312253614	-140.729563555143
			33.1329312253614	-141.071140165714
			33.1329312253614	-141.412716776285
			33.1329312253614	-141.754293386855
			32.7913546147906	-141.754293386855
			32.7913546147906	-142.095869997426
			32.7913546147906	-142.437446607997
			32.7913546147906	-142.779023218568
			32.4497780042199	-143.120599829138
			32.4497780042199	-143.462176439709
			32.4497780042199	-143.80375305028
			32.4497780042199	-144.14532966085
			32.1082013936492	-144.486906271421
			32.1082013936492	-144.828482881992
			32.1082013936492	-145.170059492563
			32.1082013936492	-145.511636103133
			32.1082013936492	-145.853212713704
			32.1082013936492	-146.194789324275
			32.1082013936492	-146.536365934846
			31.7666247830784	-146.877942545416
			31.7666247830784	-147.219519155987
			31.7666247830784	-147.561095766558
			31.7666247830784	-147.902672377129
			31.7666247830784	-148.244248987699
			31.7666247830784	-148.58582559827
			31.4250481725077	-148.58582559827
			31.4250481725077	-148.927402208841
			31.4250481725077	-149.268978819412
			31.4250481725077	-149.610555429982
			31.4250481725077	-149.952132040553
			31.083471561937	-150.293708651124
			31.083471561937	-150.635285261694
			31.083471561937	-150.976861872265
			30.7418949513662	-151.318438482836
			30.7418949513662	-151.660015093407
			30.7418949513662	-152.001591703977
			30.7418949513662	-152.343168314548
			30.7418949513662	-152.684744925119
			30.4003183407955	-152.684744925119
			30.4003183407955	-153.02632153569
			30.0587417302247	-153.36789814626
			30.0587417302247	-153.709474756831
			30.0587417302247	-154.051051367402
			30.0587417302247	-154.392627977973
			30.0587417302247	-154.734204588543
			30.0587417302247	-155.075781199114
			30.0587417302247	-155.417357809685
			30.0587417302247	-155.758934420255
			29.717165119654	-156.100511030826
			29.3755885090833	-156.100511030826
			29.0340118985125	-156.442087641397
			29.0340118985125	-156.783664251968
			29.0340118985125	-157.125240862538
			29.0340118985125	-157.466817473109
			29.0340118985125	-157.80839408368
			29.0340118985125	-158.149970694251
			28.6924352879418	-158.491547304821
			28.6924352879418	-158.833123915392
			28.6924352879418	-159.174700525963
			28.6924352879418	-159.516277136534
			28.6924352879418	-159.857853747104
			28.6924352879418	-160.199430357675
			28.6924352879418	-160.541006968246
			28.3508586773711	-160.882583578817
			28.3508586773711	-161.224160189387
			28.3508586773711	-161.565736799958
			28.0092820668003	-161.907313410529
			28.0092820668003	-162.248890021099
			28.0092820668003	-162.59046663167
			28.0092820668003	-162.932043242241
			28.3508586773711	-162.932043242241
			28.3508586773711	-163.273619852812
			28.6924352879418	-163.615196463382
		</Left_Side>
		<Left_Wing type=matrix rownames=FALSE colnames=FALSE nrow=37 ncol=2 as.numeric=TRUE >
			28.6924352879418	-163.615196463382
			29.0340118985125	-163.956773073953
			29.3755885090833	-164.298349684524
			29.717165119654	-164.298349684524
			30.0587417302247	-164.639926295095
			30.4003183407955	-164.639926295095
			30.7418949513662	-164.639926295095
			31.083471561937	-164.639926295095
			31.4250481725077	-164.981502905665
			31.7666247830784	-165.323079516236
			31.7666247830784	-165.664656126807
			31.7666247830784	-166.006232737378
			31.7666247830784	-166.347809347948
			31.7666247830784	-166.689385958519
			31.7666247830784	-167.03096256909
			31.7666247830784	-167.372539179661
			31.7666247830784	-167.714115790231
			32.1082013936492	-168.055692400802
			32.1082013936492	-168.397269011373
			32.1082013936492	-168.738845621943
			32.1082013936492	-169.080422232514
			32.1082013936492	-169.421998843085
			32.1082013936492	-169.763575453656
			32.4497780042199	-170.105152064226
			32.4497780042199	-170.446728674797
			32.4497780042199	-170.788305285368
			32.4497780042199	-171.129881895939
			32.4497780042199	-171.471458506509
			32.7913546147906	-171.81303511708
			32.7913546147906	-172.154611727651
			32.7913546147906	-172.496188338222
			33.1329312253614	-172.837764948792
			33.1329312253614	-173.179341559363
			33.1329312253614	-173.520918169934
			33.4745078359321	-173.520918169934
			33.4745078359321	-173.862494780505
			33.8160844465028	-173.862494780505
		</Left_Wing>
		<Right_Wing type=matrix rownames=FALSE colnames=FALSE nrow=46 ncol=2 as.numeric=TRUE >
			33.8160844465028	-173.862494780505
			34.1576610570736	-173.862494780505
			34.4992376676443	-173.520918169934
			34.840814278215	-173.179341559363
			35.1823908887858	-172.837764948792
			35.1823908887858	-172.496188338222
			35.5239674993565	-172.154611727651
			35.5239674993565	-171.81303511708
			35.5239674993565	-171.471458506509
			35.5239674993565	-171.129881895939
			35.8655441099272	-170.788305285368
			35.8655441099272	-170.446728674797
			35.8655441099272	-170.105152064226
			36.207120720498	-169.763575453656
			36.207120720498	-169.421998843085
			36.207120720498	-169.080422232514
			36.207120720498	-168.738845621943
			36.207120720498	-168.397269011373
			36.207120720498	-168.055692400802
			36.5486973310687	-168.055692400802
			36.5486973310687	-167.714115790231
			36.5486973310687	-167.372539179661
			36.5486973310687	-167.03096256909
			36.5486973310687	-166.689385958519
			36.5486973310687	-166.347809347948
			36.8902739416395	-166.006232737378
			36.8902739416395	-165.664656126807
			36.8902739416395	-165.323079516236
			36.8902739416395	-164.981502905665
			37.2318505522102	-164.639926295095
			37.2318505522102	-164.298349684524
			37.5734271627809	-163.956773073953
			37.9150037733517	-164.298349684524
			38.2565803839224	-164.639926295095
			38.5981569944931	-164.981502905665
			38.9397336050639	-164.981502905665
			39.2813102156346	-165.323079516236
			39.6228868262053	-165.664656126807
			39.9644634367761	-166.006232737378
			40.3060400473468	-166.347809347948
			40.6476166579176	-166.689385958519
			40.6476166579176	-167.03096256909
			40.9891932684883	-167.372539179661
			41.330769879059	-167.372539179661
			41.6723464896298	-167.372539179661
			42.0139231002005	-167.372539179661
		</Right_Wing>
		<Right_Side type=matrix rownames=FALSE colnames=FALSE nrow=103 ncol=2 as.numeric=TRUE >
			42.0139231002005	-167.372539179661
			42.3554997107712	-167.372539179661
			42.3554997107712	-167.03096256909
			42.697076321342	-166.689385958519
			42.697076321342	-166.347809347948
			42.697076321342	-166.006232737378
			42.697076321342	-165.664656126807
			42.3554997107712	-165.323079516236
			42.3554997107712	-164.981502905665
			42.3554997107712	-164.639926295095
			42.0139231002005	-164.298349684524
			42.0139231002005	-163.956773073953
			42.0139231002005	-163.615196463382
			41.6723464896298	-163.273619852812
			41.6723464896298	-162.932043242241
			41.6723464896298	-162.59046663167
			41.330769879059	-162.248890021099
			41.330769879059	-161.907313410529
			41.330769879059	-161.565736799958
			41.330769879059	-161.224160189387
			41.330769879059	-160.882583578817
			41.330769879059	-160.541006968246
			41.330769879059	-160.199430357675
			40.9891932684883	-159.857853747104
			40.6476166579176	-159.516277136534
			40.6476166579176	-159.174700525963
			40.3060400473468	-158.833123915392
			40.3060400473468	-158.491547304821
			40.3060400473468	-158.149970694251
			40.6476166579176	-157.80839408368
			40.6476166579176	-157.466817473109
			40.3060400473468	-157.125240862538
			40.3060400473468	-156.783664251968
			40.3060400473468	-156.442087641397
			40.3060400473468	-156.100511030826
			40.6476166579176	-155.758934420255
			40.3060400473468	-155.417357809685
			39.9644634367761	-155.075781199114
			39.9644634367761	-154.734204588543
			39.9644634367761	-154.392627977973
			39.9644634367761	-154.051051367402
			39.9644634367761	-153.709474756831
			39.6228868262053	-153.36789814626
			39.2813102156346	-153.36789814626
			39.2813102156346	-153.02632153569
			39.2813102156346	-152.684744925119
			39.2813102156346	-152.343168314548
			39.2813102156346	-152.001591703977
			39.2813102156346	-151.660015093407
			39.2813102156346	-151.318438482836
			39.6228868262053	-150.976861872265
			39.2813102156346	-150.976861872265
			39.2813102156346	-150.635285261694
			38.9397336050639	-150.635285261694
			38.9397336050639	-150.293708651124
			38.5981569944931	-149.952132040553
			38.2565803839224	-149.952132040553
			38.2565803839224	-149.610555429982
			38.2565803839224	-149.268978819412
			37.9150037733517	-148.927402208841
			37.9150037733517	-148.58582559827
			37.9150037733517	-148.244248987699
			37.5734271627809	-147.902672377129
			37.5734271627809	-147.561095766558
			37.5734271627809	-147.219519155987
			37.5734271627809	-146.877942545416
			37.5734271627809	-146.536365934846
			37.5734271627809	-146.194789324275
			37.5734271627809	-145.853212713704
			37.5734271627809	-145.511636103133
			37.5734271627809	-145.170059492563
			37.5734271627809	-144.828482881992
			37.5734271627809	-144.486906271421
			37.2318505522102	-144.14532966085
			37.2318505522102	-143.80375305028
			37.2318505522102	-143.462176439709
			37.2318505522102	-143.120599829138
			37.2318505522102	-142.779023218568
			37.2318505522102	-142.437446607997
			36.8902739416395	-142.437446607997
			36.8902739416395	-142.095869997426
			36.8902739416395	-141.754293386855
			36.8902739416395	-141.412716776285
			36.5486973310687	-141.412716776285
			36.5486973310687	-141.071140165714
			36.5486973310687	-140.729563555143
			36.5486973310687	-140.387986944572
			36.207120720498	-140.387986944572
			36.207120720498	-140.046410334002
			36.207120720498	-139.704833723431
			36.207120720498	-139.36325711286
			36.207120720498	-139.021680502289
			35.8655441099272	-138.680103891719
			35.8655441099272	-138.338527281148
			35.8655441099272	-137.996950670577
			35.8655441099272	-137.655374060006
			35.8655441099272	-137.313797449436
			35.8655441099272	-136.972220838865
			35.5239674993565	-136.972220838865
			35.5239674993565	-136.630644228294
			35.5239674993565	-136.289067617724
			35.5239674993565	-135.947491007153
			35.5239674993565	-135.605914396582
		</Right_Side>
	</curves.scaled>
	<ruler.points type=matrix rownames=TRUE colnames=FALSE nrow=4 ncol=2 as.numeric=TRUE >
		Ruler point 1	82	344
		Ruler point 2	112	344
		Ruler point 3	141	344
		Ruler point 4	170	344
	</ruler.points>
</shapes>

