<shapes type=list>
	<ruler.interval type=vector names=FALSE length=1 as.numeric=TRUE >10</ruler.interval>
	<scaling.units type=vector names=FALSE length=1 as.numeric=FALSE >mm</scaling.units>
	<scaling type=vector names=FALSE length=1 as.numeric=TRUE >0.317503989684221</scaling>
	<landmarks.pixel type=matrix rownames=TRUE colnames=FALSE nrow=4 ncol=2 as.numeric=TRUE >
		Point_Tip	428	117
		Left_Tang_Center	375	204
		Base_Center	428	238
		Right_Tang_Center	478	212
	</landmarks.pixel>
	<landmarks.scaled type=matrix rownames=TRUE colnames=FALSE nrow=4 ncol=2 as.numeric=TRUE >
		Point_Tip	135.891707584846	-37.1479667930538
		Left_Tang_Center	119.063996131583	-64.770813895581
		Base_Center	135.891707584846	-75.5659495448445
		Right_Tang_Center	151.766907069057	-67.3108458130548
	</landmarks.scaled>
	<curves.control type=list>
		<Left_Side type=matrix rownames=FALSE colnames=FALSE nrow=23 ncol=2 as.numeric=TRUE >
			428	117
			423	118
			419	117
			417	120
			416	123
			415	125
			411	126
			408	130
			407	135
			405	138
			400	141
			398	143
			398	155
			388	161
			388	168
			381	171
			381	179
			381	186
			377	189
			377	194
			375	197
			374	201
			375	204
		</Left_Side>
		<Left_Wing type=matrix rownames=FALSE colnames=FALSE nrow=15 ncol=2 as.numeric=TRUE >
			375	204
			384	207
			389	207
			395	204
			400	201
			404	200
			410	202
			412	205
			412	208
			418	211
			416	217
			420	227
			422	233
			424	237
			428	238
		</Left_Wing>
		<Right_Wing type=matrix rownames=FALSE colnames=FALSE nrow=11 ncol=2 as.numeric=TRUE >
			428	238
			432	237
			434	233
			442	222
			448	208
			454	201
			458	205
			466	210
			471	213
			475	214
			478	212
		</Right_Wing>
		<Right_Side type=matrix rownames=FALSE colnames=FALSE nrow=15 ncol=2 as.numeric=TRUE >
			478	212
			484	210
			476	186
			475	177
			473	174
			469	170
			470	166
			463	156
			455	145
			447	134
			439	127
			437	121
			435	118
			431	116
			428	117
		</Right_Side>
	</curves.control>
	<curves.pixel type=list>
		<Left_Side type=matrix rownames=FALSE colnames=FALSE nrow=111 ncol=2 as.numeric=TRUE >
			428	117
			427	117
			426	117
			425	117
			424	117
			423	117
			422	117
			421	117
			420	117
			419	117
			418	118
			418	119
			417	120
			417	121
			416	122
			416	123
			416	124
			415	124
			415	125
			414	125
			413	125
			412	126
			411	126
			410	127
			410	128
			409	129
			409	130
			408	131
			408	132
			408	133
			407	133
			407	134
			407	135
			407	136
			406	136
			406	137
			405	137
			405	138
			404	138
			404	139
			403	139
			402	140
			401	141
			400	141
			399	142
			399	143
			399	144
			399	145
			398	146
			398	147
			398	148
			398	149
			398	150
			398	151
			398	152
			398	153
			398	154
			398	155
			397	156
			396	156
			395	157
			394	158
			393	159
			392	160
			391	161
			390	162
			389	163
			389	164
			389	165
			388	165
			388	166
			388	167
			388	168
			387	169
			386	169
			385	170
			384	171
			383	172
			382	173
			382	174
			382	175
			381	176
			381	177
			381	178
			381	179
			381	180
			381	181
			381	182
			381	183
			380	184
			380	185
			379	186
			379	187
			378	188
			377	189
			377	190
			377	191
			377	192
			377	193
			376	194
			376	195
			376	196
			375	196
			375	197
			375	198
			375	199
			375	200
			375	201
			375	202
			375	203
			375	204
		</Left_Side>
		<Left_Wing type=matrix rownames=FALSE colnames=FALSE nrow=76 ncol=2 as.numeric=TRUE >
			375	204
			376	204
			377	205
			378	205
			379	205
			380	206
			381	206
			382	206
			383	206
			384	206
			385	207
			386	207
			387	207
			388	207
			389	207
			390	206
			391	206
			392	205
			393	205
			394	205
			395	204
			396	203
			397	203
			398	202
			399	202
			400	201
			401	201
			402	201
			403	201
			404	201
			405	201
			406	201
			407	201
			408	201
			409	202
			410	202
			411	203
			411	204
			412	205
			412	206
			412	207
			412	208
			413	209
			414	209
			415	210
			415	211
			416	212
			416	213
			416	214
			416	215
			416	216
			416	217
			416	218
			417	219
			417	220
			418	221
			418	222
			418	223
			419	223
			419	224
			419	225
			420	226
			420	227
			420	228
			421	229
			421	230
			421	231
			422	232
			422	233
			423	234
			423	235
			424	236
			425	237
			426	237
			427	238
			428	238
		</Left_Wing>
		<Right_Wing type=matrix rownames=FALSE colnames=FALSE nrow=67 ncol=2 as.numeric=TRUE >
			428	238
			429	238
			430	237
			431	237
			431	236
			432	236
			433	235
			434	234
			434	233
			435	232
			436	231
			436	230
			437	229
			438	228
			438	227
			438	226
			439	226
			439	225
			440	224
			440	223
			441	223
			441	222
			442	221
			442	220
			443	219
			443	218
			444	217
			444	216
			445	215
			445	214
			446	213
			446	212
			447	211
			447	210
			447	209
			448	208
			449	207
			450	206
			451	205
			452	204
			453	204
			454	204
			455	204
			456	204
			457	204
			458	205
			459	206
			460	206
			461	207
			462	207
			463	208
			464	208
			464	209
			465	209
			466	210
			467	210
			468	211
			469	212
			470	213
			471	213
			472	213
			473	213
			474	213
			475	213
			476	213
			477	213
			478	212
		</Right_Wing>
		<Right_Side type=matrix rownames=FALSE colnames=FALSE nrow=106 ncol=2 as.numeric=TRUE >
			478	212
			479	212
			479	211
			480	211
			480	210
			480	209
			481	208
			481	207
			481	206
			481	205
			480	204
			480	203
			480	202
			480	201
			480	200
			480	199
			479	198
			479	197
			479	196
			479	195
			479	194
			478	193
			478	192
			478	191
			477	190
			477	189
			477	188
			476	187
			476	186
			476	185
			476	184
			476	183
			475	182
			475	181
			475	180
			475	179
			475	178
			474	177
			474	176
			474	175
			473	174
			472	173
			471	172
			471	171
			470	170
			470	169
			470	168
			470	167
			470	166
			469	165
			469	164
			468	163
			467	162
			466	161
			466	160
			465	159
			464	158
			464	157
			463	156
			462	155
			461	154
			461	153
			460	152
			459	151
			459	150
			458	149
			457	148
			456	147
			456	146
			455	145
			454	144
			453	143
			453	142
			452	141
			451	140
			450	139
			450	138
			449	137
			448	136
			447	135
			446	134
			445	133
			444	132
			443	131
			442	130
			441	129
			441	128
			440	128
			439	127
			439	126
			438	125
			438	124
			438	123
			437	122
			437	121
			436	120
			436	119
			435	119
			435	118
			434	118
			433	117
			432	117
			431	117
			430	117
			429	117
			428	117
		</Right_Side>
	</curves.pixel>
	<curves.scaled type=list>
		<Left_Side type=matrix rownames=FALSE colnames=FALSE nrow=111 ncol=2 as.numeric=TRUE >
			135.891707584846	-37.1479667930538
			135.574203595162	-37.1479667930538
			135.256699605478	-37.1479667930538
			134.939195615794	-37.1479667930538
			134.62169162611	-37.1479667930538
			134.304187636425	-37.1479667930538
			133.986683646741	-37.1479667930538
			133.669179657057	-37.1479667930538
			133.351675667373	-37.1479667930538
			133.034171677688	-37.1479667930538
			132.716667688004	-37.465470782738
			132.716667688004	-37.7829747724223
			132.39916369832	-38.1004787621065
			132.39916369832	-38.4179827517907
			132.081659708636	-38.7354867414749
			132.081659708636	-39.0529907311591
			132.081659708636	-39.3704947208434
			131.764155718952	-39.3704947208434
			131.764155718952	-39.6879987105276
			131.446651729267	-39.6879987105276
			131.129147739583	-39.6879987105276
			130.811643749899	-40.0055027002118
			130.494139760215	-40.0055027002118
			130.17663577053	-40.323006689896
			130.17663577053	-40.6405106795802
			129.859131780846	-40.9580146692645
			129.859131780846	-41.2755186589487
			129.541627791162	-41.5930226486329
			129.541627791162	-41.9105266383171
			129.541627791162	-42.2280306280013
			129.224123801478	-42.2280306280013
			129.224123801478	-42.5455346176856
			129.224123801478	-42.8630386073698
			129.224123801478	-43.180542597054
			128.906619811794	-43.180542597054
			128.906619811794	-43.4980465867382
			128.589115822109	-43.4980465867382
			128.589115822109	-43.8155505764225
			128.271611832425	-43.8155505764225
			128.271611832425	-44.1330545661067
			127.954107842741	-44.1330545661067
			127.636603853057	-44.4505585557909
			127.319099863372	-44.7680625454751
			127.001595873688	-44.7680625454751
			126.684091884004	-45.0855665351593
			126.684091884004	-45.4030705248436
			126.684091884004	-45.7205745145278
			126.684091884004	-46.038078504212
			126.36658789432	-46.3555824938962
			126.36658789432	-46.6730864835804
			126.36658789432	-46.9905904732647
			126.36658789432	-47.3080944629489
			126.36658789432	-47.6255984526331
			126.36658789432	-47.9431024423173
			126.36658789432	-48.2606064320015
			126.36658789432	-48.5781104216858
			126.36658789432	-48.89561441137
			126.36658789432	-49.2131184010542
			126.049083904636	-49.5306223907384
			125.731579914951	-49.5306223907384
			125.414075925267	-49.8481263804226
			125.096571935583	-50.1656303701069
			124.779067945899	-50.4831343597911
			124.461563956215	-50.8006383494753
			124.14405996653	-51.1181423391595
			123.826555976846	-51.4356463288437
			123.509051987162	-51.753150318528
			123.509051987162	-52.0706543082122
			123.509051987162	-52.3881582978964
			123.191547997478	-52.3881582978964
			123.191547997478	-52.7056622875806
			123.191547997478	-53.0231662772648
			123.191547997478	-53.3406702669491
			122.874044007793	-53.6581742566333
			122.556540018109	-53.6581742566333
			122.239036028425	-53.9756782463175
			121.921532038741	-54.2931822360017
			121.604028049057	-54.610686225686
			121.286524059372	-54.9281902153702
			121.286524059372	-55.2456942050544
			121.286524059372	-55.5631981947386
			120.969020069688	-55.8807021844228
			120.969020069688	-56.1982061741071
			120.969020069688	-56.5157101637913
			120.969020069688	-56.8332141534755
			120.969020069688	-57.1507181431597
			120.969020069688	-57.4682221328439
			120.969020069688	-57.7857261225282
			120.969020069688	-58.1032301122124
			120.651516080004	-58.4207341018966
			120.651516080004	-58.7382380915808
			120.33401209032	-59.055742081265
			120.33401209032	-59.3732460709493
			120.016508100635	-59.6907500606335
			119.699004110951	-60.0082540503177
			119.699004110951	-60.3257580400019
			119.699004110951	-60.6432620296861
			119.699004110951	-60.9607660193704
			119.699004110951	-61.2782700090546
			119.381500121267	-61.5957739987388
			119.381500121267	-61.913277988423
			119.381500121267	-62.2307819781073
			119.063996131583	-62.2307819781073
			119.063996131583	-62.5482859677915
			119.063996131583	-62.8657899574757
			119.063996131583	-63.1832939471599
			119.063996131583	-63.5007979368441
			119.063996131583	-63.8183019265284
			119.063996131583	-64.1358059162126
			119.063996131583	-64.4533099058968
			119.063996131583	-64.770813895581
		</Left_Side>
		<Left_Wing type=matrix rownames=FALSE colnames=FALSE nrow=76 ncol=2 as.numeric=TRUE >
			119.063996131583	-64.770813895581
			119.381500121267	-64.770813895581
			119.699004110951	-65.0883178852652
			120.016508100635	-65.0883178852652
			120.33401209032	-65.0883178852652
			120.651516080004	-65.4058218749495
			120.969020069688	-65.4058218749495
			121.286524059372	-65.4058218749495
			121.604028049057	-65.4058218749495
			121.921532038741	-65.4058218749495
			122.239036028425	-65.7233258646337
			122.556540018109	-65.7233258646337
			122.874044007793	-65.7233258646337
			123.191547997478	-65.7233258646337
			123.509051987162	-65.7233258646337
			123.826555976846	-65.4058218749495
			124.14405996653	-65.4058218749495
			124.461563956215	-65.0883178852652
			124.779067945899	-65.0883178852652
			125.096571935583	-65.0883178852652
			125.414075925267	-64.770813895581
			125.731579914951	-64.4533099058968
			126.049083904636	-64.4533099058968
			126.36658789432	-64.1358059162126
			126.684091884004	-64.1358059162126
			127.001595873688	-63.8183019265284
			127.319099863372	-63.8183019265284
			127.636603853057	-63.8183019265284
			127.954107842741	-63.8183019265284
			128.271611832425	-63.8183019265284
			128.589115822109	-63.8183019265284
			128.906619811794	-63.8183019265284
			129.224123801478	-63.8183019265284
			129.541627791162	-63.8183019265284
			129.859131780846	-64.1358059162126
			130.17663577053	-64.1358059162126
			130.494139760215	-64.4533099058968
			130.494139760215	-64.770813895581
			130.811643749899	-65.0883178852652
			130.811643749899	-65.4058218749495
			130.811643749899	-65.7233258646337
			130.811643749899	-66.0408298543179
			131.129147739583	-66.3583338440021
			131.446651729267	-66.3583338440021
			131.764155718952	-66.6758378336863
			131.764155718952	-66.9933418233706
			132.081659708636	-67.3108458130548
			132.081659708636	-67.628349802739
			132.081659708636	-67.9458537924232
			132.081659708636	-68.2633577821074
			132.081659708636	-68.5808617717917
			132.081659708636	-68.8983657614759
			132.081659708636	-69.2158697511601
			132.39916369832	-69.5333737408443
			132.39916369832	-69.8508777305286
			132.716667688004	-70.1683817202128
			132.716667688004	-70.485885709897
			132.716667688004	-70.8033896995812
			133.034171677688	-70.8033896995812
			133.034171677688	-71.1208936892654
			133.034171677688	-71.4383976789497
			133.351675667373	-71.7559016686339
			133.351675667373	-72.0734056583181
			133.351675667373	-72.3909096480023
			133.669179657057	-72.7084136376865
			133.669179657057	-73.0259176273708
			133.669179657057	-73.343421617055
			133.986683646741	-73.6609256067392
			133.986683646741	-73.9784295964234
			134.304187636425	-74.2959335861076
			134.304187636425	-74.6134375757919
			134.62169162611	-74.9309415654761
			134.939195615794	-75.2484455551603
			135.256699605478	-75.2484455551603
			135.574203595162	-75.5659495448445
			135.891707584846	-75.5659495448445
		</Left_Wing>
		<Right_Wing type=matrix rownames=FALSE colnames=FALSE nrow=67 ncol=2 as.numeric=TRUE >
			135.891707584846	-75.5659495448445
			136.209211574531	-75.5659495448445
			136.526715564215	-75.2484455551603
			136.844219553899	-75.2484455551603
			136.844219553899	-74.9309415654761
			137.161723543583	-74.9309415654761
			137.479227533268	-74.6134375757919
			137.796731522952	-74.2959335861076
			137.796731522952	-73.9784295964234
			138.114235512636	-73.6609256067392
			138.43173950232	-73.343421617055
			138.43173950232	-73.0259176273708
			138.749243492004	-72.7084136376865
			139.066747481689	-72.3909096480023
			139.066747481689	-72.0734056583181
			139.066747481689	-71.7559016686339
			139.384251471373	-71.7559016686339
			139.384251471373	-71.4383976789497
			139.701755461057	-71.1208936892654
			139.701755461057	-70.8033896995812
			140.019259450741	-70.8033896995812
			140.019259450741	-70.485885709897
			140.336763440426	-70.1683817202128
			140.336763440426	-69.8508777305286
			140.65426743011	-69.5333737408443
			140.65426743011	-69.2158697511601
			140.971771419794	-68.8983657614759
			140.971771419794	-68.5808617717917
			141.289275409478	-68.2633577821074
			141.289275409478	-67.9458537924232
			141.606779399162	-67.628349802739
			141.606779399162	-67.3108458130548
			141.924283388847	-66.9933418233706
			141.924283388847	-66.6758378336863
			141.924283388847	-66.3583338440021
			142.241787378531	-66.0408298543179
			142.559291368215	-65.7233258646337
			142.876795357899	-65.4058218749495
			143.194299347584	-65.0883178852652
			143.511803337268	-64.770813895581
			143.829307326952	-64.770813895581
			144.146811316636	-64.770813895581
			144.46431530632	-64.770813895581
			144.781819296005	-64.770813895581
			145.099323285689	-64.770813895581
			145.416827275373	-65.0883178852652
			145.734331265057	-65.4058218749495
			146.051835254742	-65.4058218749495
			146.369339244426	-65.7233258646337
			146.68684323411	-65.7233258646337
			147.004347223794	-66.0408298543179
			147.321851213478	-66.0408298543179
			147.321851213478	-66.3583338440021
			147.639355203163	-66.3583338440021
			147.956859192847	-66.6758378336863
			148.274363182531	-66.6758378336863
			148.591867172215	-66.9933418233706
			148.909371161899	-67.3108458130548
			149.226875151584	-67.628349802739
			149.544379141268	-67.628349802739
			149.861883130952	-67.628349802739
			150.179387120636	-67.628349802739
			150.496891110321	-67.628349802739
			150.814395100005	-67.628349802739
			151.131899089689	-67.628349802739
			151.449403079373	-67.628349802739
			151.766907069057	-67.3108458130548
		</Right_Wing>
		<Right_Side type=matrix rownames=FALSE colnames=FALSE nrow=106 ncol=2 as.numeric=TRUE >
			151.766907069057	-67.3108458130548
			152.084411058742	-67.3108458130548
			152.084411058742	-66.9933418233706
			152.401915048426	-66.9933418233706
			152.401915048426	-66.6758378336863
			152.401915048426	-66.3583338440021
			152.71941903811	-66.0408298543179
			152.71941903811	-65.7233258646337
			152.71941903811	-65.4058218749495
			152.71941903811	-65.0883178852652
			152.401915048426	-64.770813895581
			152.401915048426	-64.4533099058968
			152.401915048426	-64.1358059162126
			152.401915048426	-63.8183019265284
			152.401915048426	-63.5007979368441
			152.401915048426	-63.1832939471599
			152.084411058742	-62.8657899574757
			152.084411058742	-62.5482859677915
			152.084411058742	-62.2307819781073
			152.084411058742	-61.913277988423
			152.084411058742	-61.5957739987388
			151.766907069057	-61.2782700090546
			151.766907069057	-60.9607660193704
			151.766907069057	-60.6432620296861
			151.449403079373	-60.3257580400019
			151.449403079373	-60.0082540503177
			151.449403079373	-59.6907500606335
			151.131899089689	-59.3732460709493
			151.131899089689	-59.055742081265
			151.131899089689	-58.7382380915808
			151.131899089689	-58.4207341018966
			151.131899089689	-58.1032301122124
			150.814395100005	-57.7857261225282
			150.814395100005	-57.4682221328439
			150.814395100005	-57.1507181431597
			150.814395100005	-56.8332141534755
			150.814395100005	-56.5157101637913
			150.496891110321	-56.1982061741071
			150.496891110321	-55.8807021844228
			150.496891110321	-55.5631981947386
			150.179387120636	-55.2456942050544
			149.861883130952	-54.9281902153702
			149.544379141268	-54.610686225686
			149.544379141268	-54.2931822360017
			149.226875151584	-53.9756782463175
			149.226875151584	-53.6581742566333
			149.226875151584	-53.3406702669491
			149.226875151584	-53.0231662772648
			149.226875151584	-52.7056622875806
			148.909371161899	-52.3881582978964
			148.909371161899	-52.0706543082122
			148.591867172215	-51.753150318528
			148.274363182531	-51.4356463288437
			147.956859192847	-51.1181423391595
			147.956859192847	-50.8006383494753
			147.639355203163	-50.4831343597911
			147.321851213478	-50.1656303701069
			147.321851213478	-49.8481263804226
			147.004347223794	-49.5306223907384
			146.68684323411	-49.2131184010542
			146.369339244426	-48.89561441137
			146.369339244426	-48.5781104216858
			146.051835254742	-48.2606064320015
			145.734331265057	-47.9431024423173
			145.734331265057	-47.6255984526331
			145.416827275373	-47.3080944629489
			145.099323285689	-46.9905904732647
			144.781819296005	-46.6730864835804
			144.781819296005	-46.3555824938962
			144.46431530632	-46.038078504212
			144.146811316636	-45.7205745145278
			143.829307326952	-45.4030705248436
			143.829307326952	-45.0855665351593
			143.511803337268	-44.7680625454751
			143.194299347584	-44.4505585557909
			142.876795357899	-44.1330545661067
			142.876795357899	-43.8155505764225
			142.559291368215	-43.4980465867382
			142.241787378531	-43.180542597054
			141.924283388847	-42.8630386073698
			141.606779399162	-42.5455346176856
			141.289275409478	-42.2280306280013
			140.971771419794	-41.9105266383171
			140.65426743011	-41.5930226486329
			140.336763440426	-41.2755186589487
			140.019259450741	-40.9580146692645
			140.019259450741	-40.6405106795802
			139.701755461057	-40.6405106795802
			139.384251471373	-40.323006689896
			139.384251471373	-40.0055027002118
			139.066747481689	-39.6879987105276
			139.066747481689	-39.3704947208434
			139.066747481689	-39.0529907311591
			138.749243492004	-38.7354867414749
			138.749243492004	-38.4179827517907
			138.43173950232	-38.1004787621065
			138.43173950232	-37.7829747724223
			138.114235512636	-37.7829747724223
			138.114235512636	-37.465470782738
			137.796731522952	-37.465470782738
			137.479227533268	-37.1479667930538
			137.161723543583	-37.1479667930538
			136.844219553899	-37.1479667930538
			136.526715564215	-37.1479667930538
			136.209211574531	-37.1479667930538
			135.891707584846	-37.1479667930538
		</Right_Side>
	</curves.scaled>
	<ruler.points type=matrix rownames=TRUE colnames=FALSE nrow=3 ncol=2 as.numeric=TRUE >
		Ruler point 1	365	476
		Ruler point 2	397	477
		Ruler point 3	428	477
	</ruler.points>
</shapes>

