<shapes type=list>
	<ruler.pixel type=vector names=FALSE length=1 as.numeric=TRUE >27</ruler.pixel>
	<ruler.interval type=vector names=FALSE length=1 as.numeric=TRUE >10</ruler.interval>
	<scaling.units type=vector names=FALSE length=1 as.numeric=FALSE >mm</scaling.units>
	<scaling type=vector names=FALSE length=1 as.numeric=TRUE >0.37037037037037</scaling>
	<landmarks.pixel type=matrix rownames=TRUE colnames=FALSE nrow=4 ncol=2 as.numeric=TRUE >
		Point_Tip	432	154
		Left_Tang_Center	417	201
		Base_Center	433	222
		Right_Tang_Center	451	204
	</landmarks.pixel>
	<landmarks.scaled type=matrix rownames=TRUE colnames=FALSE nrow=4 ncol=2 as.numeric=TRUE >
		Point_Tip	160	-57.037037037037
		Left_Tang_Center	154.444444444444	-74.4444444444444
		Base_Center	160.37037037037	-82.2222222222222
		Right_Tang_Center	167.037037037037	-75.5555555555556
	</landmarks.scaled>
	<curves.control type=list>
		<Left_Side type=matrix rownames=FALSE colnames=FALSE nrow=17 ncol=2 as.numeric=TRUE >
			432	154
			431	154
			430	154
			430	157
			427	163
			427	166
			426	168
			425	171
			424	173
			422	181
			421	187
			421	191
			421	195
			419	198
			418	199
			417	200
			417	201
		</Left_Side>
		<Left_Wing type=matrix rownames=FALSE colnames=FALSE nrow=9 ncol=2 as.numeric=TRUE >
			417	201
			418	203
			422	206
			425	206
			427	208
			427	214
			428	219
			430	223
			433	222
		</Left_Wing>
		<Right_Wing type=matrix rownames=FALSE colnames=FALSE nrow=9 ncol=2 as.numeric=TRUE >
			433	222
			435	222
			438	219
			439	213
			439	207
			440	204
			445	205
			450	205
			451	204
		</Right_Wing>
		<Right_Side type=matrix rownames=FALSE colnames=FALSE nrow=13 ncol=2 as.numeric=TRUE >
			451	204
			451	203
			451	201
			446	195
			447	188
			444	188
			445	181
			441	181
			441	173
			436	160
			434	155
			433	154
			432	154
		</Right_Side>
	</curves.control>
	<curves.pixel type=list>
		<Left_Side type=matrix rownames=FALSE colnames=FALSE nrow=52 ncol=2 as.numeric=TRUE >
			432	154
			431	154
			430	154
			430	155
			430	156
			429	157
			429	158
			429	159
			428	160
			428	161
			428	162
			427	162
			427	163
			427	164
			427	165
			427	166
			426	167
			426	168
			426	169
			425	170
			425	171
			425	172
			424	173
			424	174
			424	175
			423	176
			423	177
			423	178
			423	179
			422	180
			422	181
			422	182
			422	183
			422	184
			421	185
			421	186
			421	187
			421	188
			421	189
			421	190
			421	191
			421	192
			421	193
			421	194
			421	195
			421	196
			420	196
			420	197
			419	198
			418	199
			417	200
			417	201
		</Left_Side>
		<Left_Wing type=matrix rownames=FALSE colnames=FALSE nrow=32 ncol=2 as.numeric=TRUE >
			417	201
			417	202
			418	202
			418	203
			419	203
			420	204
			420	205
			421	206
			422	206
			423	206
			424	206
			425	206
			425	207
			426	207
			427	208
			427	209
			427	210
			427	211
			427	212
			427	213
			427	214
			427	215
			428	216
			428	217
			428	218
			428	219
			429	220
			429	221
			430	221
			431	222
			432	222
			433	222
		</Left_Wing>
		<Right_Wing type=matrix rownames=FALSE colnames=FALSE nrow=33 ncol=2 as.numeric=TRUE >
			433	222
			434	222
			435	222
			436	221
			437	220
			438	219
			438	218
			438	217
			438	216
			439	215
			439	214
			439	213
			439	212
			439	211
			439	210
			439	209
			439	208
			439	207
			439	206
			440	206
			440	205
			441	205
			442	205
			443	205
			444	205
			445	205
			446	205
			447	205
			448	205
			449	205
			450	205
			450	204
			451	204
		</Right_Wing>
		<Right_Side type=matrix rownames=FALSE colnames=FALSE nrow=56 ncol=2 as.numeric=TRUE >
			451	204
			451	203
			451	202
			451	201
			450	200
			449	199
			449	198
			448	197
			448	196
			448	195
			447	194
			447	193
			447	192
			447	191
			447	190
			447	189
			447	188
			446	188
			445	187
			445	186
			445	185
			445	184
			445	183
			445	182
			445	181
			444	181
			443	181
			443	180
			442	179
			442	178
			441	177
			441	176
			441	175
			441	174
			441	173
			441	172
			440	171
			440	170
			439	169
			439	168
			439	167
			438	166
			438	165
			438	164
			437	164
			437	163
			437	162
			436	161
			436	160
			435	159
			435	158
			435	157
			434	156
			434	155
			433	154
			432	154
		</Right_Side>
	</curves.pixel>
	<curves.scaled type=list>
		<Left_Side type=matrix rownames=FALSE colnames=FALSE nrow=52 ncol=2 as.numeric=TRUE >
			160	-57.037037037037
			159.62962962963	-57.037037037037
			159.259259259259	-57.037037037037
			159.259259259259	-57.4074074074074
			159.259259259259	-57.7777777777778
			158.888888888889	-58.1481481481481
			158.888888888889	-58.5185185185185
			158.888888888889	-58.8888888888889
			158.518518518519	-59.2592592592593
			158.518518518519	-59.6296296296296
			158.518518518519	-60
			158.148148148148	-60
			158.148148148148	-60.3703703703704
			158.148148148148	-60.7407407407407
			158.148148148148	-61.1111111111111
			158.148148148148	-61.4814814814815
			157.777777777778	-61.8518518518518
			157.777777777778	-62.2222222222222
			157.777777777778	-62.5925925925926
			157.407407407407	-62.962962962963
			157.407407407407	-63.3333333333333
			157.407407407407	-63.7037037037037
			157.037037037037	-64.0740740740741
			157.037037037037	-64.4444444444444
			157.037037037037	-64.8148148148148
			156.666666666667	-65.1851851851852
			156.666666666667	-65.5555555555556
			156.666666666667	-65.9259259259259
			156.666666666667	-66.2962962962963
			156.296296296296	-66.6666666666667
			156.296296296296	-67.037037037037
			156.296296296296	-67.4074074074074
			156.296296296296	-67.7777777777778
			156.296296296296	-68.1481481481481
			155.925925925926	-68.5185185185185
			155.925925925926	-68.8888888888889
			155.925925925926	-69.2592592592593
			155.925925925926	-69.6296296296296
			155.925925925926	-70
			155.925925925926	-70.3703703703704
			155.925925925926	-70.7407407407407
			155.925925925926	-71.1111111111111
			155.925925925926	-71.4814814814815
			155.925925925926	-71.8518518518518
			155.925925925926	-72.2222222222222
			155.925925925926	-72.5925925925926
			155.555555555556	-72.5925925925926
			155.555555555556	-72.962962962963
			155.185185185185	-73.3333333333333
			154.814814814815	-73.7037037037037
			154.444444444444	-74.0740740740741
			154.444444444444	-74.4444444444444
		</Left_Side>
		<Left_Wing type=matrix rownames=FALSE colnames=FALSE nrow=32 ncol=2 as.numeric=TRUE >
			154.444444444444	-74.4444444444444
			154.444444444444	-74.8148148148148
			154.814814814815	-74.8148148148148
			154.814814814815	-75.1851851851852
			155.185185185185	-75.1851851851852
			155.555555555556	-75.5555555555556
			155.555555555556	-75.9259259259259
			155.925925925926	-76.2962962962963
			156.296296296296	-76.2962962962963
			156.666666666667	-76.2962962962963
			157.037037037037	-76.2962962962963
			157.407407407407	-76.2962962962963
			157.407407407407	-76.6666666666667
			157.777777777778	-76.6666666666667
			158.148148148148	-77.037037037037
			158.148148148148	-77.4074074074074
			158.148148148148	-77.7777777777778
			158.148148148148	-78.1481481481481
			158.148148148148	-78.5185185185185
			158.148148148148	-78.8888888888889
			158.148148148148	-79.2592592592593
			158.148148148148	-79.6296296296296
			158.518518518519	-80
			158.518518518519	-80.3703703703704
			158.518518518519	-80.7407407407407
			158.518518518519	-81.1111111111111
			158.888888888889	-81.4814814814815
			158.888888888889	-81.8518518518518
			159.259259259259	-81.8518518518518
			159.62962962963	-82.2222222222222
			160	-82.2222222222222
			160.37037037037	-82.2222222222222
		</Left_Wing>
		<Right_Wing type=matrix rownames=FALSE colnames=FALSE nrow=33 ncol=2 as.numeric=TRUE >
			160.37037037037	-82.2222222222222
			160.740740740741	-82.2222222222222
			161.111111111111	-82.2222222222222
			161.481481481481	-81.8518518518518
			161.851851851852	-81.4814814814815
			162.222222222222	-81.1111111111111
			162.222222222222	-80.7407407407407
			162.222222222222	-80.3703703703704
			162.222222222222	-80
			162.592592592593	-79.6296296296296
			162.592592592593	-79.2592592592593
			162.592592592593	-78.8888888888889
			162.592592592593	-78.5185185185185
			162.592592592593	-78.1481481481481
			162.592592592593	-77.7777777777778
			162.592592592593	-77.4074074074074
			162.592592592593	-77.037037037037
			162.592592592593	-76.6666666666667
			162.592592592593	-76.2962962962963
			162.962962962963	-76.2962962962963
			162.962962962963	-75.9259259259259
			163.333333333333	-75.9259259259259
			163.703703703704	-75.9259259259259
			164.074074074074	-75.9259259259259
			164.444444444444	-75.9259259259259
			164.814814814815	-75.9259259259259
			165.185185185185	-75.9259259259259
			165.555555555556	-75.9259259259259
			165.925925925926	-75.9259259259259
			166.296296296296	-75.9259259259259
			166.666666666667	-75.9259259259259
			166.666666666667	-75.5555555555556
			167.037037037037	-75.5555555555556
		</Right_Wing>
		<Right_Side type=matrix rownames=FALSE colnames=FALSE nrow=56 ncol=2 as.numeric=TRUE >
			167.037037037037	-75.5555555555556
			167.037037037037	-75.1851851851852
			167.037037037037	-74.8148148148148
			167.037037037037	-74.4444444444444
			166.666666666667	-74.0740740740741
			166.296296296296	-73.7037037037037
			166.296296296296	-73.3333333333333
			165.925925925926	-72.962962962963
			165.925925925926	-72.5925925925926
			165.925925925926	-72.2222222222222
			165.555555555556	-71.8518518518518
			165.555555555556	-71.4814814814815
			165.555555555556	-71.1111111111111
			165.555555555556	-70.7407407407407
			165.555555555556	-70.3703703703704
			165.555555555556	-70
			165.555555555556	-69.6296296296296
			165.185185185185	-69.6296296296296
			164.814814814815	-69.2592592592593
			164.814814814815	-68.8888888888889
			164.814814814815	-68.5185185185185
			164.814814814815	-68.1481481481481
			164.814814814815	-67.7777777777778
			164.814814814815	-67.4074074074074
			164.814814814815	-67.037037037037
			164.444444444444	-67.037037037037
			164.074074074074	-67.037037037037
			164.074074074074	-66.6666666666667
			163.703703703704	-66.2962962962963
			163.703703703704	-65.9259259259259
			163.333333333333	-65.5555555555556
			163.333333333333	-65.1851851851852
			163.333333333333	-64.8148148148148
			163.333333333333	-64.4444444444444
			163.333333333333	-64.0740740740741
			163.333333333333	-63.7037037037037
			162.962962962963	-63.3333333333333
			162.962962962963	-62.962962962963
			162.592592592593	-62.5925925925926
			162.592592592593	-62.2222222222222
			162.592592592593	-61.8518518518518
			162.222222222222	-61.4814814814815
			162.222222222222	-61.1111111111111
			162.222222222222	-60.7407407407407
			161.851851851852	-60.7407407407407
			161.851851851852	-60.3703703703704
			161.851851851852	-60
			161.481481481481	-59.6296296296296
			161.481481481481	-59.2592592592593
			161.111111111111	-58.8888888888889
			161.111111111111	-58.5185185185185
			161.111111111111	-58.1481481481481
			160.740740740741	-57.7777777777778
			160.740740740741	-57.4074074074074
			160.37037037037	-57.037037037037
			160	-57.037037037037
		</Right_Side>
	</curves.scaled>
	<ruler.points type=matrix rownames=TRUE colnames=FALSE nrow=6 ncol=2 as.numeric=TRUE >
		Ruler point 1	198	533
		Ruler point 2	225	533
		Ruler point 3	252	533
		Ruler point 4	279	533
		Ruler point 5	306	533
		Ruler point 6	334	533
	</ruler.points>
</shapes>

