<shapes type=list>
	<ruler.interval type=vector names=FALSE length=1 as.numeric=TRUE >10</ruler.interval>
	<scaling.units type=vector names=FALSE length=1 as.numeric=FALSE >mm</scaling.units>
	<scaling type=vector names=FALSE length=1 as.numeric=TRUE >0.515007579537441</scaling>
	<landmarks.pixel type=matrix rownames=TRUE colnames=FALSE nrow=4 ncol=2 as.numeric=TRUE >
		Point_Tip	127	315
		Left_Tang_Center	111	344
		Base_Center	130	348
		Right_Tang_Center	147	343
	</landmarks.pixel>
	<landmarks.scaled type=matrix rownames=TRUE colnames=FALSE nrow=4 ncol=2 as.numeric=TRUE >
		Point_Tip	65.4059626012551	-162.227387554294
		Left_Tang_Center	57.165841328656	-177.16260736088
		Base_Center	66.9509853398674	-179.22263767903
		Right_Tang_Center	75.7061141920039	-176.647599781342
	</landmarks.scaled>
	<curves.control type=list>
		<Left_Side type=matrix rownames=FALSE colnames=FALSE nrow=7 ncol=2 as.numeric=TRUE >
			127	315
			124	319
			123	322
			123	327
			121	328
			114	335
			111	344
		</Left_Side>
		<Left_Wing type=matrix rownames=FALSE colnames=FALSE nrow=11 ncol=2 as.numeric=TRUE >
			111	344
			113	345
			118	341
			119	339
			121	339
			123	339
			125	339
			126	344
			126	348
			128	348
			130	348
		</Left_Wing>
		<Right_Wing type=matrix rownames=FALSE colnames=FALSE nrow=9 ncol=2 as.numeric=TRUE >
			130	348
			133	348
			136	347
			136	341
			138	339
			140	339
			142	340
			144	342
			147	343
		</Right_Wing>
		<Right_Side type=matrix rownames=FALSE colnames=FALSE nrow=7 ncol=2 as.numeric=TRUE >
			147	343
			147	341
			147	338
			144	334
			141	328
			136	326
			127	315
		</Right_Side>
	</curves.control>
	<curves.pixel type=list>
		<Left_Side type=matrix rownames=FALSE colnames=FALSE nrow=31 ncol=2 as.numeric=TRUE >
			127	315
			126	316
			126	317
			125	318
			124	319
			124	320
			124	321
			123	321
			123	322
			123	323
			123	324
			123	325
			122	326
			122	327
			121	328
			120	329
			119	330
			118	331
			117	332
			117	333
			116	334
			115	335
			115	336
			114	337
			114	338
			113	339
			113	340
			112	341
			112	342
			111	343
			111	344
		</Left_Side>
		<Left_Wing type=matrix rownames=FALSE colnames=FALSE nrow=29 ncol=2 as.numeric=TRUE >
			111	344
			112	344
			113	344
			114	344
			115	343
			116	342
			117	342
			118	341
			118	340
			119	340
			120	339
			121	339
			122	339
			123	339
			124	339
			125	339
			125	340
			125	341
			126	342
			126	343
			126	344
			126	345
			126	346
			126	347
			126	348
			127	348
			128	348
			129	348
			130	348
		</Left_Wing>
		<Right_Wing type=matrix rownames=FALSE colnames=FALSE nrow=25 ncol=2 as.numeric=TRUE >
			130	348
			131	348
			132	348
			133	348
			134	348
			135	347
			136	347
			136	346
			136	345
			136	344
			136	343
			136	342
			137	342
			137	341
			137	340
			138	339
			139	339
			140	339
			141	340
			142	340
			143	341
			144	342
			145	342
			146	343
			147	343
		</Right_Wing>
		<Right_Side type=matrix rownames=FALSE colnames=FALSE nrow=32 ncol=2 as.numeric=TRUE >
			147	343
			147	342
			147	341
			147	340
			147	339
			147	338
			146	337
			145	336
			145	335
			144	334
			144	333
			143	332
			143	331
			142	330
			142	329
			141	328
			140	328
			139	327
			138	326
			137	326
			136	325
			135	324
			134	323
			134	322
			133	322
			132	321
			131	320
			130	319
			130	318
			129	317
			128	316
			127	315
		</Right_Side>
	</curves.pixel>
	<curves.scaled type=list>
		<Left_Side type=matrix rownames=FALSE colnames=FALSE nrow=31 ncol=2 as.numeric=TRUE >
			65.4059626012551	-162.227387554294
			64.8909550217176	-162.742395133832
			64.8909550217176	-163.257402713369
			64.3759474421802	-163.772410292906
			63.8609398626427	-164.287417872444
			63.8609398626427	-164.802425451981
			63.8609398626427	-165.317433031519
			63.3459322831053	-165.317433031519
			63.3459322831053	-165.832440611056
			63.3459322831053	-166.347448190594
			63.3459322831053	-166.862455770131
			63.3459322831053	-167.377463349668
			62.8309247035679	-167.892470929206
			62.8309247035679	-168.407478508743
			62.3159171240304	-168.922486088281
			61.800909544493	-169.437493667818
			61.2859019649555	-169.952501247356
			60.7708943854181	-170.467508826893
			60.2558868058806	-170.982516406431
			60.2558868058806	-171.497523985968
			59.7408792263432	-172.012531565505
			59.2258716468058	-172.527539145043
			59.2258716468058	-173.04254672458
			58.7108640672683	-173.557554304118
			58.7108640672683	-174.072561883655
			58.1958564877309	-174.587569463193
			58.1958564877309	-175.10257704273
			57.6808489081934	-175.617584622268
			57.6808489081934	-176.132592201805
			57.165841328656	-176.647599781342
			57.165841328656	-177.16260736088
		</Left_Side>
		<Left_Wing type=matrix rownames=FALSE colnames=FALSE nrow=29 ncol=2 as.numeric=TRUE >
			57.165841328656	-177.16260736088
			57.6808489081934	-177.16260736088
			58.1958564877309	-177.16260736088
			58.7108640672683	-177.16260736088
			59.2258716468058	-176.647599781342
			59.7408792263432	-176.132592201805
			60.2558868058806	-176.132592201805
			60.7708943854181	-175.617584622268
			60.7708943854181	-175.10257704273
			61.2859019649555	-175.10257704273
			61.800909544493	-174.587569463193
			62.3159171240304	-174.587569463193
			62.8309247035679	-174.587569463193
			63.3459322831053	-174.587569463193
			63.8609398626427	-174.587569463193
			64.3759474421802	-174.587569463193
			64.3759474421802	-175.10257704273
			64.3759474421802	-175.617584622268
			64.8909550217176	-176.132592201805
			64.8909550217176	-176.647599781342
			64.8909550217176	-177.16260736088
			64.8909550217176	-177.677614940417
			64.8909550217176	-178.192622519955
			64.8909550217176	-178.707630099492
			64.8909550217176	-179.22263767903
			65.4059626012551	-179.22263767903
			65.9209701807925	-179.22263767903
			66.4359777603299	-179.22263767903
			66.9509853398674	-179.22263767903
		</Left_Wing>
		<Right_Wing type=matrix rownames=FALSE colnames=FALSE nrow=25 ncol=2 as.numeric=TRUE >
			66.9509853398674	-179.22263767903
			67.4659929194048	-179.22263767903
			67.9810004989423	-179.22263767903
			68.4960080784797	-179.22263767903
			69.0110156580172	-179.22263767903
			69.5260232375546	-178.707630099492
			70.041030817092	-178.707630099492
			70.041030817092	-178.192622519955
			70.041030817092	-177.677614940417
			70.041030817092	-177.16260736088
			70.041030817092	-176.647599781342
			70.041030817092	-176.132592201805
			70.5560383966295	-176.132592201805
			70.5560383966295	-175.617584622268
			70.5560383966295	-175.10257704273
			71.0710459761669	-174.587569463193
			71.5860535557044	-174.587569463193
			72.1010611352418	-174.587569463193
			72.6160687147792	-175.10257704273
			73.1310762943167	-175.10257704273
			73.6460838738541	-175.617584622268
			74.1610914533916	-176.132592201805
			74.676099032929	-176.132592201805
			75.1911066124665	-176.647599781342
			75.7061141920039	-176.647599781342
		</Right_Wing>
		<Right_Side type=matrix rownames=FALSE colnames=FALSE nrow=32 ncol=2 as.numeric=TRUE >
			75.7061141920039	-176.647599781342
			75.7061141920039	-176.132592201805
			75.7061141920039	-175.617584622268
			75.7061141920039	-175.10257704273
			75.7061141920039	-174.587569463193
			75.7061141920039	-174.072561883655
			75.1911066124665	-173.557554304118
			74.676099032929	-173.04254672458
			74.676099032929	-172.527539145043
			74.1610914533916	-172.012531565505
			74.1610914533916	-171.497523985968
			73.6460838738541	-170.982516406431
			73.6460838738541	-170.467508826893
			73.1310762943167	-169.952501247356
			73.1310762943167	-169.437493667818
			72.6160687147792	-168.922486088281
			72.1010611352418	-168.922486088281
			71.5860535557044	-168.407478508743
			71.0710459761669	-167.892470929206
			70.5560383966295	-167.892470929206
			70.041030817092	-167.377463349668
			69.5260232375546	-166.862455770131
			69.0110156580172	-166.347448190594
			69.0110156580172	-165.832440611056
			68.4960080784797	-165.832440611056
			67.9810004989423	-165.317433031519
			67.4659929194048	-164.802425451981
			66.9509853398674	-164.287417872444
			66.9509853398674	-163.772410292906
			66.4359777603299	-163.257402713369
			65.9209701807925	-162.742395133832
			65.4059626012551	-162.227387554294
		</Right_Side>
	</curves.scaled>
	<ruler.points type=matrix rownames=TRUE colnames=FALSE nrow=6 ncol=2 as.numeric=TRUE >
		Ruler point 1	205	579
		Ruler point 2	224	579
		Ruler point 3	243	579
		Ruler point 4	263	579
		Ruler point 5	282	579
		Ruler point 6	302	579
	</ruler.points>
</shapes>

