<shapes type=list>
	<ruler.interval type=vector names=FALSE length=1 as.numeric=TRUE >10</ruler.interval>
	<scaling.units type=vector names=FALSE length=1 as.numeric=FALSE >mm</scaling.units>
	<scaling type=vector names=FALSE length=1 as.numeric=TRUE >0.333285521414447</scaling>
	<landmarks.pixel type=matrix rownames=TRUE colnames=FALSE nrow=4 ncol=2 as.numeric=TRUE >
		Point_Tip	358	227
		Left_Tang_Center	330	291
		Base_Center	354	309
		Right_Tang_Center	375	280
	</landmarks.pixel>
	<landmarks.scaled type=matrix rownames=TRUE colnames=FALSE nrow=4 ncol=2 as.numeric=TRUE >
		Point_Tip	119.316216666372	-75.6558133610795
		Left_Tang_Center	109.984222066768	-96.9860867316041
		Base_Center	117.983074580714	-102.985226117064
		Right_Tang_Center	124.982070530418	-93.3199459960452
	</landmarks.scaled>
	<curves.control type=list>
		<Left_Side type=matrix rownames=FALSE colnames=FALSE nrow=11 ncol=2 as.numeric=TRUE >
			358	227
			355	229
			348	230
			347	235
			344	246
			345	251
			340	250
			337	259
			332	273
			329	281
			330	291
		</Left_Side>
		<Left_Wing type=matrix rownames=FALSE colnames=FALSE nrow=7 ncol=2 as.numeric=TRUE >
			330	291
			335	289
			344	285
			345	291
			349	300
			351	309
			354	309
		</Left_Wing>
		<Right_Wing type=matrix rownames=FALSE colnames=FALSE nrow=7 ncol=2 as.numeric=TRUE >
			354	309
			357	309
			360	307
			362	301
			364	289
			367	277
			375	280
		</Right_Wing>
		<Right_Side type=matrix rownames=FALSE colnames=FALSE nrow=9 ncol=2 as.numeric=TRUE >
			375	280
			375	273
			370	261
			371	256
			368	252
			368	248
			365	240
			361	234
			358	227
		</Right_Side>
	</curves.control>
	<curves.pixel type=list>
		<Left_Side type=matrix rownames=FALSE colnames=FALSE nrow=74 ncol=2 as.numeric=TRUE >
			358	227
			357	228
			356	228
			355	228
			354	229
			353	229
			352	229
			351	229
			350	230
			349	230
			348	230
			348	231
			348	232
			347	233
			347	234
			347	235
			347	236
			346	237
			346	238
			346	239
			346	240
			345	241
			345	242
			345	243
			345	244
			344	245
			344	246
			344	247
			344	248
			344	249
			343	250
			342	250
			341	250
			340	251
			339	252
			339	253
			338	254
			338	255
			338	256
			338	257
			337	258
			337	259
			337	260
			336	261
			336	262
			336	263
			335	264
			335	265
			335	266
			334	267
			334	268
			334	269
			333	270
			333	271
			332	272
			332	273
			332	274
			331	275
			331	276
			331	277
			331	278
			330	279
			330	280
			330	281
			330	282
			330	283
			330	284
			330	285
			330	286
			330	287
			330	288
			330	289
			330	290
			330	291
		</Left_Side>
		<Left_Wing type=matrix rownames=FALSE colnames=FALSE nrow=43 ncol=2 as.numeric=TRUE >
			330	291
			331	291
			332	290
			333	290
			334	289
			335	289
			336	288
			337	288
			338	288
			338	287
			339	287
			340	287
			341	286
			342	286
			343	286
			344	285
			344	286
			344	287
			345	288
			345	289
			345	290
			345	291
			346	292
			346	293
			347	294
			347	295
			347	296
			348	297
			348	298
			349	299
			349	300
			349	301
			349	302
			350	303
			350	304
			351	305
			351	306
			351	307
			352	307
			352	308
			353	308
			353	309
			354	309
		</Left_Wing>
		<Right_Wing type=matrix rownames=FALSE colnames=FALSE nrow=42 ncol=2 as.numeric=TRUE >
			354	309
			355	309
			356	309
			357	309
			357	308
			358	308
			359	307
			360	307
			360	306
			361	305
			361	304
			361	303
			361	302
			362	301
			362	300
			362	299
			362	298
			363	297
			363	296
			363	295
			363	294
			363	293
			364	292
			364	291
			364	290
			364	289
			364	288
			365	287
			365	286
			365	285
			366	284
			366	283
			367	283
			367	282
			368	281
			369	280
			370	280
			371	279
			372	279
			373	280
			374	280
			375	280
		</Right_Wing>
		<Right_Side type=matrix rownames=FALSE colnames=FALSE nrow=55 ncol=2 as.numeric=TRUE >
			375	280
			375	279
			375	278
			375	277
			375	276
			374	275
			374	274
			374	273
			374	272
			374	271
			373	270
			373	269
			373	268
			372	267
			372	266
			372	265
			371	264
			371	263
			370	262
			370	261
			370	260
			370	259
			370	258
			370	257
			370	256
			370	255
			369	254
			369	253
			368	252
			368	251
			368	250
			368	249
			368	248
			367	247
			367	246
			367	245
			366	244
			366	243
			366	242
			365	241
			365	240
			365	239
			364	239
			364	238
			363	237
			363	236
			362	235
			361	234
			361	233
			360	232
			360	231
			359	230
			359	229
			358	228
			358	227
		</Right_Side>
	</curves.pixel>
	<curves.scaled type=list>
		<Left_Side type=matrix rownames=FALSE colnames=FALSE nrow=74 ncol=2 as.numeric=TRUE >
			119.316216666372	-75.6558133610795
			118.982931144958	-75.9890988824939
			118.649645623543	-75.9890988824939
			118.316360102129	-75.9890988824939
			117.983074580714	-76.3223844039084
			117.6497890593	-76.3223844039084
			117.316503537885	-76.3223844039084
			116.983218016471	-76.3223844039084
			116.649932495056	-76.6556699253228
			116.316646973642	-76.6556699253228
			115.983361452228	-76.6556699253228
			115.983361452228	-76.9889554467373
			115.983361452228	-77.3222409681517
			115.650075930813	-77.6555264895662
			115.650075930813	-77.9888120109806
			115.650075930813	-78.3220975323951
			115.650075930813	-78.6553830538095
			115.316790409399	-78.988668575224
			115.316790409399	-79.3219540966384
			115.316790409399	-79.6552396180529
			115.316790409399	-79.9885251394673
			114.983504887984	-80.3218106608818
			114.983504887984	-80.6550961822962
			114.983504887984	-80.9883817037106
			114.983504887984	-81.3216672251251
			114.65021936657	-81.6549527465395
			114.65021936657	-81.988238267954
			114.65021936657	-82.3215237893684
			114.65021936657	-82.6548093107829
			114.65021936657	-82.9880948321973
			114.316933845155	-83.3213803536118
			113.983648323741	-83.3213803536118
			113.650362802326	-83.3213803536118
			113.317077280912	-83.6546658750262
			112.983791759498	-83.9879513964407
			112.983791759498	-84.3212369178551
			112.650506238083	-84.6545224392696
			112.650506238083	-84.987807960684
			112.650506238083	-85.3210934820985
			112.650506238083	-85.6543790035129
			112.317220716669	-85.9876645249274
			112.317220716669	-86.3209500463418
			112.317220716669	-86.6542355677562
			111.983935195254	-86.9875210891707
			111.983935195254	-87.3208066105852
			111.983935195254	-87.6540921319996
			111.65064967384	-87.987377653414
			111.65064967384	-88.3206631748285
			111.65064967384	-88.6539486962429
			111.317364152425	-88.9872342176574
			111.317364152425	-89.3205197390718
			111.317364152425	-89.6538052604863
			110.984078631011	-89.9870907819007
			110.984078631011	-90.3203763033152
			110.650793109596	-90.6536618247296
			110.650793109596	-90.9869473461441
			110.650793109596	-91.3202328675585
			110.317507588182	-91.653518388973
			110.317507588182	-91.9868039103874
			110.317507588182	-92.3200894318018
			110.317507588182	-92.6533749532163
			109.984222066768	-92.9866604746307
			109.984222066768	-93.3199459960452
			109.984222066768	-93.6532315174596
			109.984222066768	-93.9865170388741
			109.984222066768	-94.3198025602885
			109.984222066768	-94.653088081703
			109.984222066768	-94.9863736031174
			109.984222066768	-95.3196591245319
			109.984222066768	-95.6529446459463
			109.984222066768	-95.9862301673608
			109.984222066768	-96.3195156887752
			109.984222066768	-96.6528012101897
			109.984222066768	-96.9860867316041
		</Left_Side>
		<Left_Wing type=matrix rownames=FALSE colnames=FALSE nrow=43 ncol=2 as.numeric=TRUE >
			109.984222066768	-96.9860867316041
			110.317507588182	-96.9860867316041
			110.650793109596	-96.6528012101897
			110.984078631011	-96.6528012101897
			111.317364152425	-96.3195156887752
			111.65064967384	-96.3195156887752
			111.983935195254	-95.9862301673608
			112.317220716669	-95.9862301673608
			112.650506238083	-95.9862301673608
			112.650506238083	-95.6529446459463
			112.983791759498	-95.6529446459463
			113.317077280912	-95.6529446459463
			113.650362802326	-95.3196591245319
			113.983648323741	-95.3196591245319
			114.316933845155	-95.3196591245319
			114.65021936657	-94.9863736031174
			114.65021936657	-95.3196591245319
			114.65021936657	-95.6529446459463
			114.983504887984	-95.9862301673608
			114.983504887984	-96.3195156887752
			114.983504887984	-96.6528012101897
			114.983504887984	-96.9860867316041
			115.316790409399	-97.3193722530186
			115.316790409399	-97.652657774433
			115.650075930813	-97.9859432958474
			115.650075930813	-98.3192288172619
			115.650075930813	-98.6525143386763
			115.983361452228	-98.9857998600908
			115.983361452228	-99.3190853815052
			116.316646973642	-99.6523709029197
			116.316646973642	-99.9856564243341
			116.316646973642	-100.318941945749
			116.316646973642	-100.652227467163
			116.649932495056	-100.985512988577
			116.649932495056	-101.318798509992
			116.983218016471	-101.652084031406
			116.983218016471	-101.985369552821
			116.983218016471	-102.318655074235
			117.316503537885	-102.318655074235
			117.316503537885	-102.65194059565
			117.6497890593	-102.65194059565
			117.6497890593	-102.985226117064
			117.983074580714	-102.985226117064
		</Left_Wing>
		<Right_Wing type=matrix rownames=FALSE colnames=FALSE nrow=42 ncol=2 as.numeric=TRUE >
			117.983074580714	-102.985226117064
			118.316360102129	-102.985226117064
			118.649645623543	-102.985226117064
			118.982931144958	-102.985226117064
			118.982931144958	-102.65194059565
			119.316216666372	-102.65194059565
			119.649502187787	-102.318655074235
			119.982787709201	-102.318655074235
			119.982787709201	-101.985369552821
			120.316073230615	-101.652084031406
			120.316073230615	-101.318798509992
			120.316073230615	-100.985512988577
			120.316073230615	-100.652227467163
			120.64935875203	-100.318941945749
			120.64935875203	-99.9856564243341
			120.64935875203	-99.6523709029197
			120.64935875203	-99.3190853815052
			120.982644273444	-98.9857998600908
			120.982644273444	-98.6525143386763
			120.982644273444	-98.3192288172619
			120.982644273444	-97.9859432958474
			120.982644273444	-97.652657774433
			121.315929794859	-97.3193722530186
			121.315929794859	-96.9860867316041
			121.315929794859	-96.6528012101897
			121.315929794859	-96.3195156887752
			121.315929794859	-95.9862301673608
			121.649215316273	-95.6529446459463
			121.649215316273	-95.3196591245319
			121.649215316273	-94.9863736031174
			121.982500837688	-94.653088081703
			121.982500837688	-94.3198025602885
			122.315786359102	-94.3198025602885
			122.315786359102	-93.9865170388741
			122.649071880517	-93.6532315174596
			122.982357401931	-93.3199459960452
			123.315642923345	-93.3199459960452
			123.64892844476	-92.9866604746307
			123.982213966174	-92.9866604746307
			124.315499487589	-93.3199459960452
			124.648785009003	-93.3199459960452
			124.982070530418	-93.3199459960452
		</Right_Wing>
		<Right_Side type=matrix rownames=FALSE colnames=FALSE nrow=55 ncol=2 as.numeric=TRUE >
			124.982070530418	-93.3199459960452
			124.982070530418	-92.9866604746307
			124.982070530418	-92.6533749532163
			124.982070530418	-92.3200894318018
			124.982070530418	-91.9868039103874
			124.648785009003	-91.653518388973
			124.648785009003	-91.3202328675585
			124.648785009003	-90.9869473461441
			124.648785009003	-90.6536618247296
			124.648785009003	-90.3203763033152
			124.315499487589	-89.9870907819007
			124.315499487589	-89.6538052604863
			124.315499487589	-89.3205197390718
			123.982213966174	-88.9872342176574
			123.982213966174	-88.6539486962429
			123.982213966174	-88.3206631748285
			123.64892844476	-87.987377653414
			123.64892844476	-87.6540921319996
			123.315642923345	-87.3208066105852
			123.315642923345	-86.9875210891707
			123.315642923345	-86.6542355677562
			123.315642923345	-86.3209500463418
			123.315642923345	-85.9876645249274
			123.315642923345	-85.6543790035129
			123.315642923345	-85.3210934820985
			123.315642923345	-84.987807960684
			122.982357401931	-84.6545224392696
			122.982357401931	-84.3212369178551
			122.649071880517	-83.9879513964407
			122.649071880517	-83.6546658750262
			122.649071880517	-83.3213803536118
			122.649071880517	-82.9880948321973
			122.649071880517	-82.6548093107829
			122.315786359102	-82.3215237893684
			122.315786359102	-81.988238267954
			122.315786359102	-81.6549527465395
			121.982500837688	-81.3216672251251
			121.982500837688	-80.9883817037106
			121.982500837688	-80.6550961822962
			121.649215316273	-80.3218106608818
			121.649215316273	-79.9885251394673
			121.649215316273	-79.6552396180529
			121.315929794859	-79.6552396180529
			121.315929794859	-79.3219540966384
			120.982644273444	-78.988668575224
			120.982644273444	-78.6553830538095
			120.64935875203	-78.3220975323951
			120.316073230615	-77.9888120109806
			120.316073230615	-77.6555264895662
			119.982787709201	-77.3222409681517
			119.982787709201	-76.9889554467373
			119.649502187787	-76.6556699253228
			119.649502187787	-76.3223844039084
			119.316216666372	-75.9890988824939
			119.316216666372	-75.6558133610795
		</Right_Side>
	</curves.scaled>
	<ruler.points type=matrix rownames=TRUE colnames=FALSE nrow=3 ncol=2 as.numeric=TRUE >
		Ruler point 1	368	389
		Ruler point 2	398	389
		Ruler point 3	431	388
	</ruler.points>
</shapes>

