<shapes type=list>
	<ruler.pixel type=vector names=FALSE length=1 as.numeric=TRUE >32.9717974782371</ruler.pixel>
	<ruler.interval type=vector names=FALSE length=1 as.numeric=TRUE >10</ruler.interval>
	<scaling.units type=vector names=FALSE length=1 as.numeric=FALSE >mm</scaling.units>
	<scaling type=vector names=FALSE length=1 as.numeric=TRUE >0.303289500871175</scaling>
	<landmarks.pixel type=matrix rownames=TRUE colnames=FALSE nrow=4 ncol=2 as.numeric=TRUE >
		Point_Tip	160	148
		Left_Tang_Center	133	265
		Base_Center	160	285
		Right_Tang_Center	183	262
	</landmarks.pixel>
	<landmarks.scaled type=matrix rownames=TRUE colnames=FALSE nrow=4 ncol=2 as.numeric=TRUE >
		Point_Tip	48.5263201393881	-44.886846128934
		Left_Tang_Center	40.3375036158663	-80.3717177308615
		Base_Center	48.5263201393881	-86.437507748285
		Right_Tang_Center	55.5019786594251	-79.461849228248
	</landmarks.scaled>
	<curves.control type=list>
		<Left_Side type=matrix rownames=FALSE colnames=FALSE nrow=7 ncol=2 as.numeric=TRUE >
			160	148
			157	149
			150	179
			141	218
			139	240
			133	256
			133	265
		</Left_Side>
		<Left_Wing type=matrix rownames=FALSE colnames=FALSE nrow=11 ncol=2 as.numeric=TRUE >
			133	265
			136	265
			140	262
			140	258
			147	259
			149	261
			152	265
			151	273
			153	278
			155	283
			160	285
		</Left_Wing>
		<Right_Wing type=matrix rownames=FALSE colnames=FALSE nrow=9 ncol=2 as.numeric=TRUE >
			160	285
			163	281
			166	277
			166	272
			169	266
			173	260
			179	262
			181	263
			183	262
		</Right_Wing>
		<Right_Side type=matrix rownames=FALSE colnames=FALSE nrow=7 ncol=2 as.numeric=TRUE >
			183	262
			184	256
			175	205
			170	174
			166	164
			163	150
			160	148
		</Right_Side>
	</curves.control>
	<curves.pixel type=list>
		<Left_Side type=matrix rownames=FALSE colnames=FALSE nrow=120 ncol=2 as.numeric=TRUE >
			160	148
			159	148
			159	149
			158	150
			158	151
			158	152
			157	153
			157	154
			156	155
			156	156
			156	157
			156	158
			155	159
			155	160
			155	161
			154	162
			154	163
			154	164
			153	165
			153	166
			153	167
			153	168
			152	169
			152	170
			152	171
			152	172
			151	173
			151	174
			151	175
			151	176
			150	177
			150	178
			150	179
			150	180
			150	181
			149	182
			149	183
			149	184
			149	185
			148	186
			148	187
			148	188
			148	189
			147	190
			147	191
			147	192
			147	193
			147	194
			146	195
			146	196
			146	197
			146	198
			146	199
			145	200
			145	201
			145	202
			145	203
			145	204
			144	205
			144	206
			144	207
			144	208
			144	209
			143	210
			143	211
			143	212
			143	213
			143	214
			143	215
			142	215
			142	216
			142	217
			142	218
			142	219
			142	220
			141	221
			141	222
			141	223
			141	224
			141	225
			141	226
			141	227
			140	228
			140	229
			140	230
			140	231
			140	232
			140	233
			140	234
			139	235
			139	236
			139	237
			139	238
			139	239
			139	240
			139	241
			138	242
			138	243
			138	244
			137	245
			137	246
			136	247
			136	248
			136	249
			136	250
			135	251
			135	252
			135	253
			135	254
			134	255
			134	256
			134	257
			134	258
			134	259
			133	260
			133	261
			133	262
			133	263
			133	264
			133	265
		</Left_Side>
		<Left_Wing type=matrix rownames=FALSE colnames=FALSE nrow=44 ncol=2 as.numeric=TRUE >
			133	265
			134	265
			135	265
			136	264
			137	264
			138	263
			139	263
			140	262
			140	261
			141	260
			142	259
			143	259
			144	259
			145	259
			146	259
			147	259
			148	260
			149	261
			150	262
			151	263
			151	264
			152	265
			152	266
			152	267
			152	268
			152	269
			152	270
			152	271
			152	272
			152	273
			152	274
			152	275
			152	276
			153	277
			153	278
			154	279
			154	280
			155	281
			156	282
			156	283
			157	284
			158	284
			159	285
			160	285
		</Left_Wing>
		<Right_Wing type=matrix rownames=FALSE colnames=FALSE nrow=36 ncol=2 as.numeric=TRUE >
			160	285
			161	284
			161	283
			162	282
			163	282
			163	281
			164	280
			164	279
			165	278
			166	277
			166	276
			166	275
			166	274
			166	273
			167	272
			167	271
			167	270
			168	269
			168	268
			169	267
			169	266
			170	265
			170	264
			171	264
			172	263
			173	262
			174	262
			175	262
			176	262
			177	262
			178	262
			179	262
			180	262
			181	262
			182	262
			183	262
		</Right_Wing>
		<Right_Side type=matrix rownames=FALSE colnames=FALSE nrow=117 ncol=2 as.numeric=TRUE >
			183	262
			183	261
			183	260
			183	259
			183	258
			183	257
			183	256
			183	255
			183	254
			183	253
			182	252
			182	251
			182	250
			182	249
			182	248
			182	247
			182	246
			182	245
			181	245
			181	244
			181	243
			181	242
			181	241
			181	240
			181	239
			180	238
			180	237
			180	236
			180	235
			180	234
			180	233
			180	232
			179	231
			179	230
			179	229
			179	228
			179	227
			179	226
			178	225
			178	224
			178	223
			178	222
			178	221
			178	220
			177	219
			177	218
			177	217
			177	216
			177	215
			177	214
			176	213
			176	212
			176	211
			176	210
			176	209
			176	208
			175	208
			175	207
			175	206
			175	205
			175	204
			175	203
			175	202
			174	201
			174	200
			174	199
			174	198
			174	197
			174	196
			173	195
			173	194
			173	193
			173	192
			173	191
			172	190
			172	189
			172	188
			172	187
			172	186
			171	185
			171	184
			171	183
			171	182
			171	181
			170	180
			170	179
			170	178
			170	177
			169	176
			169	175
			169	174
			169	173
			169	172
			168	171
			168	170
			168	169
			167	168
			167	167
			167	166
			166	165
			166	164
			166	163
			165	162
			165	161
			165	160
			165	159
			165	158
			164	157
			164	156
			164	155
			163	154
			163	153
			163	152
			162	151
			162	150
			161	149
			160	148
		</Right_Side>
	</curves.pixel>
	<curves.scaled type=list>
		<Left_Side type=matrix rownames=FALSE colnames=FALSE nrow=120 ncol=2 as.numeric=TRUE >
			48.5263201393881	-44.886846128934
			48.2230306385169	-44.886846128934
			48.2230306385169	-45.1901356298051
			47.9197411376457	-45.4934251306763
			47.9197411376457	-45.7967146315475
			47.9197411376457	-46.1000041324187
			47.6164516367745	-46.4032936332898
			47.6164516367745	-46.706583134161
			47.3131621359034	-47.0098726350322
			47.3131621359034	-47.3131621359034
			47.3131621359034	-47.6164516367745
			47.3131621359034	-47.9197411376457
			47.0098726350322	-48.2230306385169
			47.0098726350322	-48.5263201393881
			47.0098726350322	-48.8296096402592
			46.706583134161	-49.1328991411304
			46.706583134161	-49.4361886420016
			46.706583134161	-49.7394781428728
			46.4032936332898	-50.042767643744
			46.4032936332898	-50.3460571446151
			46.4032936332898	-50.6493466454863
			46.4032936332898	-50.9526361463575
			46.1000041324187	-51.2559256472287
			46.1000041324187	-51.5592151480998
			46.1000041324187	-51.862504648971
			46.1000041324187	-52.1657941498422
			45.7967146315475	-52.4690836507134
			45.7967146315475	-52.7723731515845
			45.7967146315475	-53.0756626524557
			45.7967146315475	-53.3789521533269
			45.4934251306763	-53.6822416541981
			45.4934251306763	-53.9855311550692
			45.4934251306763	-54.2888206559404
			45.4934251306763	-54.5921101568116
			45.4934251306763	-54.8953996576828
			45.1901356298051	-55.1986891585539
			45.1901356298051	-55.5019786594251
			45.1901356298051	-55.8052681602963
			45.1901356298051	-56.1085576611675
			44.886846128934	-56.4118471620386
			44.886846128934	-56.7151366629098
			44.886846128934	-57.018426163781
			44.886846128934	-57.3217156646522
			44.5835566280628	-57.6250051655233
			44.5835566280628	-57.9282946663945
			44.5835566280628	-58.2315841672657
			44.5835566280628	-58.5348736681369
			44.5835566280628	-58.838163169008
			44.2802671271916	-59.1414526698792
			44.2802671271916	-59.4447421707504
			44.2802671271916	-59.7480316716216
			44.2802671271916	-60.0513211724927
			44.2802671271916	-60.3546106733639
			43.9769776263204	-60.6579001742351
			43.9769776263204	-60.9611896751063
			43.9769776263204	-61.2644791759774
			43.9769776263204	-61.5677686768486
			43.9769776263204	-61.8710581777198
			43.6736881254493	-62.174347678591
			43.6736881254493	-62.4776371794621
			43.6736881254493	-62.7809266803333
			43.6736881254493	-63.0842161812045
			43.6736881254493	-63.3875056820757
			43.3703986245781	-63.6907951829468
			43.3703986245781	-63.994084683818
			43.3703986245781	-64.2973741846892
			43.3703986245781	-64.6006636855604
			43.3703986245781	-64.9039531864316
			43.3703986245781	-65.2072426873027
			43.0671091237069	-65.2072426873027
			43.0671091237069	-65.5105321881739
			43.0671091237069	-65.8138216890451
			43.0671091237069	-66.1171111899162
			43.0671091237069	-66.4204006907874
			43.0671091237069	-66.7236901916586
			42.7638196228357	-67.0269796925298
			42.7638196228357	-67.330269193401
			42.7638196228357	-67.6335586942721
			42.7638196228357	-67.9368481951433
			42.7638196228357	-68.2401376960145
			42.7638196228357	-68.5434271968857
			42.7638196228357	-68.8467166977568
			42.4605301219646	-69.150006198628
			42.4605301219646	-69.4532956994992
			42.4605301219646	-69.7565852003704
			42.4605301219646	-70.0598747012415
			42.4605301219646	-70.3631642021127
			42.4605301219646	-70.6664537029839
			42.4605301219646	-70.9697432038551
			42.1572406210934	-71.2730327047262
			42.1572406210934	-71.5763222055974
			42.1572406210934	-71.8796117064686
			42.1572406210934	-72.1829012073398
			42.1572406210934	-72.4861907082109
			42.1572406210934	-72.7894802090821
			42.1572406210934	-73.0927697099533
			41.8539511202222	-73.3960592108245
			41.8539511202222	-73.6993487116956
			41.8539511202222	-74.0026382125668
			41.550661619351	-74.305927713438
			41.550661619351	-74.6092172143092
			41.2473721184799	-74.9125067151803
			41.2473721184799	-75.2157962160515
			41.2473721184799	-75.5190857169227
			41.2473721184799	-75.8223752177939
			40.9440826176087	-76.125664718665
			40.9440826176087	-76.4289542195362
			40.9440826176087	-76.7322437204074
			40.9440826176087	-77.0355332212786
			40.6407931167375	-77.3388227221497
			40.6407931167375	-77.6421122230209
			40.6407931167375	-77.9454017238921
			40.6407931167375	-78.2486912247633
			40.6407931167375	-78.5519807256344
			40.3375036158663	-78.8552702265056
			40.3375036158663	-79.1585597273768
			40.3375036158663	-79.461849228248
			40.3375036158663	-79.7651387291191
			40.3375036158663	-80.0684282299903
			40.3375036158663	-80.3717177308615
		</Left_Side>
		<Left_Wing type=matrix rownames=FALSE colnames=FALSE nrow=44 ncol=2 as.numeric=TRUE >
			40.3375036158663	-80.3717177308615
			40.6407931167375	-80.3717177308615
			40.9440826176087	-80.3717177308615
			41.2473721184799	-80.0684282299903
			41.550661619351	-80.0684282299903
			41.8539511202222	-79.7651387291191
			42.1572406210934	-79.7651387291191
			42.4605301219646	-79.461849228248
			42.4605301219646	-79.1585597273768
			42.7638196228357	-78.8552702265056
			43.0671091237069	-78.5519807256344
			43.3703986245781	-78.5519807256344
			43.6736881254493	-78.5519807256344
			43.9769776263204	-78.5519807256344
			44.2802671271916	-78.5519807256344
			44.5835566280628	-78.5519807256344
			44.886846128934	-78.8552702265056
			45.1901356298051	-79.1585597273768
			45.4934251306763	-79.461849228248
			45.7967146315475	-79.7651387291191
			45.7967146315475	-80.0684282299903
			46.1000041324187	-80.3717177308615
			46.1000041324187	-80.6750072317327
			46.1000041324187	-80.9782967326039
			46.1000041324187	-81.281586233475
			46.1000041324187	-81.5848757343462
			46.1000041324187	-81.8881652352174
			46.1000041324187	-82.1914547360885
			46.1000041324187	-82.4947442369597
			46.1000041324187	-82.7980337378309
			46.1000041324187	-83.1013232387021
			46.1000041324187	-83.4046127395733
			46.1000041324187	-83.7079022404444
			46.4032936332898	-84.0111917413156
			46.4032936332898	-84.3144812421868
			46.706583134161	-84.6177707430579
			46.706583134161	-84.9210602439291
			47.0098726350322	-85.2243497448003
			47.3131621359034	-85.5276392456715
			47.3131621359034	-85.8309287465427
			47.6164516367745	-86.1342182474138
			47.9197411376457	-86.1342182474138
			48.2230306385169	-86.437507748285
			48.5263201393881	-86.437507748285
		</Left_Wing>
		<Right_Wing type=matrix rownames=FALSE colnames=FALSE nrow=36 ncol=2 as.numeric=TRUE >
			48.5263201393881	-86.437507748285
			48.8296096402592	-86.1342182474138
			48.8296096402592	-85.8309287465427
			49.1328991411304	-85.5276392456715
			49.4361886420016	-85.5276392456715
			49.4361886420016	-85.2243497448003
			49.7394781428728	-84.9210602439291
			49.7394781428728	-84.6177707430579
			50.042767643744	-84.3144812421868
			50.3460571446151	-84.0111917413156
			50.3460571446151	-83.7079022404444
			50.3460571446151	-83.4046127395733
			50.3460571446151	-83.1013232387021
			50.3460571446151	-82.7980337378309
			50.6493466454863	-82.4947442369597
			50.6493466454863	-82.1914547360885
			50.6493466454863	-81.8881652352174
			50.9526361463575	-81.5848757343462
			50.9526361463575	-81.281586233475
			51.2559256472287	-80.9782967326039
			51.2559256472287	-80.6750072317327
			51.5592151480998	-80.3717177308615
			51.5592151480998	-80.0684282299903
			51.862504648971	-80.0684282299903
			52.1657941498422	-79.7651387291191
			52.4690836507134	-79.461849228248
			52.7723731515845	-79.461849228248
			53.0756626524557	-79.461849228248
			53.3789521533269	-79.461849228248
			53.6822416541981	-79.461849228248
			53.9855311550692	-79.461849228248
			54.2888206559404	-79.461849228248
			54.5921101568116	-79.461849228248
			54.8953996576828	-79.461849228248
			55.1986891585539	-79.461849228248
			55.5019786594251	-79.461849228248
		</Right_Wing>
		<Right_Side type=matrix rownames=FALSE colnames=FALSE nrow=117 ncol=2 as.numeric=TRUE >
			55.5019786594251	-79.461849228248
			55.5019786594251	-79.1585597273768
			55.5019786594251	-78.8552702265056
			55.5019786594251	-78.5519807256344
			55.5019786594251	-78.2486912247633
			55.5019786594251	-77.9454017238921
			55.5019786594251	-77.6421122230209
			55.5019786594251	-77.3388227221497
			55.5019786594251	-77.0355332212786
			55.5019786594251	-76.7322437204074
			55.1986891585539	-76.4289542195362
			55.1986891585539	-76.125664718665
			55.1986891585539	-75.8223752177939
			55.1986891585539	-75.5190857169227
			55.1986891585539	-75.2157962160515
			55.1986891585539	-74.9125067151803
			55.1986891585539	-74.6092172143092
			55.1986891585539	-74.305927713438
			54.8953996576828	-74.305927713438
			54.8953996576828	-74.0026382125668
			54.8953996576828	-73.6993487116956
			54.8953996576828	-73.3960592108245
			54.8953996576828	-73.0927697099533
			54.8953996576828	-72.7894802090821
			54.8953996576828	-72.4861907082109
			54.5921101568116	-72.1829012073398
			54.5921101568116	-71.8796117064686
			54.5921101568116	-71.5763222055974
			54.5921101568116	-71.2730327047262
			54.5921101568116	-70.9697432038551
			54.5921101568116	-70.6664537029839
			54.5921101568116	-70.3631642021127
			54.2888206559404	-70.0598747012415
			54.2888206559404	-69.7565852003704
			54.2888206559404	-69.4532956994992
			54.2888206559404	-69.150006198628
			54.2888206559404	-68.8467166977568
			54.2888206559404	-68.5434271968857
			53.9855311550692	-68.2401376960145
			53.9855311550692	-67.9368481951433
			53.9855311550692	-67.6335586942721
			53.9855311550692	-67.330269193401
			53.9855311550692	-67.0269796925298
			53.9855311550692	-66.7236901916586
			53.6822416541981	-66.4204006907874
			53.6822416541981	-66.1171111899162
			53.6822416541981	-65.8138216890451
			53.6822416541981	-65.5105321881739
			53.6822416541981	-65.2072426873027
			53.6822416541981	-64.9039531864316
			53.3789521533269	-64.6006636855604
			53.3789521533269	-64.2973741846892
			53.3789521533269	-63.994084683818
			53.3789521533269	-63.6907951829468
			53.3789521533269	-63.3875056820757
			53.3789521533269	-63.0842161812045
			53.0756626524557	-63.0842161812045
			53.0756626524557	-62.7809266803333
			53.0756626524557	-62.4776371794621
			53.0756626524557	-62.174347678591
			53.0756626524557	-61.8710581777198
			53.0756626524557	-61.5677686768486
			53.0756626524557	-61.2644791759774
			52.7723731515845	-60.9611896751063
			52.7723731515845	-60.6579001742351
			52.7723731515845	-60.3546106733639
			52.7723731515845	-60.0513211724927
			52.7723731515845	-59.7480316716216
			52.7723731515845	-59.4447421707504
			52.4690836507134	-59.1414526698792
			52.4690836507134	-58.838163169008
			52.4690836507134	-58.5348736681369
			52.4690836507134	-58.2315841672657
			52.4690836507134	-57.9282946663945
			52.1657941498422	-57.6250051655233
			52.1657941498422	-57.3217156646522
			52.1657941498422	-57.018426163781
			52.1657941498422	-56.7151366629098
			52.1657941498422	-56.4118471620386
			51.862504648971	-56.1085576611675
			51.862504648971	-55.8052681602963
			51.862504648971	-55.5019786594251
			51.862504648971	-55.1986891585539
			51.862504648971	-54.8953996576828
			51.5592151480998	-54.5921101568116
			51.5592151480998	-54.2888206559404
			51.5592151480998	-53.9855311550692
			51.5592151480998	-53.6822416541981
			51.2559256472287	-53.3789521533269
			51.2559256472287	-53.0756626524557
			51.2559256472287	-52.7723731515845
			51.2559256472287	-52.4690836507134
			51.2559256472287	-52.1657941498422
			50.9526361463575	-51.862504648971
			50.9526361463575	-51.5592151480998
			50.9526361463575	-51.2559256472287
			50.6493466454863	-50.9526361463575
			50.6493466454863	-50.6493466454863
			50.6493466454863	-50.3460571446151
			50.3460571446151	-50.042767643744
			50.3460571446151	-49.7394781428728
			50.3460571446151	-49.4361886420016
			50.042767643744	-49.1328991411304
			50.042767643744	-48.8296096402592
			50.042767643744	-48.5263201393881
			50.042767643744	-48.2230306385169
			50.042767643744	-47.9197411376457
			49.7394781428728	-47.6164516367745
			49.7394781428728	-47.3131621359034
			49.7394781428728	-47.0098726350322
			49.4361886420016	-46.706583134161
			49.4361886420016	-46.4032936332898
			49.4361886420016	-46.1000041324187
			49.1328991411304	-45.7967146315475
			49.1328991411304	-45.4934251306763
			48.8296096402592	-45.1901356298051
			48.5263201393881	-44.886846128934
		</Right_Side>
	</curves.scaled>
	<ruler.points type=matrix rownames=TRUE colnames=FALSE nrow=6 ncol=2 as.numeric=TRUE >
		Ruler point 1	282	362
		Ruler point 2	314	361
		Ruler point 3	346	360
		Ruler point 4	380	359
		Ruler point 5	411	358
		Ruler point 6	446	357
	</ruler.points>
</shapes>

