<shapes type=list>
	<ruler.pixel type=vector names=FALSE length=1 as.numeric=TRUE >27.0000000000419</ruler.pixel>
	<ruler.interval type=vector names=FALSE length=1 as.numeric=TRUE >10</ruler.interval>
	<scaling.units type=vector names=FALSE length=1 as.numeric=FALSE >mm</scaling.units>
	<scaling type=vector names=FALSE length=1 as.numeric=TRUE >0.370370370369796</scaling>
	<landmarks.pixel type=matrix rownames=TRUE colnames=FALSE nrow=4 ncol=2 as.numeric=TRUE >
		Point_Tip	294	159
		Left_Tang_Center	281	196
		Base_Center	297	221
		Right_Tang_Center	315	189
	</landmarks.pixel>
	<landmarks.scaled type=matrix rownames=TRUE colnames=FALSE nrow=4 ncol=2 as.numeric=TRUE >
		Point_Tip	108.88888888872	-58.8888888887976
		Left_Tang_Center	104.074074073913	-72.59259259248
		Base_Center	109.999999999829	-81.8518518517249
		Right_Tang_Center	116.666666666486	-69.9999999998914
	</landmarks.scaled>
	<curves.control type=list>
		<Left_Side type=matrix rownames=FALSE colnames=FALSE nrow=11 ncol=2 as.numeric=TRUE >
			294	159
			292	160
			291	163
			292	168
			289	167
			287	169
			283	179
			282	185
			280	192
			280	194
			281	196
		</Left_Side>
		<Left_Wing type=matrix rownames=FALSE colnames=FALSE nrow=11 ncol=2 as.numeric=TRUE >
			281	196
			283	199
			285	195
			287	195
			289	195
			290	210
			290	214
			291	218
			292	220
			294	221
			297	221
		</Left_Wing>
		<Right_Wing type=matrix rownames=FALSE colnames=FALSE nrow=13 ncol=2 as.numeric=TRUE >
			297	221
			300	221
			302	220
			305	217
			304	213
			305	203
			307	195
			311	195
			313	195
			314	194
			314	193
			314	191
			315	189
		</Right_Wing>
		<Right_Side type=matrix rownames=FALSE colnames=FALSE nrow=5 ncol=2 as.numeric=TRUE >
			315	189
			315	186
			311	179
			309	176
			294	159
		</Right_Side>
	</curves.control>
	<curves.pixel type=list>
		<Left_Side type=matrix rownames=FALSE colnames=FALSE nrow=41 ncol=2 as.numeric=TRUE >
			294	159
			293	160
			292	160
			292	161
			291	162
			291	163
			291	164
			291	165
			291	166
			291	167
			290	167
			289	167
			288	168
			287	169
			287	170
			286	171
			286	172
			286	173
			285	174
			285	175
			284	176
			284	177
			283	178
			283	179
			283	180
			283	181
			282	182
			282	183
			282	184
			282	185
			282	186
			281	187
			281	188
			281	189
			281	190
			280	191
			280	192
			280	193
			280	194
			281	195
			281	196
		</Left_Side>
		<Left_Wing type=matrix rownames=FALSE colnames=FALSE nrow=41 ncol=2 as.numeric=TRUE >
			281	196
			281	197
			282	197
			283	197
			284	197
			285	196
			285	195
			286	195
			287	195
			288	195
			289	195
			289	196
			289	197
			289	198
			289	199
			289	200
			289	201
			289	202
			290	203
			290	204
			290	205
			290	206
			290	207
			290	208
			290	209
			290	210
			290	211
			290	212
			290	213
			290	214
			290	215
			291	216
			291	217
			291	218
			292	219
			292	220
			293	220
			294	221
			295	221
			296	221
			297	221
		</Left_Wing>
		<Right_Wing type=matrix rownames=FALSE colnames=FALSE nrow=44 ncol=2 as.numeric=TRUE >
			297	221
			298	221
			299	221
			300	221
			301	220
			302	220
			303	219
			304	218
			304	217
			304	216
			304	215
			304	214
			304	213
			304	212
			304	211
			304	210
			304	209
			305	208
			305	207
			305	206
			305	205
			305	204
			305	203
			305	202
			306	202
			306	201
			306	200
			306	199
			306	198
			307	197
			307	196
			307	195
			308	195
			309	195
			310	195
			311	195
			312	195
			313	195
			314	194
			314	193
			314	192
			314	191
			315	190
			315	189
		</Right_Wing>
		<Right_Side type=matrix rownames=FALSE colnames=FALSE nrow=34 ncol=2 as.numeric=TRUE >
			315	189
			315	188
			315	187
			314	186
			314	185
			314	184
			313	184
			313	183
			313	182
			312	181
			311	180
			311	179
			310	178
			309	177
			309	176
			308	175
			307	174
			306	173
			305	172
			304	171
			303	170
			303	169
			302	168
			301	167
			301	166
			300	165
			299	165
			298	164
			297	163
			297	162
			296	161
			295	161
			295	160
			294	159
		</Right_Side>
	</curves.pixel>
	<curves.scaled type=list>
		<Left_Side type=matrix rownames=FALSE colnames=FALSE nrow=41 ncol=2 as.numeric=TRUE >
			108.88888888872	-58.8888888887976
			108.51851851835	-59.2592592591674
			108.14814814798	-59.2592592591674
			108.14814814798	-59.6296296295371
			107.777777777611	-59.9999999999069
			107.777777777611	-60.3703703702767
			107.777777777611	-60.7407407406465
			107.777777777611	-61.1111111110163
			107.777777777611	-61.4814814813861
			107.777777777611	-61.8518518517559
			107.407407407241	-61.8518518517559
			107.037037036871	-61.8518518517559
			106.666666666501	-62.2222222221257
			106.296296296131	-62.5925925924955
			106.296296296131	-62.9629629628653
			105.925925925762	-63.3333333332351
			105.925925925762	-63.7037037036049
			105.925925925762	-64.0740740739747
			105.555555555392	-64.4444444443445
			105.555555555392	-64.8148148147143
			105.185185185022	-65.1851851850841
			105.185185185022	-65.5555555554539
			104.814814814652	-65.9259259258237
			104.814814814652	-66.2962962961935
			104.814814814652	-66.6666666665633
			104.814814814652	-67.0370370369331
			104.444444444282	-67.4074074073029
			104.444444444282	-67.7777777776727
			104.444444444282	-68.1481481480425
			104.444444444282	-68.5185185184123
			104.444444444282	-68.888888888782
			104.074074073913	-69.2592592591518
			104.074074073913	-69.6296296295216
			104.074074073913	-69.9999999998914
			104.074074073913	-70.3703703702612
			103.703703703543	-70.740740740631
			103.703703703543	-71.1111111110008
			103.703703703543	-71.4814814813706
			103.703703703543	-71.8518518517404
			104.074074073913	-72.2222222221102
			104.074074073913	-72.59259259248
		</Left_Side>
		<Left_Wing type=matrix rownames=FALSE colnames=FALSE nrow=41 ncol=2 as.numeric=TRUE >
			104.074074073913	-72.59259259248
			104.074074073913	-72.9629629628498
			104.444444444282	-72.9629629628498
			104.814814814652	-72.9629629628498
			105.185185185022	-72.9629629628498
			105.555555555392	-72.59259259248
			105.555555555392	-72.2222222221102
			105.925925925762	-72.2222222221102
			106.296296296131	-72.2222222221102
			106.666666666501	-72.2222222221102
			107.037037036871	-72.2222222221102
			107.037037036871	-72.59259259248
			107.037037036871	-72.9629629628498
			107.037037036871	-73.3333333332196
			107.037037036871	-73.7037037035894
			107.037037036871	-74.0740740739592
			107.037037036871	-74.444444444329
			107.037037036871	-74.8148148146988
			107.407407407241	-75.1851851850686
			107.407407407241	-75.5555555554384
			107.407407407241	-75.9259259258082
			107.407407407241	-76.296296296178
			107.407407407241	-76.6666666665478
			107.407407407241	-77.0370370369176
			107.407407407241	-77.4074074072874
			107.407407407241	-77.7777777776571
			107.407407407241	-78.1481481480269
			107.407407407241	-78.5185185183967
			107.407407407241	-78.8888888887665
			107.407407407241	-79.2592592591363
			107.407407407241	-79.6296296295061
			107.777777777611	-79.9999999998759
			107.777777777611	-80.3703703702457
			107.777777777611	-80.7407407406155
			108.14814814798	-81.1111111109853
			108.14814814798	-81.4814814813551
			108.51851851835	-81.4814814813551
			108.88888888872	-81.8518518517249
			109.25925925909	-81.8518518517249
			109.62962962946	-81.8518518517249
			109.999999999829	-81.8518518517249
		</Left_Wing>
		<Right_Wing type=matrix rownames=FALSE colnames=FALSE nrow=44 ncol=2 as.numeric=TRUE >
			109.999999999829	-81.8518518517249
			110.370370370199	-81.8518518517249
			110.740740740569	-81.8518518517249
			111.111111110939	-81.8518518517249
			111.481481481309	-81.4814814813551
			111.851851851678	-81.4814814813551
			112.222222222048	-81.1111111109853
			112.592592592418	-80.7407407406155
			112.592592592418	-80.3703703702457
			112.592592592418	-79.9999999998759
			112.592592592418	-79.6296296295061
			112.592592592418	-79.2592592591363
			112.592592592418	-78.8888888887665
			112.592592592418	-78.5185185183967
			112.592592592418	-78.1481481480269
			112.592592592418	-77.7777777776571
			112.592592592418	-77.4074074072874
			112.962962962788	-77.0370370369176
			112.962962962788	-76.6666666665478
			112.962962962788	-76.296296296178
			112.962962962788	-75.9259259258082
			112.962962962788	-75.5555555554384
			112.962962962788	-75.1851851850686
			112.962962962788	-74.8148148146988
			113.333333333158	-74.8148148146988
			113.333333333158	-74.444444444329
			113.333333333158	-74.0740740739592
			113.333333333158	-73.7037037035894
			113.333333333158	-73.3333333332196
			113.703703703527	-72.9629629628498
			113.703703703527	-72.59259259248
			113.703703703527	-72.2222222221102
			114.074074073897	-72.2222222221102
			114.444444444267	-72.2222222221102
			114.814814814637	-72.2222222221102
			115.185185185007	-72.2222222221102
			115.555555555376	-72.2222222221102
			115.925925925746	-72.2222222221102
			116.296296296116	-71.8518518517404
			116.296296296116	-71.4814814813706
			116.296296296116	-71.1111111110008
			116.296296296116	-70.740740740631
			116.666666666486	-70.3703703702612
			116.666666666486	-69.9999999998914
		</Right_Wing>
		<Right_Side type=matrix rownames=FALSE colnames=FALSE nrow=34 ncol=2 as.numeric=TRUE >
			116.666666666486	-69.9999999998914
			116.666666666486	-69.6296296295216
			116.666666666486	-69.2592592591518
			116.296296296116	-68.888888888782
			116.296296296116	-68.5185185184123
			116.296296296116	-68.1481481480425
			115.925925925746	-68.1481481480425
			115.925925925746	-67.7777777776727
			115.925925925746	-67.4074074073029
			115.555555555376	-67.0370370369331
			115.185185185007	-66.6666666665633
			115.185185185007	-66.2962962961935
			114.814814814637	-65.9259259258237
			114.444444444267	-65.5555555554539
			114.444444444267	-65.1851851850841
			114.074074073897	-64.8148148147143
			113.703703703527	-64.4444444443445
			113.333333333158	-64.0740740739747
			112.962962962788	-63.7037037036049
			112.592592592418	-63.3333333332351
			112.222222222048	-62.9629629628653
			112.222222222048	-62.5925925924955
			111.851851851678	-62.2222222221257
			111.481481481309	-61.8518518517559
			111.481481481309	-61.4814814813861
			111.111111110939	-61.1111111110163
			110.740740740569	-61.1111111110163
			110.370370370199	-60.7407407406465
			109.999999999829	-60.3703703702767
			109.999999999829	-59.9999999999069
			109.62962962946	-59.6296296295371
			109.25925925909	-59.6296296295371
			109.25925925909	-59.2592592591674
			108.88888888872	-58.8888888887976
		</Right_Side>
	</curves.scaled>
	<ruler.points type=matrix rownames=TRUE colnames=FALSE nrow=6 ncol=2 as.numeric=TRUE >
		Ruler point 1	198	533
		Ruler point 2	225	534
		Ruler point 3	252	534
		Ruler point 4	279	534
		Ruler point 5	306	534
		Ruler point 6	334	534
	</ruler.points>
</shapes>

