<shapes type=list>
	<ruler.pixel type=vector names=FALSE length=1 as.numeric=TRUE >45.0017777777065</ruler.pixel>
	<ruler.interval type=vector names=FALSE length=1 as.numeric=TRUE >10</ruler.interval>
	<scaling.units type=vector names=FALSE length=1 as.numeric=FALSE >mm</scaling.units>
	<scaling type=vector names=FALSE length=1 as.numeric=TRUE >0.222213443419871</scaling>
	<landmarks.pixel type=matrix rownames=TRUE colnames=FALSE nrow=4 ncol=2 as.numeric=TRUE >
		Point_Tip	67	10
		Left_Tang_Center	15	132
		Base_Center	59	185
		Right_Tang_Center	93	129
	</landmarks.pixel>
	<landmarks.scaled type=matrix rownames=TRUE colnames=FALSE nrow=4 ncol=2 as.numeric=TRUE >
		Point_Tip	14.8883007091314	-2.22213443419871
		Left_Tang_Center	3.33320165129807	-29.332174531423
		Base_Center	13.1105931617724	-41.1094870326761
		Right_Tang_Center	20.665850238048	-28.6655342011634
	</landmarks.scaled>
	<curves.control type=list>
		<Left_Side type=matrix rownames=FALSE colnames=FALSE nrow=35 ncol=2 as.numeric=TRUE >
			67	10
			63	12
			62	17
			59	21
			57	26
			56	33
			53	36
			53	41
			50	43
			51	46
			49	48
			49	51
			46	53
			43	58
			42	62
			40	63
			40	64
			39	71
			35	76
			39	81
			33	82
			33	85
			32	87
			32	91
			28	93
			30	97
			28	101
			28	105
			25	108
			23	111
			21	114
			22	117
			19	123
			17	127
			15	132
		</Left_Side>
		<Left_Wing type=matrix rownames=FALSE colnames=FALSE nrow=25 ncol=2 as.numeric=TRUE >
			15	132
			18	133
			23	132
			28	129
			33	125
			37	123
			40	118
			42	115
			45	114
			46	124
			44	126
			44	128
			45	133
			45	139
			45	144
			47	148
			46	152
			46	155
			48	157
			49	162
			49	168
			52	174
			53	179
			53	182
			59	185
		</Left_Wing>
		<Right_Wing type=matrix rownames=FALSE colnames=FALSE nrow=25 ncol=2 as.numeric=TRUE >
			59	185
			62	184
			66	172
			68	166
			70	161
			72	154
			72	152
			73	150
			74	145
			75	141
			74	136
			74	131
			74	129
			76	125
			75	123
			74	116
			76	113
			78	112
			79	115
			82	115
			84	121
			85	124
			87	126
			89	128
			93	129
		</Right_Wing>
		<Right_Side type=matrix rownames=FALSE colnames=FALSE nrow=35 ncol=2 as.numeric=TRUE >
			93	129
			93	126
			98	122
			97	117
			100	114
			97	110
			98	106
			96	104
			96	100
			95	97
			95	94
			93	90
			91	88
			91	86
			89	80
			89	78
			89	75
			87	72
			88	71
			90	69
			87	67
			85	62
			82	53
			81	51
			80	48
			79	47
			79	43
			77	41
			77	37
			74	35
			72	25
			72	21
			70	18
			71	13
			67	10
		</Right_Side>
	</curves.control>
	<curves.pixel type=list>
		<Left_Side type=matrix rownames=FALSE colnames=FALSE nrow=138 ncol=2 as.numeric=TRUE >
			67	10
			66	11
			65	11
			64	12
			64	13
			63	14
			63	15
			62	16
			62	17
			61	18
			61	19
			60	20
			59	21
			59	22
			58	23
			58	24
			57	25
			57	26
			57	27
			57	28
			56	29
			56	30
			56	31
			56	32
			55	32
			55	33
			55	34
			54	34
			54	35
			53	36
			53	37
			53	38
			53	39
			52	40
			52	41
			51	42
			50	43
			50	44
			50	45
			50	46
			50	47
			49	48
			49	49
			48	50
			48	51
			47	52
			46	53
			45	54
			45	55
			44	56
			44	57
			43	58
			43	59
			43	60
			42	61
			42	62
			41	62
			41	63
			40	63
			40	64
			40	65
			40	66
			39	67
			39	68
			39	69
			39	70
			38	70
			38	71
			38	72
			37	73
			36	74
			36	75
			35	76
			35	77
			36	77
			36	78
			36	79
			37	79
			37	80
			36	80
			36	81
			35	81
			34	82
			33	82
			33	83
			33	84
			33	85
			33	86
			32	86
			32	87
			32	88
			32	89
			31	90
			30	91
			29	92
			28	93
			28	94
			29	95
			29	96
			29	97
			29	98
			29	99
			28	100
			28	101
			28	102
			28	103
			28	104
			27	105
			27	106
			26	107
			25	108
			25	109
			24	109
			24	110
			23	111
			22	112
			22	113
			21	113
			21	114
			21	115
			21	116
			21	117
			21	118
			21	119
			20	120
			20	121
			19	122
			19	123
			18	124
			18	125
			18	126
			17	127
			17	128
			16	128
			16	129
			16	130
			15	131
			15	132
		</Left_Side>
		<Left_Wing type=matrix rownames=FALSE colnames=FALSE nrow=109 ncol=2 as.numeric=TRUE >
			15	132
			16	132
			17	132
			18	132
			19	132
			20	132
			21	132
			22	132
			23	132
			24	132
			24	131
			25	131
			26	130
			27	130
			27	129
			28	129
			29	128
			30	127
			31	127
			31	126
			32	126
			33	125
			34	124
			35	124
			36	123
			37	122
			38	121
			39	120
			39	119
			40	118
			41	117
			41	116
			42	115
			43	115
			44	114
			45	115
			45	116
			45	117
			45	118
			45	119
			45	120
			45	121
			45	122
			45	123
			45	124
			45	125
			44	125
			44	126
			44	127
			44	128
			44	129
			44	130
			45	131
			45	132
			45	133
			45	134
			45	135
			45	136
			45	137
			45	138
			45	139
			45	140
			45	141
			45	142
			45	143
			45	144
			45	145
			46	146
			46	147
			46	148
			46	149
			46	150
			46	151
			46	152
			46	153
			46	154
			47	155
			47	156
			48	157
			48	158
			48	159
			48	160
			49	161
			49	162
			49	163
			49	164
			49	165
			49	166
			49	167
			49	168
			49	169
			50	170
			50	171
			51	172
			51	173
			51	174
			52	174
			52	175
			52	176
			53	177
			53	178
			53	179
			53	180
			54	181
			55	182
			56	183
			57	184
			58	185
			59	185
		</Left_Wing>
		<Right_Wing type=matrix rownames=FALSE colnames=FALSE nrow=96 ncol=2 as.numeric=TRUE >
			59	185
			60	185
			60	184
			61	183
			62	182
			63	181
			63	180
			63	179
			64	178
			64	177
			65	176
			65	175
			65	174
			66	173
			66	172
			66	171
			67	170
			67	169
			67	168
			68	167
			68	166
			69	165
			69	164
			69	163
			70	162
			70	161
			70	160
			71	159
			71	158
			71	157
			71	156
			72	155
			72	154
			72	153
			72	152
			72	151
			73	150
			73	149
			73	148
			74	147
			74	146
			74	145
			74	144
			74	143
			74	142
			74	141
			74	140
			74	139
			74	138
			74	137
			74	136
			74	135
			74	134
			74	133
			74	132
			74	131
			74	130
			74	129
			74	128
			75	127
			75	126
			75	125
			75	124
			75	123
			75	122
			75	121
			75	120
			75	119
			75	118
			75	117
			75	116
			75	115
			76	114
			76	113
			77	113
			78	113
			79	114
			80	115
			81	116
			82	117
			83	118
			83	119
			84	120
			84	121
			84	122
			85	122
			85	123
			85	124
			86	125
			87	126
			88	127
			89	128
			90	128
			91	128
			92	129
			93	129
		</Right_Wing>
		<Right_Side type=matrix rownames=FALSE colnames=FALSE nrow=124 ncol=2 as.numeric=TRUE >
			93	129
			93	128
			93	127
			94	126
			95	125
			96	124
			97	123
			98	122
			98	121
			98	120
			98	119
			98	118
			98	117
			99	116
			99	115
			100	114
			99	113
			99	112
			98	111
			98	110
			98	109
			98	108
			98	107
			98	106
			97	105
			97	104
			96	103
			96	102
			96	101
			96	100
			96	99
			95	98
			95	97
			95	96
			95	95
			95	94
			94	93
			94	92
			93	91
			93	90
			92	89
			91	88
			91	87
			91	86
			90	85
			90	84
			90	83
			90	82
			89	81
			89	80
			89	79
			89	78
			89	77
			89	76
			89	75
			88	74
			88	73
			88	72
			88	71
			89	70
			89	69
			88	68
			88	67
			87	67
			86	66
			86	65
			86	64
			85	63
			85	62
			85	61
			84	60
			84	59
			84	58
			83	57
			83	56
			83	55
			82	54
			82	53
			82	52
			81	52
			81	51
			81	50
			80	49
			80	48
			79	47
			79	46
			79	45
			79	44
			79	43
			78	42
			78	41
			77	40
			77	39
			77	38
			77	37
			76	36
			75	35
			75	34
			74	33
			74	32
			73	31
			73	30
			73	29
			73	28
			72	27
			72	26
			72	25
			72	24
			72	23
			72	22
			71	21
			71	20
			71	19
			70	18
			70	17
			70	16
			70	15
			70	14
			70	13
			69	13
			69	12
			69	11
			68	11
			67	10
		</Right_Side>
	</curves.pixel>
	<curves.scaled type=list>
		<Left_Side type=matrix rownames=FALSE colnames=FALSE nrow=138 ncol=2 as.numeric=TRUE >
			14.8883007091314	-2.22213443419871
			14.6660872657115	-2.44434787761858
			14.4438738222916	-2.44434787761858
			14.2216603788717	-2.66656132103845
			14.2216603788717	-2.88877476445832
			13.9994469354519	-3.11098820787819
			13.9994469354519	-3.33320165129807
			13.777233492032	-3.55541509471794
			13.777233492032	-3.77762853813781
			13.5550200486121	-3.99984198155768
			13.5550200486121	-4.22205542497755
			13.3328066051923	-4.44426886839742
			13.1105931617724	-4.66648231181729
			13.1105931617724	-4.88869575523716
			12.8883797183525	-5.11090919865703
			12.8883797183525	-5.3331226420769
			12.6661662749326	-5.55533608549678
			12.6661662749326	-5.77754952891665
			12.6661662749326	-5.99976297233652
			12.6661662749326	-6.22197641575639
			12.4439528315128	-6.44418985917626
			12.4439528315128	-6.66640330259613
			12.4439528315128	-6.888616746016
			12.4439528315128	-7.11083018943587
			12.2217393880929	-7.11083018943587
			12.2217393880929	-7.33304363285574
			12.2217393880929	-7.55525707627561
			11.999525944673	-7.55525707627561
			11.999525944673	-7.77747051969548
			11.7773125012532	-7.99968396311536
			11.7773125012532	-8.22189740653523
			11.7773125012532	-8.4441108499551
			11.7773125012532	-8.66632429337497
			11.5550990578333	-8.88853773679484
			11.5550990578333	-9.11075118021471
			11.3328856144134	-9.33296462363458
			11.1106721709936	-9.55517806705445
			11.1106721709936	-9.77739151047432
			11.1106721709936	-9.9996049538942
			11.1106721709936	-10.2218183973141
			11.1106721709936	-10.4440318407339
			10.8884587275737	-10.6662452841538
			10.8884587275737	-10.8884587275737
			10.6662452841538	-11.1106721709936
			10.6662452841538	-11.3328856144134
			10.4440318407339	-11.5550990578333
			10.2218183973141	-11.7773125012532
			9.9996049538942	-11.999525944673
			9.9996049538942	-12.2217393880929
			9.77739151047432	-12.4439528315128
			9.77739151047432	-12.6661662749326
			9.55517806705445	-12.8883797183525
			9.55517806705445	-13.1105931617724
			9.55517806705445	-13.3328066051923
			9.33296462363458	-13.5550200486121
			9.33296462363458	-13.777233492032
			9.11075118021471	-13.777233492032
			9.11075118021471	-13.9994469354519
			8.88853773679484	-13.9994469354519
			8.88853773679484	-14.2216603788717
			8.88853773679484	-14.4438738222916
			8.88853773679484	-14.6660872657115
			8.66632429337497	-14.8883007091314
			8.66632429337497	-15.1105141525512
			8.66632429337497	-15.3327275959711
			8.66632429337497	-15.554941039391
			8.4441108499551	-15.554941039391
			8.4441108499551	-15.7771544828108
			8.4441108499551	-15.9993679262307
			8.22189740653523	-16.2215813696506
			7.99968396311536	-16.4437948130705
			7.99968396311536	-16.6660082564903
			7.77747051969548	-16.8882216999102
			7.77747051969548	-17.1104351433301
			7.99968396311536	-17.1104351433301
			7.99968396311536	-17.3326485867499
			7.99968396311536	-17.5548620301698
			8.22189740653523	-17.5548620301698
			8.22189740653523	-17.7770754735897
			7.99968396311536	-17.7770754735897
			7.99968396311536	-17.9992889170096
			7.77747051969548	-17.9992889170096
			7.55525707627561	-18.2215023604294
			7.33304363285574	-18.2215023604294
			7.33304363285574	-18.4437158038493
			7.33304363285574	-18.6659292472692
			7.33304363285574	-18.888142690689
			7.33304363285574	-19.1103561341089
			7.11083018943587	-19.1103561341089
			7.11083018943587	-19.3325695775288
			7.11083018943587	-19.5547830209486
			7.11083018943587	-19.7769964643685
			6.888616746016	-19.9992099077884
			6.66640330259613	-20.2214233512083
			6.44418985917626	-20.4436367946281
			6.22197641575639	-20.665850238048
			6.22197641575639	-20.8880636814679
			6.44418985917626	-21.1102771248877
			6.44418985917626	-21.3324905683076
			6.44418985917626	-21.5547040117275
			6.44418985917626	-21.7769174551474
			6.44418985917626	-21.9991308985672
			6.22197641575639	-22.2213443419871
			6.22197641575639	-22.443557785407
			6.22197641575639	-22.6657712288268
			6.22197641575639	-22.8879846722467
			6.22197641575639	-23.1101981156666
			5.99976297233652	-23.3324115590865
			5.99976297233652	-23.5546250025063
			5.77754952891665	-23.7768384459262
			5.55533608549678	-23.9990518893461
			5.55533608549678	-24.2212653327659
			5.3331226420769	-24.2212653327659
			5.3331226420769	-24.4434787761858
			5.11090919865703	-24.6656922196057
			4.88869575523716	-24.8879056630256
			4.88869575523716	-25.1101191064454
			4.66648231181729	-25.1101191064454
			4.66648231181729	-25.3323325498653
			4.66648231181729	-25.5545459932852
			4.66648231181729	-25.776759436705
			4.66648231181729	-25.9989728801249
			4.66648231181729	-26.2211863235448
			4.66648231181729	-26.4433997669646
			4.44426886839742	-26.6656132103845
			4.44426886839742	-26.8878266538044
			4.22205542497755	-27.1100400972243
			4.22205542497755	-27.3322535406441
			3.99984198155768	-27.554466984064
			3.99984198155768	-27.7766804274839
			3.99984198155768	-27.9988938709037
			3.77762853813781	-28.2211073143236
			3.77762853813781	-28.4433207577435
			3.55541509471794	-28.4433207577435
			3.55541509471794	-28.6655342011634
			3.55541509471794	-28.8877476445832
			3.33320165129807	-29.1099610880031
			3.33320165129807	-29.332174531423
		</Left_Side>
		<Left_Wing type=matrix rownames=FALSE colnames=FALSE nrow=109 ncol=2 as.numeric=TRUE >
			3.33320165129807	-29.332174531423
			3.55541509471794	-29.332174531423
			3.77762853813781	-29.332174531423
			3.99984198155768	-29.332174531423
			4.22205542497755	-29.332174531423
			4.44426886839742	-29.332174531423
			4.66648231181729	-29.332174531423
			4.88869575523716	-29.332174531423
			5.11090919865703	-29.332174531423
			5.3331226420769	-29.332174531423
			5.3331226420769	-29.1099610880031
			5.55533608549678	-29.1099610880031
			5.77754952891665	-28.8877476445832
			5.99976297233652	-28.8877476445832
			5.99976297233652	-28.6655342011634
			6.22197641575639	-28.6655342011634
			6.44418985917626	-28.4433207577435
			6.66640330259613	-28.2211073143236
			6.888616746016	-28.2211073143236
			6.888616746016	-27.9988938709037
			7.11083018943587	-27.9988938709037
			7.33304363285574	-27.7766804274839
			7.55525707627561	-27.554466984064
			7.77747051969548	-27.554466984064
			7.99968396311536	-27.3322535406441
			8.22189740653523	-27.1100400972243
			8.4441108499551	-26.8878266538044
			8.66632429337497	-26.6656132103845
			8.66632429337497	-26.4433997669646
			8.88853773679484	-26.2211863235448
			9.11075118021471	-25.9989728801249
			9.11075118021471	-25.776759436705
			9.33296462363458	-25.5545459932852
			9.55517806705445	-25.5545459932852
			9.77739151047432	-25.3323325498653
			9.9996049538942	-25.5545459932852
			9.9996049538942	-25.776759436705
			9.9996049538942	-25.9989728801249
			9.9996049538942	-26.2211863235448
			9.9996049538942	-26.4433997669646
			9.9996049538942	-26.6656132103845
			9.9996049538942	-26.8878266538044
			9.9996049538942	-27.1100400972243
			9.9996049538942	-27.3322535406441
			9.9996049538942	-27.554466984064
			9.9996049538942	-27.7766804274839
			9.77739151047432	-27.7766804274839
			9.77739151047432	-27.9988938709037
			9.77739151047432	-28.2211073143236
			9.77739151047432	-28.4433207577435
			9.77739151047432	-28.6655342011634
			9.77739151047432	-28.8877476445832
			9.9996049538942	-29.1099610880031
			9.9996049538942	-29.332174531423
			9.9996049538942	-29.5543879748428
			9.9996049538942	-29.7766014182627
			9.9996049538942	-29.9988148616826
			9.9996049538942	-30.2210283051025
			9.9996049538942	-30.4432417485223
			9.9996049538942	-30.6654551919422
			9.9996049538942	-30.8876686353621
			9.9996049538942	-31.1098820787819
			9.9996049538942	-31.3320955222018
			9.9996049538942	-31.5543089656217
			9.9996049538942	-31.7765224090416
			9.9996049538942	-31.9987358524614
			9.9996049538942	-32.2209492958813
			10.2218183973141	-32.4431627393012
			10.2218183973141	-32.665376182721
			10.2218183973141	-32.8875896261409
			10.2218183973141	-33.1098030695608
			10.2218183973141	-33.3320165129807
			10.2218183973141	-33.5542299564005
			10.2218183973141	-33.7764433998204
			10.2218183973141	-33.9986568432403
			10.2218183973141	-34.2208702866601
			10.4440318407339	-34.44308373008
			10.4440318407339	-34.6652971734999
			10.6662452841538	-34.8875106169197
			10.6662452841538	-35.1097240603396
			10.6662452841538	-35.3319375037595
			10.6662452841538	-35.5541509471794
			10.8884587275737	-35.7763643905992
			10.8884587275737	-35.9985778340191
			10.8884587275737	-36.220791277439
			10.8884587275737	-36.4430047208588
			10.8884587275737	-36.6652181642787
			10.8884587275737	-36.8874316076986
			10.8884587275737	-37.1096450511185
			10.8884587275737	-37.3318584945383
			10.8884587275737	-37.5540719379582
			11.1106721709936	-37.7762853813781
			11.1106721709936	-37.9984988247979
			11.3328856144134	-38.2207122682178
			11.3328856144134	-38.4429257116377
			11.3328856144134	-38.6651391550576
			11.5550990578333	-38.6651391550576
			11.5550990578333	-38.8873525984774
			11.5550990578333	-39.1095660418973
			11.7773125012532	-39.3317794853172
			11.7773125012532	-39.553992928737
			11.7773125012532	-39.7762063721569
			11.7773125012532	-39.9984198155768
			11.999525944673	-40.2206332589966
			12.2217393880929	-40.4428467024165
			12.4439528315128	-40.6650601458364
			12.6661662749326	-40.8872735892563
			12.8883797183525	-41.1094870326761
			13.1105931617724	-41.1094870326761
		</Left_Wing>
		<Right_Wing type=matrix rownames=FALSE colnames=FALSE nrow=96 ncol=2 as.numeric=TRUE >
			13.1105931617724	-41.1094870326761
			13.3328066051923	-41.1094870326761
			13.3328066051923	-40.8872735892563
			13.5550200486121	-40.6650601458364
			13.777233492032	-40.4428467024165
			13.9994469354519	-40.2206332589966
			13.9994469354519	-39.9984198155768
			13.9994469354519	-39.7762063721569
			14.2216603788717	-39.553992928737
			14.2216603788717	-39.3317794853172
			14.4438738222916	-39.1095660418973
			14.4438738222916	-38.8873525984774
			14.4438738222916	-38.6651391550576
			14.6660872657115	-38.4429257116377
			14.6660872657115	-38.2207122682178
			14.6660872657115	-37.9984988247979
			14.8883007091314	-37.7762853813781
			14.8883007091314	-37.5540719379582
			14.8883007091314	-37.3318584945383
			15.1105141525512	-37.1096450511185
			15.1105141525512	-36.8874316076986
			15.3327275959711	-36.6652181642787
			15.3327275959711	-36.4430047208588
			15.3327275959711	-36.220791277439
			15.554941039391	-35.9985778340191
			15.554941039391	-35.7763643905992
			15.554941039391	-35.5541509471794
			15.7771544828108	-35.3319375037595
			15.7771544828108	-35.1097240603396
			15.7771544828108	-34.8875106169197
			15.7771544828108	-34.6652971734999
			15.9993679262307	-34.44308373008
			15.9993679262307	-34.2208702866601
			15.9993679262307	-33.9986568432403
			15.9993679262307	-33.7764433998204
			15.9993679262307	-33.5542299564005
			16.2215813696506	-33.3320165129807
			16.2215813696506	-33.1098030695608
			16.2215813696506	-32.8875896261409
			16.4437948130705	-32.665376182721
			16.4437948130705	-32.4431627393012
			16.4437948130705	-32.2209492958813
			16.4437948130705	-31.9987358524614
			16.4437948130705	-31.7765224090416
			16.4437948130705	-31.5543089656217
			16.4437948130705	-31.3320955222018
			16.4437948130705	-31.1098820787819
			16.4437948130705	-30.8876686353621
			16.4437948130705	-30.6654551919422
			16.4437948130705	-30.4432417485223
			16.4437948130705	-30.2210283051025
			16.4437948130705	-29.9988148616826
			16.4437948130705	-29.7766014182627
			16.4437948130705	-29.5543879748428
			16.4437948130705	-29.332174531423
			16.4437948130705	-29.1099610880031
			16.4437948130705	-28.8877476445832
			16.4437948130705	-28.6655342011634
			16.4437948130705	-28.4433207577435
			16.6660082564903	-28.2211073143236
			16.6660082564903	-27.9988938709037
			16.6660082564903	-27.7766804274839
			16.6660082564903	-27.554466984064
			16.6660082564903	-27.3322535406441
			16.6660082564903	-27.1100400972243
			16.6660082564903	-26.8878266538044
			16.6660082564903	-26.6656132103845
			16.6660082564903	-26.4433997669646
			16.6660082564903	-26.2211863235448
			16.6660082564903	-25.9989728801249
			16.6660082564903	-25.776759436705
			16.6660082564903	-25.5545459932852
			16.8882216999102	-25.3323325498653
			16.8882216999102	-25.1101191064454
			17.1104351433301	-25.1101191064454
			17.3326485867499	-25.1101191064454
			17.5548620301698	-25.3323325498653
			17.7770754735897	-25.5545459932852
			17.9992889170096	-25.776759436705
			18.2215023604294	-25.9989728801249
			18.4437158038493	-26.2211863235448
			18.4437158038493	-26.4433997669646
			18.6659292472692	-26.6656132103845
			18.6659292472692	-26.8878266538044
			18.6659292472692	-27.1100400972243
			18.888142690689	-27.1100400972243
			18.888142690689	-27.3322535406441
			18.888142690689	-27.554466984064
			19.1103561341089	-27.7766804274839
			19.3325695775288	-27.9988938709037
			19.5547830209486	-28.2211073143236
			19.7769964643685	-28.4433207577435
			19.9992099077884	-28.4433207577435
			20.2214233512083	-28.4433207577435
			20.4436367946281	-28.6655342011634
			20.665850238048	-28.6655342011634
		</Right_Wing>
		<Right_Side type=matrix rownames=FALSE colnames=FALSE nrow=124 ncol=2 as.numeric=TRUE >
			20.665850238048	-28.6655342011634
			20.665850238048	-28.4433207577435
			20.665850238048	-28.2211073143236
			20.8880636814679	-27.9988938709037
			21.1102771248877	-27.7766804274839
			21.3324905683076	-27.554466984064
			21.5547040117275	-27.3322535406441
			21.7769174551474	-27.1100400972243
			21.7769174551474	-26.8878266538044
			21.7769174551474	-26.6656132103845
			21.7769174551474	-26.4433997669646
			21.7769174551474	-26.2211863235448
			21.7769174551474	-25.9989728801249
			21.9991308985672	-25.776759436705
			21.9991308985672	-25.5545459932852
			22.2213443419871	-25.3323325498653
			21.9991308985672	-25.1101191064454
			21.9991308985672	-24.8879056630256
			21.7769174551474	-24.6656922196057
			21.7769174551474	-24.4434787761858
			21.7769174551474	-24.2212653327659
			21.7769174551474	-23.9990518893461
			21.7769174551474	-23.7768384459262
			21.7769174551474	-23.5546250025063
			21.5547040117275	-23.3324115590865
			21.5547040117275	-23.1101981156666
			21.3324905683076	-22.8879846722467
			21.3324905683076	-22.6657712288268
			21.3324905683076	-22.443557785407
			21.3324905683076	-22.2213443419871
			21.3324905683076	-21.9991308985672
			21.1102771248877	-21.7769174551474
			21.1102771248877	-21.5547040117275
			21.1102771248877	-21.3324905683076
			21.1102771248877	-21.1102771248877
			21.1102771248877	-20.8880636814679
			20.8880636814679	-20.665850238048
			20.8880636814679	-20.4436367946281
			20.665850238048	-20.2214233512083
			20.665850238048	-19.9992099077884
			20.4436367946281	-19.7769964643685
			20.2214233512083	-19.5547830209486
			20.2214233512083	-19.3325695775288
			20.2214233512083	-19.1103561341089
			19.9992099077884	-18.888142690689
			19.9992099077884	-18.6659292472692
			19.9992099077884	-18.4437158038493
			19.9992099077884	-18.2215023604294
			19.7769964643685	-17.9992889170096
			19.7769964643685	-17.7770754735897
			19.7769964643685	-17.5548620301698
			19.7769964643685	-17.3326485867499
			19.7769964643685	-17.1104351433301
			19.7769964643685	-16.8882216999102
			19.7769964643685	-16.6660082564903
			19.5547830209486	-16.4437948130705
			19.5547830209486	-16.2215813696506
			19.5547830209486	-15.9993679262307
			19.5547830209486	-15.7771544828108
			19.7769964643685	-15.554941039391
			19.7769964643685	-15.3327275959711
			19.5547830209486	-15.1105141525512
			19.5547830209486	-14.8883007091314
			19.3325695775288	-14.8883007091314
			19.1103561341089	-14.6660872657115
			19.1103561341089	-14.4438738222916
			19.1103561341089	-14.2216603788717
			18.888142690689	-13.9994469354519
			18.888142690689	-13.777233492032
			18.888142690689	-13.5550200486121
			18.6659292472692	-13.3328066051923
			18.6659292472692	-13.1105931617724
			18.6659292472692	-12.8883797183525
			18.4437158038493	-12.6661662749326
			18.4437158038493	-12.4439528315128
			18.4437158038493	-12.2217393880929
			18.2215023604294	-11.999525944673
			18.2215023604294	-11.7773125012532
			18.2215023604294	-11.5550990578333
			17.9992889170096	-11.5550990578333
			17.9992889170096	-11.3328856144134
			17.9992889170096	-11.1106721709936
			17.7770754735897	-10.8884587275737
			17.7770754735897	-10.6662452841538
			17.5548620301698	-10.4440318407339
			17.5548620301698	-10.2218183973141
			17.5548620301698	-9.9996049538942
			17.5548620301698	-9.77739151047432
			17.5548620301698	-9.55517806705445
			17.3326485867499	-9.33296462363458
			17.3326485867499	-9.11075118021471
			17.1104351433301	-8.88853773679484
			17.1104351433301	-8.66632429337497
			17.1104351433301	-8.4441108499551
			17.1104351433301	-8.22189740653523
			16.8882216999102	-7.99968396311536
			16.6660082564903	-7.77747051969548
			16.6660082564903	-7.55525707627561
			16.4437948130705	-7.33304363285574
			16.4437948130705	-7.11083018943587
			16.2215813696506	-6.888616746016
			16.2215813696506	-6.66640330259613
			16.2215813696506	-6.44418985917626
			16.2215813696506	-6.22197641575639
			15.9993679262307	-5.99976297233652
			15.9993679262307	-5.77754952891665
			15.9993679262307	-5.55533608549678
			15.9993679262307	-5.3331226420769
			15.9993679262307	-5.11090919865703
			15.9993679262307	-4.88869575523716
			15.7771544828108	-4.66648231181729
			15.7771544828108	-4.44426886839742
			15.7771544828108	-4.22205542497755
			15.554941039391	-3.99984198155768
			15.554941039391	-3.77762853813781
			15.554941039391	-3.55541509471794
			15.554941039391	-3.33320165129807
			15.554941039391	-3.11098820787819
			15.554941039391	-2.88877476445832
			15.3327275959711	-2.88877476445832
			15.3327275959711	-2.66656132103845
			15.3327275959711	-2.44434787761858
			15.1105141525512	-2.44434787761858
			14.8883007091314	-2.22213443419871
		</Right_Side>
	</curves.scaled>
	<ruler.points type=matrix rownames=TRUE colnames=FALSE nrow=6 ncol=2 as.numeric=TRUE >
		Ruler point 1	172	242
		Ruler point 2	218	242
		Ruler point 3	264	243
		Ruler point 4	308	244
		Ruler point 5	353	243
		Ruler point 6	398	244
	</ruler.points>
</shapes>

