<shapes type=list>
	<ruler.pixel type=vector names=FALSE length=1 as.numeric=TRUE >26.9999999999941</ruler.pixel>
	<ruler.interval type=vector names=FALSE length=1 as.numeric=TRUE >10</ruler.interval>
	<scaling.units type=vector names=FALSE length=1 as.numeric=FALSE >mm</scaling.units>
	<scaling type=vector names=FALSE length=1 as.numeric=TRUE >0.370370370370452</scaling>
	<landmarks.pixel type=matrix rownames=TRUE colnames=FALSE nrow=4 ncol=2 as.numeric=TRUE >
		Point_Tip	157	93
		Left_Tang_Center	140	136
		Base_Center	159	162
		Right_Tang_Center	180	131
	</landmarks.pixel>
	<landmarks.scaled type=matrix rownames=TRUE colnames=FALSE nrow=4 ncol=2 as.numeric=TRUE >
		Point_Tip	58.1481481481609	-34.444444444452
		Left_Tang_Center	51.8518518518633	-50.3703703703815
		Base_Center	58.8888888889019	-60.0000000000132
		Right_Tang_Center	66.6666666666813	-48.5185185185292
	</landmarks.scaled>
	<curves.control type=list>
		<Left_Side type=matrix rownames=FALSE colnames=FALSE nrow=7 ncol=2 as.numeric=TRUE >
			157	93
			154	94
			154	97
			149	107
			141	124
			140	131
			140	136
		</Left_Side>
		<Left_Wing type=matrix rownames=FALSE colnames=FALSE nrow=7 ncol=2 as.numeric=TRUE >
			140	136
			144	137
			148	137
			149	140
			149	149
			150	157
			159	162
		</Left_Wing>
		<Right_Wing type=matrix rownames=FALSE colnames=FALSE nrow=9 ncol=2 as.numeric=TRUE >
			159	162
			162	161
			168	157
			168	152
			170	147
			168	138
			172	135
			176	133
			180	131
		</Right_Wing>
		<Right_Side type=matrix rownames=FALSE colnames=FALSE nrow=11 ncol=2 as.numeric=TRUE >
			180	131
			180	128
			178	123
			174	118
			171	112
			168	109
			163	99
			160	97
			160	94
			159	93
			157	93
		</Right_Side>
	</curves.control>
	<curves.pixel type=list>
		<Left_Side type=matrix rownames=FALSE colnames=FALSE nrow=49 ncol=2 as.numeric=TRUE >
			157	93
			156	93
			156	94
			155	94
			155	95
			154	95
			154	96
			154	97
			153	98
			153	99
			153	100
			152	100
			152	101
			152	102
			151	103
			151	104
			150	104
			150	105
			150	106
			149	107
			149	108
			148	109
			147	110
			147	111
			147	112
			146	113
			146	114
			145	115
			145	116
			144	117
			144	118
			143	119
			143	120
			142	121
			142	122
			142	123
			141	124
			141	125
			141	126
			141	127
			140	128
			140	129
			140	130
			140	131
			140	132
			140	133
			140	134
			140	135
			140	136
		</Left_Side>
		<Left_Wing type=matrix rownames=FALSE colnames=FALSE nrow=35 ncol=2 as.numeric=TRUE >
			140	136
			141	136
			142	136
			143	137
			144	137
			145	137
			146	137
			147	137
			148	138
			148	139
			149	140
			149	141
			149	142
			149	143
			149	144
			149	145
			149	146
			149	147
			149	148
			149	149
			149	150
			150	151
			150	152
			150	153
			151	154
			151	155
			152	156
			153	157
			154	158
			154	159
			155	160
			156	160
			157	161
			158	161
			159	162
		</Left_Wing>
		<Right_Wing type=matrix rownames=FALSE colnames=FALSE nrow=40 ncol=2 as.numeric=TRUE >
			159	162
			160	162
			161	161
			162	161
			163	160
			164	160
			165	159
			166	158
			167	158
			168	157
			168	156
			168	155
			168	154
			168	153
			168	152
			169	151
			169	150
			169	149
			170	148
			170	147
			170	146
			170	145
			169	144
			169	143
			169	142
			169	141
			169	140
			170	139
			170	138
			171	137
			171	136
			172	135
			173	134
			174	134
			175	134
			176	133
			177	133
			178	132
			179	132
			180	131
		</Right_Wing>
		<Right_Side type=matrix rownames=FALSE colnames=FALSE nrow=45 ncol=2 as.numeric=TRUE >
			180	131
			180	130
			180	129
			180	128
			179	127
			179	126
			179	125
			178	124
			178	123
			177	122
			176	121
			176	120
			175	119
			174	118
			174	117
			173	116
			172	115
			172	114
			171	113
			171	112
			170	111
			169	110
			169	109
			168	108
			167	107
			167	106
			166	105
			166	104
			165	103
			165	102
			164	101
			164	100
			163	99
			162	99
			162	98
			161	98
			161	97
			161	96
			160	96
			160	95
			160	94
			159	94
			159	93
			158	93
			157	93
		</Right_Side>
	</curves.pixel>
	<curves.scaled type=list>
		<Left_Side type=matrix rownames=FALSE colnames=FALSE nrow=49 ncol=2 as.numeric=TRUE >
			58.1481481481609	-34.444444444452
			57.7777777777905	-34.444444444452
			57.7777777777905	-34.8148148148225
			57.40740740742	-34.8148148148225
			57.40740740742	-35.1851851851929
			57.0370370370496	-35.1851851851929
			57.0370370370496	-35.5555555555634
			57.0370370370496	-35.9259259259338
			56.6666666666791	-36.2962962963043
			56.6666666666791	-36.6666666666747
			56.6666666666791	-37.0370370370452
			56.2962962963087	-37.0370370370452
			56.2962962963087	-37.4074074074156
			56.2962962963087	-37.7777777777861
			55.9259259259382	-38.1481481481565
			55.9259259259382	-38.518518518527
			55.5555555555678	-38.518518518527
			55.5555555555678	-38.8888888888974
			55.5555555555678	-39.2592592592679
			55.1851851851973	-39.6296296296384
			55.1851851851973	-40.0000000000088
			54.8148148148269	-40.3703703703793
			54.4444444444564	-40.7407407407497
			54.4444444444564	-41.1111111111202
			54.4444444444564	-41.4814814814906
			54.074074074086	-41.8518518518611
			54.074074074086	-42.2222222222315
			53.7037037037155	-42.592592592602
			53.7037037037155	-42.9629629629724
			53.3333333333451	-43.3333333333429
			53.3333333333451	-43.7037037037133
			52.9629629629746	-44.0740740740838
			52.9629629629746	-44.4444444444542
			52.5925925926042	-44.8148148148247
			52.5925925926042	-45.1851851851951
			52.5925925926042	-45.5555555555656
			52.2222222222337	-45.925925925936
			52.2222222222337	-46.2962962963065
			52.2222222222337	-46.6666666666769
			52.2222222222337	-47.0370370370474
			51.8518518518633	-47.4074074074178
			51.8518518518633	-47.7777777777883
			51.8518518518633	-48.1481481481587
			51.8518518518633	-48.5185185185292
			51.8518518518633	-48.8888888888997
			51.8518518518633	-49.2592592592701
			51.8518518518633	-49.6296296296406
			51.8518518518633	-50.000000000011
			51.8518518518633	-50.3703703703815
		</Left_Side>
		<Left_Wing type=matrix rownames=FALSE colnames=FALSE nrow=35 ncol=2 as.numeric=TRUE >
			51.8518518518633	-50.3703703703815
			52.2222222222337	-50.3703703703815
			52.5925925926042	-50.3703703703815
			52.9629629629746	-50.7407407407519
			53.3333333333451	-50.7407407407519
			53.7037037037155	-50.7407407407519
			54.074074074086	-50.7407407407519
			54.4444444444564	-50.7407407407519
			54.8148148148269	-51.1111111111224
			54.8148148148269	-51.4814814814928
			55.1851851851973	-51.8518518518633
			55.1851851851973	-52.2222222222337
			55.1851851851973	-52.5925925926042
			55.1851851851973	-52.9629629629746
			55.1851851851973	-53.3333333333451
			55.1851851851973	-53.7037037037155
			55.1851851851973	-54.074074074086
			55.1851851851973	-54.4444444444564
			55.1851851851973	-54.8148148148269
			55.1851851851973	-55.1851851851973
			55.1851851851973	-55.5555555555678
			55.5555555555678	-55.9259259259382
			55.5555555555678	-56.2962962963087
			55.5555555555678	-56.6666666666791
			55.9259259259382	-57.0370370370496
			55.9259259259382	-57.40740740742
			56.2962962963087	-57.7777777777905
			56.6666666666791	-58.1481481481609
			57.0370370370496	-58.5185185185314
			57.0370370370496	-58.8888888889019
			57.40740740742	-59.2592592592723
			57.7777777777905	-59.2592592592723
			58.1481481481609	-59.6296296296428
			58.5185185185314	-59.6296296296428
			58.8888888889019	-60.0000000000132
		</Left_Wing>
		<Right_Wing type=matrix rownames=FALSE colnames=FALSE nrow=40 ncol=2 as.numeric=TRUE >
			58.8888888889019	-60.0000000000132
			59.2592592592723	-60.0000000000132
			59.6296296296428	-59.6296296296428
			60.0000000000132	-59.6296296296428
			60.3703703703837	-59.2592592592723
			60.7407407407541	-59.2592592592723
			61.1111111111246	-58.8888888889019
			61.481481481495	-58.5185185185314
			61.8518518518655	-58.5185185185314
			62.2222222222359	-58.1481481481609
			62.2222222222359	-57.7777777777905
			62.2222222222359	-57.40740740742
			62.2222222222359	-57.0370370370496
			62.2222222222359	-56.6666666666791
			62.2222222222359	-56.2962962963087
			62.5925925926064	-55.9259259259382
			62.5925925926064	-55.5555555555678
			62.5925925926064	-55.1851851851973
			62.9629629629768	-54.8148148148269
			62.9629629629768	-54.4444444444564
			62.9629629629768	-54.074074074086
			62.9629629629768	-53.7037037037155
			62.5925925926064	-53.3333333333451
			62.5925925926064	-52.9629629629746
			62.5925925926064	-52.5925925926042
			62.5925925926064	-52.2222222222337
			62.5925925926064	-51.8518518518633
			62.9629629629768	-51.4814814814928
			62.9629629629768	-51.1111111111224
			63.3333333333473	-50.7407407407519
			63.3333333333473	-50.3703703703815
			63.7037037037177	-50.000000000011
			64.0740740740882	-49.6296296296406
			64.4444444444586	-49.6296296296406
			64.8148148148291	-49.6296296296406
			65.1851851851995	-49.2592592592701
			65.55555555557	-49.2592592592701
			65.9259259259404	-48.8888888888997
			66.2962962963109	-48.8888888888997
			66.6666666666813	-48.5185185185292
		</Right_Wing>
		<Right_Side type=matrix rownames=FALSE colnames=FALSE nrow=45 ncol=2 as.numeric=TRUE >
			66.6666666666813	-48.5185185185292
			66.6666666666813	-48.1481481481587
			66.6666666666813	-47.7777777777883
			66.6666666666813	-47.4074074074178
			66.2962962963109	-47.0370370370474
			66.2962962963109	-46.6666666666769
			66.2962962963109	-46.2962962963065
			65.9259259259404	-45.925925925936
			65.9259259259404	-45.5555555555656
			65.55555555557	-45.1851851851951
			65.1851851851995	-44.8148148148247
			65.1851851851995	-44.4444444444542
			64.8148148148291	-44.0740740740838
			64.4444444444586	-43.7037037037133
			64.4444444444586	-43.3333333333429
			64.0740740740882	-42.9629629629724
			63.7037037037177	-42.592592592602
			63.7037037037177	-42.2222222222315
			63.3333333333473	-41.8518518518611
			63.3333333333473	-41.4814814814906
			62.9629629629768	-41.1111111111202
			62.5925925926064	-40.7407407407497
			62.5925925926064	-40.3703703703793
			62.2222222222359	-40.0000000000088
			61.8518518518655	-39.6296296296384
			61.8518518518655	-39.2592592592679
			61.481481481495	-38.8888888888974
			61.481481481495	-38.518518518527
			61.1111111111246	-38.1481481481565
			61.1111111111246	-37.7777777777861
			60.7407407407541	-37.4074074074156
			60.7407407407541	-37.0370370370452
			60.3703703703837	-36.6666666666747
			60.0000000000132	-36.6666666666747
			60.0000000000132	-36.2962962963043
			59.6296296296428	-36.2962962963043
			59.6296296296428	-35.9259259259338
			59.6296296296428	-35.5555555555634
			59.2592592592723	-35.5555555555634
			59.2592592592723	-35.1851851851929
			59.2592592592723	-34.8148148148225
			58.8888888889019	-34.8148148148225
			58.8888888889019	-34.444444444452
			58.5185185185314	-34.444444444452
			58.1481481481609	-34.444444444452
		</Right_Side>
	</curves.scaled>
	<ruler.points type=matrix rownames=TRUE colnames=FALSE nrow=6 ncol=2 as.numeric=TRUE >
		Ruler point 1	188	526
		Ruler point 2	215	526
		Ruler point 3	241	526
		Ruler point 4	268	526
		Ruler point 5	296	526
		Ruler point 6	323	526
	</ruler.points>
</shapes>

