<shapes type=list>
	<ruler.pixel type=vector names=FALSE length=1 as.numeric=TRUE >27.2499699964884</ruler.pixel>
	<ruler.interval type=vector names=FALSE length=1 as.numeric=TRUE >10</ruler.interval>
	<scaling.units type=vector names=FALSE length=1 as.numeric=FALSE >mm</scaling.units>
	<scaling type=vector names=FALSE length=1 as.numeric=TRUE >0.366972881118353</scaling>
	<landmarks.pixel type=matrix rownames=TRUE colnames=FALSE nrow=4 ncol=2 as.numeric=TRUE >
		Point_Tip	233	399
		Left_Tang_Center	211	474
		Base_Center	230	492
		Right_Tang_Center	250	476
	</landmarks.pixel>
	<landmarks.scaled type=matrix rownames=TRUE colnames=FALSE nrow=4 ncol=2 as.numeric=TRUE >
		Point_Tip	85.5046813005761	-146.422179566223
		Left_Tang_Center	77.4312779159724	-173.945145650099
		Base_Center	84.4037626572211	-180.550657510229
		Right_Tang_Center	91.7432202795881	-174.679091412336
	</landmarks.scaled>
	<curves.control type=list>
		<Left_Side type=matrix rownames=FALSE colnames=FALSE nrow=7 ncol=2 as.numeric=TRUE >
			233	399
			228	401
			221	434
			219	451
			218	459
			215	467
			211	474
		</Left_Side>
		<Left_Wing type=matrix rownames=FALSE colnames=FALSE nrow=7 ncol=2 as.numeric=TRUE >
			211	474
			215	475
			218	475
			223	472
			224	476
			223	483
			230	492
		</Left_Wing>
		<Right_Wing type=matrix rownames=FALSE colnames=FALSE nrow=9 ncol=2 as.numeric=TRUE >
			230	492
			234	492
			237	480
			237	478
			237	474
			242	474
			244	475
			248	477
			250	476
		</Right_Wing>
		<Right_Side type=matrix rownames=FALSE colnames=FALSE nrow=9 ncol=2 as.numeric=TRUE >
			250	476
			250	473
			247	468
			245	462
			243	453
			242	431
			239	419
			237	410
			233	399
		</Right_Side>
	</curves.control>
	<curves.pixel type=list>
		<Left_Side type=matrix rownames=FALSE colnames=FALSE nrow=80 ncol=2 as.numeric=TRUE >
			233	399
			232	399
			231	400
			231	401
			230	402
			230	403
			229	404
			229	405
			228	406
			228	407
			228	408
			227	409
			227	410
			227	411
			226	412
			226	413
			226	414
			226	415
			225	416
			225	417
			225	418
			224	419
			224	420
			224	421
			224	422
			223	423
			223	424
			223	425
			223	426
			223	427
			222	428
			222	429
			222	430
			222	431
			221	432
			221	433
			221	434
			221	435
			221	436
			221	437
			221	438
			220	439
			220	440
			220	441
			220	442
			220	443
			220	444
			220	445
			220	446
			219	447
			219	448
			219	449
			219	450
			219	451
			219	452
			219	453
			219	454
			219	455
			218	455
			218	456
			218	457
			218	458
			218	459
			217	460
			217	461
			217	462
			217	463
			216	463
			216	464
			216	465
			215	466
			215	467
			214	468
			214	469
			213	470
			213	471
			212	471
			212	472
			211	473
			211	474
		</Left_Side>
		<Left_Wing type=matrix rownames=FALSE colnames=FALSE nrow=33 ncol=2 as.numeric=TRUE >
			211	474
			212	474
			213	474
			214	475
			215	475
			216	475
			217	475
			218	475
			219	474
			220	474
			221	474
			222	474
			223	474
			223	475
			224	475
			224	476
			224	477
			224	478
			224	479
			224	480
			224	481
			224	482
			225	482
			225	483
			225	484
			226	485
			226	486
			227	487
			227	488
			228	489
			229	490
			229	491
			230	492
		</Left_Wing>
		<Right_Wing type=matrix rownames=FALSE colnames=FALSE nrow=33 ncol=2 as.numeric=TRUE >
			230	492
			231	492
			232	491
			233	491
			233	490
			234	489
			234	488
			235	487
			235	486
			236	485
			236	484
			236	483
			236	482
			237	481
			237	480
			237	479
			237	478
			237	477
			237	476
			237	475
			238	474
			239	474
			240	474
			241	474
			242	474
			243	475
			244	475
			245	475
			246	476
			247	476
			248	476
			249	476
			250	476
		</Right_Wing>
		<Right_Side type=matrix rownames=FALSE colnames=FALSE nrow=79 ncol=2 as.numeric=TRUE >
			250	476
			250	475
			250	474
			249	473
			249	472
			249	471
			248	470
			248	469
			247	468
			247	467
			246	466
			246	465
			246	464
			245	463
			245	462
			245	461
			245	460
			244	459
			244	458
			244	457
			244	456
			243	455
			243	454
			243	453
			243	452
			243	451
			243	450
			243	449
			243	448
			243	447
			243	446
			243	445
			242	444
			242	443
			242	442
			242	441
			242	440
			242	439
			242	438
			242	437
			242	436
			242	435
			242	434
			241	433
			241	432
			241	431
			241	430
			241	429
			241	428
			241	427
			240	426
			240	425
			240	424
			240	423
			240	422
			240	421
			239	421
			239	420
			239	419
			239	418
			239	417
			238	416
			238	415
			238	414
			238	413
			237	412
			237	411
			237	410
			236	409
			236	408
			236	407
			235	406
			235	405
			235	404
			235	403
			234	402
			234	401
			233	400
			233	399
		</Right_Side>
	</curves.pixel>
	<curves.scaled type=list>
		<Left_Side type=matrix rownames=FALSE colnames=FALSE nrow=80 ncol=2 as.numeric=TRUE >
			85.5046813005761	-146.422179566223
			85.1377084194578	-146.422179566223
			84.7707355383394	-146.789152447341
			84.7707355383394	-147.156125328459
			84.4037626572211	-147.523098209578
			84.4037626572211	-147.890071090696
			84.0367897761027	-148.257043971814
			84.0367897761027	-148.624016852933
			83.6698168949844	-148.990989734051
			83.6698168949844	-149.357962615169
			83.6698168949844	-149.724935496288
			83.302844013866	-150.091908377406
			83.302844013866	-150.458881258525
			83.302844013866	-150.825854139643
			82.9358711327477	-151.192827020761
			82.9358711327477	-151.55979990188
			82.9358711327477	-151.926772782998
			82.9358711327477	-152.293745664116
			82.5688982516293	-152.660718545235
			82.5688982516293	-153.027691426353
			82.5688982516293	-153.394664307471
			82.201925370511	-153.76163718859
			82.201925370511	-154.128610069708
			82.201925370511	-154.495582950826
			82.201925370511	-154.862555831945
			81.8349524893926	-155.229528713063
			81.8349524893926	-155.596501594181
			81.8349524893926	-155.9634744753
			81.8349524893926	-156.330447356418
			81.8349524893926	-156.697420237537
			81.4679796082743	-157.064393118655
			81.4679796082743	-157.431365999773
			81.4679796082743	-157.798338880892
			81.4679796082743	-158.16531176201
			81.1010067271559	-158.532284643128
			81.1010067271559	-158.899257524247
			81.1010067271559	-159.266230405365
			81.1010067271559	-159.633203286483
			81.1010067271559	-160.000176167602
			81.1010067271559	-160.36714904872
			81.1010067271559	-160.734121929838
			80.7340338460376	-161.101094810957
			80.7340338460376	-161.468067692075
			80.7340338460376	-161.835040573193
			80.7340338460376	-162.202013454312
			80.7340338460376	-162.56898633543
			80.7340338460376	-162.935959216549
			80.7340338460376	-163.302932097667
			80.7340338460376	-163.669904978785
			80.3670609649192	-164.036877859904
			80.3670609649192	-164.403850741022
			80.3670609649192	-164.77082362214
			80.3670609649192	-165.137796503259
			80.3670609649192	-165.504769384377
			80.3670609649192	-165.871742265495
			80.3670609649192	-166.238715146614
			80.3670609649192	-166.605688027732
			80.3670609649192	-166.97266090885
			80.0000880838008	-166.97266090885
			80.0000880838008	-167.339633789969
			80.0000880838008	-167.706606671087
			80.0000880838008	-168.073579552205
			80.0000880838008	-168.440552433324
			79.6331152026825	-168.807525314442
			79.6331152026825	-169.174498195561
			79.6331152026825	-169.541471076679
			79.6331152026825	-169.908443957797
			79.2661423215641	-169.908443957797
			79.2661423215641	-170.275416838916
			79.2661423215641	-170.642389720034
			78.8991694404458	-171.009362601152
			78.8991694404458	-171.376335482271
			78.5321965593274	-171.743308363389
			78.5321965593274	-172.110281244507
			78.1652236782091	-172.477254125626
			78.1652236782091	-172.844227006744
			77.7982507970907	-172.844227006744
			77.7982507970907	-173.211199887862
			77.4312779159724	-173.578172768981
			77.4312779159724	-173.945145650099
		</Left_Side>
		<Left_Wing type=matrix rownames=FALSE colnames=FALSE nrow=33 ncol=2 as.numeric=TRUE >
			77.4312779159724	-173.945145650099
			77.7982507970907	-173.945145650099
			78.1652236782091	-173.945145650099
			78.5321965593274	-174.312118531217
			78.8991694404458	-174.312118531217
			79.2661423215641	-174.312118531217
			79.6331152026825	-174.312118531217
			80.0000880838008	-174.312118531217
			80.3670609649192	-173.945145650099
			80.7340338460376	-173.945145650099
			81.1010067271559	-173.945145650099
			81.4679796082743	-173.945145650099
			81.8349524893926	-173.945145650099
			81.8349524893926	-174.312118531217
			82.201925370511	-174.312118531217
			82.201925370511	-174.679091412336
			82.201925370511	-175.046064293454
			82.201925370511	-175.413037174573
			82.201925370511	-175.780010055691
			82.201925370511	-176.146982936809
			82.201925370511	-176.513955817928
			82.201925370511	-176.880928699046
			82.5688982516293	-176.880928699046
			82.5688982516293	-177.247901580164
			82.5688982516293	-177.614874461283
			82.9358711327477	-177.981847342401
			82.9358711327477	-178.348820223519
			83.302844013866	-178.715793104638
			83.302844013866	-179.082765985756
			83.6698168949844	-179.449738866874
			84.0367897761027	-179.816711747993
			84.0367897761027	-180.183684629111
			84.4037626572211	-180.550657510229
		</Left_Wing>
		<Right_Wing type=matrix rownames=FALSE colnames=FALSE nrow=33 ncol=2 as.numeric=TRUE >
			84.4037626572211	-180.550657510229
			84.7707355383394	-180.550657510229
			85.1377084194578	-180.183684629111
			85.5046813005761	-180.183684629111
			85.5046813005761	-179.816711747993
			85.8716541816945	-179.449738866874
			85.8716541816945	-179.082765985756
			86.2386270628128	-178.715793104638
			86.2386270628128	-178.348820223519
			86.6055999439312	-177.981847342401
			86.6055999439312	-177.614874461283
			86.6055999439312	-177.247901580164
			86.6055999439312	-176.880928699046
			86.9725728250496	-176.513955817928
			86.9725728250496	-176.146982936809
			86.9725728250496	-175.780010055691
			86.9725728250496	-175.413037174573
			86.9725728250496	-175.046064293454
			86.9725728250496	-174.679091412336
			86.9725728250496	-174.312118531217
			87.3395457061679	-173.945145650099
			87.7065185872863	-173.945145650099
			88.0734914684046	-173.945145650099
			88.440464349523	-173.945145650099
			88.8074372306413	-173.945145650099
			89.1744101117597	-174.312118531217
			89.541382992878	-174.312118531217
			89.9083558739964	-174.312118531217
			90.2753287551147	-174.679091412336
			90.6423016362331	-174.679091412336
			91.0092745173514	-174.679091412336
			91.3762473984698	-174.679091412336
			91.7432202795881	-174.679091412336
		</Right_Wing>
		<Right_Side type=matrix rownames=FALSE colnames=FALSE nrow=79 ncol=2 as.numeric=TRUE >
			91.7432202795881	-174.679091412336
			91.7432202795881	-174.312118531217
			91.7432202795881	-173.945145650099
			91.3762473984698	-173.578172768981
			91.3762473984698	-173.211199887862
			91.3762473984698	-172.844227006744
			91.0092745173514	-172.477254125626
			91.0092745173514	-172.110281244507
			90.6423016362331	-171.743308363389
			90.6423016362331	-171.376335482271
			90.2753287551147	-171.009362601152
			90.2753287551147	-170.642389720034
			90.2753287551147	-170.275416838916
			89.9083558739964	-169.908443957797
			89.9083558739964	-169.541471076679
			89.9083558739964	-169.174498195561
			89.9083558739964	-168.807525314442
			89.541382992878	-168.440552433324
			89.541382992878	-168.073579552205
			89.541382992878	-167.706606671087
			89.541382992878	-167.339633789969
			89.1744101117597	-166.97266090885
			89.1744101117597	-166.605688027732
			89.1744101117597	-166.238715146614
			89.1744101117597	-165.871742265495
			89.1744101117597	-165.504769384377
			89.1744101117597	-165.137796503259
			89.1744101117597	-164.77082362214
			89.1744101117597	-164.403850741022
			89.1744101117597	-164.036877859904
			89.1744101117597	-163.669904978785
			89.1744101117597	-163.302932097667
			88.8074372306413	-162.935959216549
			88.8074372306413	-162.56898633543
			88.8074372306413	-162.202013454312
			88.8074372306413	-161.835040573193
			88.8074372306413	-161.468067692075
			88.8074372306413	-161.101094810957
			88.8074372306413	-160.734121929838
			88.8074372306413	-160.36714904872
			88.8074372306413	-160.000176167602
			88.8074372306413	-159.633203286483
			88.8074372306413	-159.266230405365
			88.440464349523	-158.899257524247
			88.440464349523	-158.532284643128
			88.440464349523	-158.16531176201
			88.440464349523	-157.798338880892
			88.440464349523	-157.431365999773
			88.440464349523	-157.064393118655
			88.440464349523	-156.697420237537
			88.0734914684046	-156.330447356418
			88.0734914684046	-155.9634744753
			88.0734914684046	-155.596501594181
			88.0734914684046	-155.229528713063
			88.0734914684046	-154.862555831945
			88.0734914684046	-154.495582950826
			87.7065185872863	-154.495582950826
			87.7065185872863	-154.128610069708
			87.7065185872863	-153.76163718859
			87.7065185872863	-153.394664307471
			87.7065185872863	-153.027691426353
			87.3395457061679	-152.660718545235
			87.3395457061679	-152.293745664116
			87.3395457061679	-151.926772782998
			87.3395457061679	-151.55979990188
			86.9725728250496	-151.192827020761
			86.9725728250496	-150.825854139643
			86.9725728250496	-150.458881258525
			86.6055999439312	-150.091908377406
			86.6055999439312	-149.724935496288
			86.6055999439312	-149.357962615169
			86.2386270628128	-148.990989734051
			86.2386270628128	-148.624016852933
			86.2386270628128	-148.257043971814
			86.2386270628128	-147.890071090696
			85.8716541816945	-147.523098209578
			85.8716541816945	-147.156125328459
			85.5046813005761	-146.789152447341
			85.5046813005761	-146.422179566223
		</Right_Side>
	</curves.scaled>
	<ruler.points type=matrix rownames=TRUE colnames=FALSE nrow=6 ncol=2 as.numeric=TRUE >
		Ruler point 1	199	533
		Ruler point 2	225	533
		Ruler point 3	252	533
		Ruler point 4	279	533
		Ruler point 5	307	533
		Ruler point 6	334	533
	</ruler.points>
</shapes>

