<shapes type=list>
	<ruler.interval type=vector names=FALSE length=1 as.numeric=TRUE >10</ruler.interval>
	<scaling.units type=vector names=FALSE length=1 as.numeric=FALSE >mm</scaling.units>
	<scaling type=vector names=FALSE length=1 as.numeric=TRUE >0.273972602739188</scaling>
	<landmarks.pixel type=matrix rownames=TRUE colnames=FALSE nrow=4 ncol=2 as.numeric=TRUE >
		Point_Tip	427	79
		Left_Tang_Center	386	167
		Base_Center	426	203
		Right_Tang_Center	475	179
	</landmarks.pixel>
	<landmarks.scaled type=matrix rownames=TRUE colnames=FALSE nrow=4 ncol=2 as.numeric=TRUE >
		Point_Tip	116.986301369633	-21.6438356163958
		Left_Tang_Center	105.753424657326	-45.7534246574443
		Base_Center	116.712328766894	-55.6164383560551
		Right_Tang_Center	130.136986301114	-49.0410958903146
	</landmarks.scaled>
	<curves.control type=list>
		<Left_Side type=matrix rownames=FALSE colnames=FALSE nrow=23 ncol=2 as.numeric=TRUE >
			427	79
			423	80
			416	80
			416	85
			412	89
			413	97
			406	105
			406	108
			407	109
			408	111
			403	117
			403	122
			398	125
			401	134
			394	135
			394	139
			395	141
			393	145
			392	150
			386	159
			384	163
			383	166
			386	167
		</Left_Side>
		<Left_Wing type=matrix rownames=FALSE colnames=FALSE nrow=19 ncol=2 as.numeric=TRUE >
			386	167
			389	171
			393	170
			397	172
			402	172
			407	173
			408	174
			409	179
			411	183
			411	188
			412	189
			412	192
			411	194
			412	196
			415	199
			417	201
			418	203
			420	204
			426	203
		</Left_Wing>
		<Right_Wing type=matrix rownames=FALSE colnames=FALSE nrow=17 ncol=2 as.numeric=TRUE >
			426	203
			431	202
			436	202
			438	199
			440	197
			441	191
			440	187
			440	178
			442	177
			444	175
			447	176
			454	176
			460	181
			465	177
			469	180
			473	180
			475	179
		</Right_Wing>
		<Right_Side type=matrix rownames=FALSE colnames=FALSE nrow=31 ncol=2 as.numeric=TRUE >
			475	179
			475	176
			474	175
			474	170
			471	167
			466	164
			468	160
			467	156
			464	154
			462	149
			460	147
			459	144
			461	142
			461	138
			459	136
			453	137
			454	130
			459	126
			451	118
			450	116
			451	113
			453	108
			448	107
			445	105
			447	98
			438	95
			442	88
			436	85
			433	80
			430	79
			427	79
		</Right_Side>
	</curves.control>
	<curves.pixel type=list>
		<Left_Side type=matrix rownames=FALSE colnames=FALSE nrow=109 ncol=2 as.numeric=TRUE >
			427	79
			426	79
			425	79
			424	80
			423	80
			422	80
			421	80
			420	80
			419	80
			418	80
			417	80
			416	80
			416	81
			416	82
			416	83
			415	84
			415	85
			414	86
			413	87
			413	88
			412	89
			412	90
			412	91
			412	92
			412	93
			412	94
			412	95
			411	95
			411	96
			411	97
			411	98
			410	98
			410	99
			410	100
			409	100
			409	101
			409	102
			408	102
			408	103
			407	104
			406	105
			406	106
			406	107
			407	108
			407	109
			407	110
			407	111
			406	112
			406	113
			405	114
			404	115
			404	116
			403	117
			403	118
			403	119
			402	120
			402	121
			401	122
			401	123
			400	123
			399	124
			399	125
			398	126
			399	127
			399	128
			399	129
			399	130
			399	131
			399	132
			398	133
			397	134
			396	134
			395	135
			394	135
			394	136
			394	137
			394	138
			394	139
			395	140
			395	141
			395	142
			394	143
			394	144
			393	145
			393	146
			393	147
			392	148
			392	149
			392	150
			391	151
			391	152
			390	153
			389	154
			389	155
			388	156
			387	157
			387	158
			386	159
			386	160
			385	160
			385	161
			385	162
			384	162
			384	163
			384	164
			384	165
			384	166
			385	167
			386	167
		</Left_Side>
		<Left_Wing type=matrix rownames=FALSE colnames=FALSE nrow=61 ncol=2 as.numeric=TRUE >
			386	167
			387	168
			388	169
			389	169
			390	170
			391	170
			392	170
			393	170
			394	170
			395	171
			396	171
			397	171
			398	172
			399	172
			400	172
			401	172
			402	172
			403	172
			404	172
			405	173
			406	173
			407	173
			408	174
			408	175
			408	176
			409	177
			409	178
			409	179
			410	180
			410	181
			410	182
			411	183
			411	184
			411	185
			411	186
			411	187
			411	188
			412	189
			412	190
			412	191
			412	192
			411	193
			411	194
			411	195
			412	196
			413	197
			414	198
			415	199
			416	200
			417	201
			417	202
			418	202
			418	203
			419	203
			420	203
			421	203
			422	203
			423	203
			424	203
			425	203
			426	203
		</Left_Wing>
		<Right_Wing type=matrix rownames=FALSE colnames=FALSE nrow=72 ncol=2 as.numeric=TRUE >
			426	203
			427	203
			428	203
			429	202
			430	202
			431	202
			432	202
			433	202
			434	202
			435	202
			436	202
			437	201
			437	200
			438	199
			439	199
			439	198
			440	197
			440	196
			440	195
			440	194
			440	193
			440	192
			440	191
			440	190
			440	189
			440	188
			440	187
			440	186
			440	185
			440	184
			440	183
			440	182
			440	181
			440	180
			441	180
			441	179
			441	178
			442	177
			443	176
			444	176
			445	176
			446	176
			447	176
			448	176
			449	176
			450	176
			451	176
			452	177
			453	177
			454	177
			455	178
			456	178
			457	179
			458	179
			459	180
			459	181
			460	181
			461	180
			462	180
			463	179
			464	179
			465	179
			466	179
			467	179
			468	179
			469	180
			470	180
			471	180
			472	180
			473	180
			474	179
			475	179
		</Right_Wing>
		<Right_Side type=matrix rownames=FALSE colnames=FALSE nrow=122 ncol=2 as.numeric=TRUE >
			475	179
			475	178
			475	177
			475	176
			474	175
			474	174
			474	173
			474	172
			473	171
			473	170
			472	169
			472	168
			471	167
			470	166
			469	166
			469	165
			468	165
			468	164
			468	163
			467	163
			467	162
			467	161
			468	161
			468	160
			468	159
			467	158
			467	157
			466	156
			465	155
			464	154
			464	153
			463	152
			463	151
			462	150
			462	149
			461	148
			460	147
			460	146
			460	145
			460	144
			460	143
			461	142
			461	141
			461	140
			461	139
			460	138
			460	137
			459	136
			458	136
			457	136
			456	136
			455	135
			454	134
			454	133
			454	132
			454	131
			454	130
			455	129
			456	128
			456	127
			456	126
			456	125
			455	124
			455	123
			454	122
			454	121
			453	120
			452	119
			451	118
			451	117
			451	116
			451	115
			451	114
			451	113
			451	112
			452	111
			452	110
			451	109
			451	108
			450	108
			449	107
			448	107
			447	106
			447	105
			446	104
			446	103
			446	102
			446	101
			447	100
			447	99
			446	98
			445	97
			444	97
			443	96
			442	95
			441	94
			441	93
			441	92
			441	91
			441	90
			442	89
			442	88
			441	88
			441	87
			440	87
			439	87
			439	86
			438	86
			438	85
			437	85
			437	84
			436	84
			435	83
			434	82
			434	81
			433	80
			432	80
			431	79
			430	79
			429	79
			428	79
			427	79
		</Right_Side>
	</curves.pixel>
	<curves.scaled type=list>
		<Left_Side type=matrix rownames=FALSE colnames=FALSE nrow=109 ncol=2 as.numeric=TRUE >
			116.986301369633	-21.6438356163958
			116.712328766894	-21.6438356163958
			116.438356164155	-21.6438356163958
			116.164383561416	-21.917808219135
			115.890410958676	-21.917808219135
			115.616438355937	-21.917808219135
			115.342465753198	-21.917808219135
			115.068493150459	-21.917808219135
			114.79452054772	-21.917808219135
			114.52054794498	-21.917808219135
			114.246575342241	-21.917808219135
			113.972602739502	-21.917808219135
			113.972602739502	-22.1917808218742
			113.972602739502	-22.4657534246134
			113.972602739502	-22.7397260273526
			113.698630136763	-23.0136986300918
			113.698630136763	-23.287671232831
			113.424657534024	-23.5616438355701
			113.150684931285	-23.8356164383093
			113.150684931285	-24.1095890410485
			112.876712328545	-24.3835616437877
			112.876712328545	-24.6575342465269
			112.876712328545	-24.9315068492661
			112.876712328545	-25.2054794520053
			112.876712328545	-25.4794520547445
			112.876712328545	-25.7534246574836
			112.876712328545	-26.0273972602228
			112.602739725806	-26.0273972602228
			112.602739725806	-26.301369862962
			112.602739725806	-26.5753424657012
			112.602739725806	-26.8493150684404
			112.328767123067	-26.8493150684404
			112.328767123067	-27.1232876711796
			112.328767123067	-27.3972602739188
			112.054794520328	-27.3972602739188
			112.054794520328	-27.671232876658
			112.054794520328	-27.9452054793971
			111.780821917589	-27.9452054793971
			111.780821917589	-28.2191780821363
			111.506849314849	-28.4931506848755
			111.23287671211	-28.7671232876147
			111.23287671211	-29.0410958903539
			111.23287671211	-29.3150684930931
			111.506849314849	-29.5890410958323
			111.506849314849	-29.8630136985715
			111.506849314849	-30.1369863013106
			111.506849314849	-30.4109589040498
			111.23287671211	-30.684931506789
			111.23287671211	-30.9589041095282
			110.958904109371	-31.2328767122674
			110.684931506632	-31.5068493150066
			110.684931506632	-31.7808219177458
			110.410958903893	-32.054794520485
			110.410958903893	-32.3287671232241
			110.410958903893	-32.6027397259633
			110.136986301153	-32.8767123287025
			110.136986301153	-33.1506849314417
			109.863013698414	-33.4246575341809
			109.863013698414	-33.6986301369201
			109.589041095675	-33.6986301369201
			109.315068492936	-33.9726027396593
			109.315068492936	-34.2465753423985
			109.041095890197	-34.5205479451376
			109.315068492936	-34.7945205478768
			109.315068492936	-35.068493150616
			109.315068492936	-35.3424657533552
			109.315068492936	-35.6164383560944
			109.315068492936	-35.8904109588336
			109.315068492936	-36.1643835615728
			109.041095890197	-36.438356164312
			108.767123287458	-36.7123287670511
			108.493150684718	-36.7123287670511
			108.219178081979	-36.9863013697903
			107.94520547924	-36.9863013697903
			107.94520547924	-37.2602739725295
			107.94520547924	-37.5342465752687
			107.94520547924	-37.8082191780079
			107.94520547924	-38.0821917807471
			108.219178081979	-38.3561643834863
			108.219178081979	-38.6301369862255
			108.219178081979	-38.9041095889647
			107.94520547924	-39.1780821917038
			107.94520547924	-39.452054794443
			107.671232876501	-39.7260273971822
			107.671232876501	-39.9999999999214
			107.671232876501	-40.2739726026606
			107.397260273762	-40.5479452053998
			107.397260273762	-40.821917808139
			107.397260273762	-41.0958904108781
			107.123287671022	-41.3698630136173
			107.123287671022	-41.6438356163565
			106.849315068283	-41.9178082190957
			106.575342465544	-42.1917808218349
			106.575342465544	-42.4657534245741
			106.301369862805	-42.7397260273133
			106.027397260066	-43.0136986300525
			106.027397260066	-43.2876712327917
			105.753424657326	-43.5616438355308
			105.753424657326	-43.83561643827
			105.479452054587	-43.83561643827
			105.479452054587	-44.1095890410092
			105.479452054587	-44.3835616437484
			105.205479451848	-44.3835616437484
			105.205479451848	-44.6575342464876
			105.205479451848	-44.9315068492268
			105.205479451848	-45.205479451966
			105.205479451848	-45.4794520547051
			105.479452054587	-45.7534246574443
			105.753424657326	-45.7534246574443
		</Left_Side>
		<Left_Wing type=matrix rownames=FALSE colnames=FALSE nrow=61 ncol=2 as.numeric=TRUE >
			105.753424657326	-45.7534246574443
			106.027397260066	-46.0273972601835
			106.301369862805	-46.3013698629227
			106.575342465544	-46.3013698629227
			106.849315068283	-46.5753424656619
			107.123287671022	-46.5753424656619
			107.397260273762	-46.5753424656619
			107.671232876501	-46.5753424656619
			107.94520547924	-46.5753424656619
			108.219178081979	-46.8493150684011
			108.493150684718	-46.8493150684011
			108.767123287458	-46.8493150684011
			109.041095890197	-47.1232876711403
			109.315068492936	-47.1232876711403
			109.589041095675	-47.1232876711403
			109.863013698414	-47.1232876711403
			110.136986301153	-47.1232876711403
			110.410958903893	-47.1232876711403
			110.684931506632	-47.1232876711403
			110.958904109371	-47.3972602738795
			111.23287671211	-47.3972602738795
			111.506849314849	-47.3972602738795
			111.780821917589	-47.6712328766187
			111.780821917589	-47.9452054793578
			111.780821917589	-48.219178082097
			112.054794520328	-48.4931506848362
			112.054794520328	-48.7671232875754
			112.054794520328	-49.0410958903146
			112.328767123067	-49.3150684930538
			112.328767123067	-49.589041095793
			112.328767123067	-49.8630136985322
			112.602739725806	-50.1369863012713
			112.602739725806	-50.4109589040105
			112.602739725806	-50.6849315067497
			112.602739725806	-50.9589041094889
			112.602739725806	-51.2328767122281
			112.602739725806	-51.5068493149673
			112.876712328545	-51.7808219177065
			112.876712328545	-52.0547945204457
			112.876712328545	-52.3287671231848
			112.876712328545	-52.602739725924
			112.602739725806	-52.8767123286632
			112.602739725806	-53.1506849314024
			112.602739725806	-53.4246575341416
			112.876712328545	-53.6986301368808
			113.150684931285	-53.97260273962
			113.424657534024	-54.2465753423592
			113.698630136763	-54.5205479450983
			113.972602739502	-54.7945205478375
			114.246575342241	-55.0684931505767
			114.246575342241	-55.3424657533159
			114.52054794498	-55.3424657533159
			114.52054794498	-55.6164383560551
			114.79452054772	-55.6164383560551
			115.068493150459	-55.6164383560551
			115.342465753198	-55.6164383560551
			115.616438355937	-55.6164383560551
			115.890410958676	-55.6164383560551
			116.164383561416	-55.6164383560551
			116.438356164155	-55.6164383560551
			116.712328766894	-55.6164383560551
		</Left_Wing>
		<Right_Wing type=matrix rownames=FALSE colnames=FALSE nrow=72 ncol=2 as.numeric=TRUE >
			116.712328766894	-55.6164383560551
			116.986301369633	-55.6164383560551
			117.260273972372	-55.6164383560551
			117.534246575112	-55.3424657533159
			117.808219177851	-55.3424657533159
			118.08219178059	-55.3424657533159
			118.356164383329	-55.3424657533159
			118.630136986068	-55.3424657533159
			118.904109588807	-55.3424657533159
			119.178082191547	-55.3424657533159
			119.452054794286	-55.3424657533159
			119.726027397025	-55.0684931505767
			119.726027397025	-54.7945205478375
			119.999999999764	-54.5205479450983
			120.273972602503	-54.5205479450983
			120.273972602503	-54.2465753423592
			120.547945205243	-53.97260273962
			120.547945205243	-53.6986301368808
			120.547945205243	-53.4246575341416
			120.547945205243	-53.1506849314024
			120.547945205243	-52.8767123286632
			120.547945205243	-52.602739725924
			120.547945205243	-52.3287671231848
			120.547945205243	-52.0547945204457
			120.547945205243	-51.7808219177065
			120.547945205243	-51.5068493149673
			120.547945205243	-51.2328767122281
			120.547945205243	-50.9589041094889
			120.547945205243	-50.6849315067497
			120.547945205243	-50.4109589040105
			120.547945205243	-50.1369863012713
			120.547945205243	-49.8630136985322
			120.547945205243	-49.589041095793
			120.547945205243	-49.3150684930538
			120.821917807982	-49.3150684930538
			120.821917807982	-49.0410958903146
			120.821917807982	-48.7671232875754
			121.095890410721	-48.4931506848362
			121.36986301346	-48.219178082097
			121.643835616199	-48.219178082097
			121.917808218939	-48.219178082097
			122.191780821678	-48.219178082097
			122.465753424417	-48.219178082097
			122.739726027156	-48.219178082097
			123.013698629895	-48.219178082097
			123.287671232634	-48.219178082097
			123.561643835374	-48.219178082097
			123.835616438113	-48.4931506848362
			124.109589040852	-48.4931506848362
			124.383561643591	-48.4931506848362
			124.65753424633	-48.7671232875754
			124.93150684907	-48.7671232875754
			125.205479451809	-49.0410958903146
			125.479452054548	-49.0410958903146
			125.753424657287	-49.3150684930538
			125.753424657287	-49.589041095793
			126.027397260026	-49.589041095793
			126.301369862766	-49.3150684930538
			126.575342465505	-49.3150684930538
			126.849315068244	-49.0410958903146
			127.123287670983	-49.0410958903146
			127.397260273722	-49.0410958903146
			127.671232876461	-49.0410958903146
			127.945205479201	-49.0410958903146
			128.21917808194	-49.0410958903146
			128.493150684679	-49.3150684930538
			128.767123287418	-49.3150684930538
			129.041095890157	-49.3150684930538
			129.315068492897	-49.3150684930538
			129.589041095636	-49.3150684930538
			129.863013698375	-49.0410958903146
			130.136986301114	-49.0410958903146
		</Right_Wing>
		<Right_Side type=matrix rownames=FALSE colnames=FALSE nrow=122 ncol=2 as.numeric=TRUE >
			130.136986301114	-49.0410958903146
			130.136986301114	-48.7671232875754
			130.136986301114	-48.4931506848362
			130.136986301114	-48.219178082097
			129.863013698375	-47.9452054793578
			129.863013698375	-47.6712328766187
			129.863013698375	-47.3972602738795
			129.863013698375	-47.1232876711403
			129.589041095636	-46.8493150684011
			129.589041095636	-46.5753424656619
			129.315068492897	-46.3013698629227
			129.315068492897	-46.0273972601835
			129.041095890157	-45.7534246574443
			128.767123287418	-45.4794520547051
			128.493150684679	-45.4794520547051
			128.493150684679	-45.205479451966
			128.21917808194	-45.205479451966
			128.21917808194	-44.9315068492268
			128.21917808194	-44.6575342464876
			127.945205479201	-44.6575342464876
			127.945205479201	-44.3835616437484
			127.945205479201	-44.1095890410092
			128.21917808194	-44.1095890410092
			128.21917808194	-43.83561643827
			128.21917808194	-43.5616438355308
			127.945205479201	-43.2876712327917
			127.945205479201	-43.0136986300525
			127.671232876461	-42.7397260273133
			127.397260273722	-42.4657534245741
			127.123287670983	-42.1917808218349
			127.123287670983	-41.9178082190957
			126.849315068244	-41.6438356163565
			126.849315068244	-41.3698630136173
			126.575342465505	-41.0958904108781
			126.575342465505	-40.821917808139
			126.301369862766	-40.5479452053998
			126.027397260026	-40.2739726026606
			126.027397260026	-39.9999999999214
			126.027397260026	-39.7260273971822
			126.027397260026	-39.452054794443
			126.027397260026	-39.1780821917038
			126.301369862766	-38.9041095889647
			126.301369862766	-38.6301369862255
			126.301369862766	-38.3561643834863
			126.301369862766	-38.0821917807471
			126.027397260026	-37.8082191780079
			126.027397260026	-37.5342465752687
			125.753424657287	-37.2602739725295
			125.479452054548	-37.2602739725295
			125.205479451809	-37.2602739725295
			124.93150684907	-37.2602739725295
			124.65753424633	-36.9863013697903
			124.383561643591	-36.7123287670511
			124.383561643591	-36.438356164312
			124.383561643591	-36.1643835615728
			124.383561643591	-35.8904109588336
			124.383561643591	-35.6164383560944
			124.65753424633	-35.3424657533552
			124.93150684907	-35.068493150616
			124.93150684907	-34.7945205478768
			124.93150684907	-34.5205479451376
			124.93150684907	-34.2465753423985
			124.65753424633	-33.9726027396593
			124.65753424633	-33.6986301369201
			124.383561643591	-33.4246575341809
			124.383561643591	-33.1506849314417
			124.109589040852	-32.8767123287025
			123.835616438113	-32.6027397259633
			123.561643835374	-32.3287671232241
			123.561643835374	-32.054794520485
			123.561643835374	-31.7808219177458
			123.561643835374	-31.5068493150066
			123.561643835374	-31.2328767122674
			123.561643835374	-30.9589041095282
			123.561643835374	-30.684931506789
			123.835616438113	-30.4109589040498
			123.835616438113	-30.1369863013106
			123.561643835374	-29.8630136985715
			123.561643835374	-29.5890410958323
			123.287671232634	-29.5890410958323
			123.013698629895	-29.3150684930931
			122.739726027156	-29.3150684930931
			122.465753424417	-29.0410958903539
			122.465753424417	-28.7671232876147
			122.191780821678	-28.4931506848755
			122.191780821678	-28.2191780821363
			122.191780821678	-27.9452054793971
			122.191780821678	-27.671232876658
			122.465753424417	-27.3972602739188
			122.465753424417	-27.1232876711796
			122.191780821678	-26.8493150684404
			121.917808218939	-26.5753424657012
			121.643835616199	-26.5753424657012
			121.36986301346	-26.301369862962
			121.095890410721	-26.0273972602228
			120.821917807982	-25.7534246574836
			120.821917807982	-25.4794520547445
			120.821917807982	-25.2054794520053
			120.821917807982	-24.9315068492661
			120.821917807982	-24.6575342465269
			121.095890410721	-24.3835616437877
			121.095890410721	-24.1095890410485
			120.821917807982	-24.1095890410485
			120.821917807982	-23.8356164383093
			120.547945205243	-23.8356164383093
			120.273972602503	-23.8356164383093
			120.273972602503	-23.5616438355701
			119.999999999764	-23.5616438355701
			119.999999999764	-23.287671232831
			119.726027397025	-23.287671232831
			119.726027397025	-23.0136986300918
			119.452054794286	-23.0136986300918
			119.178082191547	-22.7397260273526
			118.904109588807	-22.4657534246134
			118.904109588807	-22.1917808218742
			118.630136986068	-21.917808219135
			118.356164383329	-21.917808219135
			118.08219178059	-21.6438356163958
			117.808219177851	-21.6438356163958
			117.534246575112	-21.6438356163958
			117.260273972372	-21.6438356163958
			116.986301369633	-21.6438356163958
		</Right_Side>
	</curves.scaled>
	<ruler.points type=matrix rownames=TRUE colnames=FALSE nrow=3 ncol=2 as.numeric=TRUE >
		Ruler point 1	267	458
		Ruler point 2	303	458
		Ruler point 3	340	458
	</ruler.points>
</shapes>

