<shapes type=list>
	<ruler.pixel type=vector names=FALSE length=1 as.numeric=TRUE >21.4969895449921</ruler.pixel>
	<ruler.interval type=vector names=FALSE length=1 as.numeric=TRUE >10</ruler.interval>
	<scaling.units type=vector names=FALSE length=1 as.numeric=FALSE >mm</scaling.units>
	<scaling type=vector names=FALSE length=1 as.numeric=TRUE >0.465181414312479</scaling>
	<landmarks.pixel type=matrix rownames=TRUE colnames=FALSE nrow=4 ncol=2 as.numeric=TRUE >
		Point_Tip	397	87
		Left_Tang_Center	377	137
		Base_Center	397	153
		Right_Tang_Center	420	141
	</landmarks.pixel>
	<landmarks.scaled type=matrix rownames=TRUE colnames=FALSE nrow=4 ncol=2 as.numeric=TRUE >
		Point_Tip	184.677021482054	-40.4707830451856
		Left_Tang_Center	175.373393195804	-63.7298537608096
		Base_Center	184.677021482054	-71.1727563898092
		Right_Tang_Center	195.376194011241	-65.5905794180595
	</landmarks.scaled>
	<curves.control type=list>
		<Left_Side type=matrix rownames=FALSE colnames=FALSE nrow=13 ncol=2 as.numeric=TRUE >
			397	87
			395	90
			391	98
			390	101
			388	103
			387	106
			383	110
			383	113
			379	119
			379	123
			375	129
			377	133
			377	137
		</Left_Side>
		<Left_Wing type=matrix rownames=FALSE colnames=FALSE nrow=13 ncol=2 as.numeric=TRUE >
			377	137
			380	137
			384	137
			384	135
			387	137
			388	139
			389	141
			389	143
			389	147
			391	148
			392	152
			394	153
			397	153
		</Left_Wing>
		<Right_Wing type=matrix rownames=FALSE colnames=FALSE nrow=11 ncol=2 as.numeric=TRUE >
			397	153
			400	153
			402	152
			403	151
			406	138
			408	136
			410	136
			413	138
			415	140
			418	141
			420	141
		</Right_Wing>
		<Right_Side type=matrix rownames=FALSE colnames=FALSE nrow=15 ncol=2 as.numeric=TRUE >
			420	141
			421	136
			420	132
			418	130
			417	127
			416	124
			415	121
			413	116
			410	115
			410	112
			408	109
			406	105
			404	99
			400	96
			397	87
		</Right_Side>
	</curves.control>
	<curves.pixel type=list>
		<Left_Side type=matrix rownames=FALSE colnames=FALSE nrow=52 ncol=2 as.numeric=TRUE >
			397	87
			397	88
			396	89
			395	90
			394	91
			394	92
			394	93
			393	94
			392	95
			392	96
			391	97
			391	98
			391	99
			390	100
			390	101
			389	102
			388	103
			388	104
			387	105
			386	106
			386	107
			385	108
			384	109
			383	110
			383	111
			383	112
			382	113
			382	114
			381	115
			381	116
			380	117
			380	118
			379	118
			379	119
			379	120
			379	121
			378	122
			378	123
			378	124
			377	125
			377	126
			376	127
			376	128
			375	129
			375	130
			376	131
			376	132
			377	133
			377	134
			377	135
			377	136
			377	137
		</Left_Side>
		<Left_Wing type=matrix rownames=FALSE colnames=FALSE nrow=34 ncol=2 as.numeric=TRUE >
			377	137
			378	137
			379	137
			380	137
			381	137
			382	137
			383	137
			384	137
			384	136
			385	136
			386	136
			387	137
			388	138
			388	139
			389	140
			389	141
			389	142
			389	143
			389	144
			389	145
			389	146
			389	147
			390	147
			390	148
			391	149
			391	150
			392	151
			392	152
			393	152
			393	153
			394	153
			395	153
			396	153
			397	153
		</Left_Wing>
		<Right_Wing type=matrix rownames=FALSE colnames=FALSE nrow=35 ncol=2 as.numeric=TRUE >
			397	153
			398	153
			399	153
			400	153
			401	152
			402	152
			403	151
			403	150
			403	149
			404	148
			404	147
			404	146
			404	145
			405	144
			405	143
			405	142
			405	141
			405	140
			406	140
			406	139
			406	138
			407	137
			408	137
			409	136
			410	136
			411	137
			412	137
			413	138
			414	139
			415	140
			416	140
			417	141
			418	141
			419	141
			420	141
		</Right_Wing>
		<Right_Side type=matrix rownames=FALSE colnames=FALSE nrow=57 ncol=2 as.numeric=TRUE >
			420	141
			420	140
			420	139
			420	138
			420	137
			420	136
			420	135
			420	134
			420	133
			420	132
			419	131
			419	130
			418	129
			417	128
			417	127
			417	126
			416	125
			416	124
			416	123
			415	122
			415	121
			414	120
			414	119
			413	118
			413	117
			412	116
			411	115
			410	115
			410	114
			410	113
			410	112
			409	111
			409	110
			408	109
			407	108
			407	107
			407	106
			406	105
			406	104
			406	103
			405	102
			405	101
			404	100
			404	99
			403	98
			402	97
			401	96
			401	95
			400	95
			400	94
			399	93
			399	92
			399	91
			398	90
			398	89
			397	88
			397	87
		</Right_Side>
	</curves.pixel>
	<curves.scaled type=list>
		<Left_Side type=matrix rownames=FALSE colnames=FALSE nrow=52 ncol=2 as.numeric=TRUE >
			184.677021482054	-40.4707830451856
			184.677021482054	-40.9359644594981
			184.211840067741	-41.4011458738106
			183.746658653429	-41.8663272881231
			183.281477239117	-42.3315087024355
			183.281477239117	-42.796690116748
			183.281477239117	-43.2618715310605
			182.816295824804	-43.727052945373
			182.351114410492	-44.1922343596855
			182.351114410492	-44.6574157739979
			181.885932996179	-45.1225971883104
			181.885932996179	-45.5877786026229
			181.885932996179	-46.0529600169354
			181.420751581867	-46.5181414312478
			181.420751581867	-46.9833228455603
			180.955570167554	-47.4485042598728
			180.490388753242	-47.9136856741853
			180.490388753242	-48.3788670884978
			180.025207338929	-48.8440485028102
			179.560025924617	-49.3092299171227
			179.560025924617	-49.7744113314352
			179.094844510304	-50.2395927457477
			178.629663095992	-50.7047741600602
			178.164481681679	-51.1699555743726
			178.164481681679	-51.6351369886851
			178.164481681679	-52.1003184029976
			177.699300267367	-52.5654998173101
			177.699300267367	-53.0306812316226
			177.234118853054	-53.495862645935
			177.234118853054	-53.9610440602475
			176.768937438742	-54.42622547456
			176.768937438742	-54.8914068888725
			176.303756024429	-54.8914068888725
			176.303756024429	-55.3565883031849
			176.303756024429	-55.8217697174974
			176.303756024429	-56.2869511318099
			175.838574610117	-56.7521325461224
			175.838574610117	-57.2173139604349
			175.838574610117	-57.6824953747473
			175.373393195804	-58.1476767890598
			175.373393195804	-58.6128582033723
			174.908211781492	-59.0780396176848
			174.908211781492	-59.5432210319972
			174.443030367179	-60.0084024463097
			174.443030367179	-60.4735838606222
			174.908211781492	-60.9387652749347
			174.908211781492	-61.4039466892472
			175.373393195804	-61.8691281035596
			175.373393195804	-62.3343095178721
			175.373393195804	-62.7994909321846
			175.373393195804	-63.2646723464971
			175.373393195804	-63.7298537608096
		</Left_Side>
		<Left_Wing type=matrix rownames=FALSE colnames=FALSE nrow=34 ncol=2 as.numeric=TRUE >
			175.373393195804	-63.7298537608096
			175.838574610117	-63.7298537608096
			176.303756024429	-63.7298537608096
			176.768937438742	-63.7298537608096
			177.234118853054	-63.7298537608096
			177.699300267367	-63.7298537608096
			178.164481681679	-63.7298537608096
			178.629663095992	-63.7298537608096
			178.629663095992	-63.2646723464971
			179.094844510304	-63.2646723464971
			179.560025924617	-63.2646723464971
			180.025207338929	-63.7298537608096
			180.490388753242	-64.195035175122
			180.490388753242	-64.6602165894345
			180.955570167554	-65.125398003747
			180.955570167554	-65.5905794180595
			180.955570167554	-66.0557608323719
			180.955570167554	-66.5209422466844
			180.955570167554	-66.9861236609969
			180.955570167554	-67.4513050753094
			180.955570167554	-67.9164864896219
			180.955570167554	-68.3816679039343
			181.420751581867	-68.3816679039343
			181.420751581867	-68.8468493182468
			181.885932996179	-69.3120307325593
			181.885932996179	-69.7772121468718
			182.351114410492	-70.2423935611843
			182.351114410492	-70.7075749754967
			182.816295824804	-70.7075749754967
			182.816295824804	-71.1727563898092
			183.281477239117	-71.1727563898092
			183.746658653429	-71.1727563898092
			184.211840067741	-71.1727563898092
			184.677021482054	-71.1727563898092
		</Left_Wing>
		<Right_Wing type=matrix rownames=FALSE colnames=FALSE nrow=35 ncol=2 as.numeric=TRUE >
			184.677021482054	-71.1727563898092
			185.142202896366	-71.1727563898092
			185.607384310679	-71.1727563898092
			186.072565724991	-71.1727563898092
			186.537747139304	-70.7075749754967
			187.002928553616	-70.7075749754967
			187.468109967929	-70.2423935611843
			187.468109967929	-69.7772121468718
			187.468109967929	-69.3120307325593
			187.933291382241	-68.8468493182468
			187.933291382241	-68.3816679039343
			187.933291382241	-67.9164864896219
			187.933291382241	-67.4513050753094
			188.398472796554	-66.9861236609969
			188.398472796554	-66.5209422466844
			188.398472796554	-66.0557608323719
			188.398472796554	-65.5905794180595
			188.398472796554	-65.125398003747
			188.863654210866	-65.125398003747
			188.863654210866	-64.6602165894345
			188.863654210866	-64.195035175122
			189.328835625179	-63.7298537608096
			189.794017039491	-63.7298537608096
			190.259198453804	-63.2646723464971
			190.724379868116	-63.2646723464971
			191.189561282429	-63.7298537608096
			191.654742696741	-63.7298537608096
			192.119924111054	-64.195035175122
			192.585105525366	-64.6602165894345
			193.050286939679	-65.125398003747
			193.515468353991	-65.125398003747
			193.980649768304	-65.5905794180595
			194.445831182616	-65.5905794180595
			194.911012596928	-65.5905794180595
			195.376194011241	-65.5905794180595
		</Right_Wing>
		<Right_Side type=matrix rownames=FALSE colnames=FALSE nrow=57 ncol=2 as.numeric=TRUE >
			195.376194011241	-65.5905794180595
			195.376194011241	-65.125398003747
			195.376194011241	-64.6602165894345
			195.376194011241	-64.195035175122
			195.376194011241	-63.7298537608096
			195.376194011241	-63.2646723464971
			195.376194011241	-62.7994909321846
			195.376194011241	-62.3343095178721
			195.376194011241	-61.8691281035596
			195.376194011241	-61.4039466892472
			194.911012596928	-60.9387652749347
			194.911012596928	-60.4735838606222
			194.445831182616	-60.0084024463097
			193.980649768304	-59.5432210319972
			193.980649768304	-59.0780396176848
			193.980649768304	-58.6128582033723
			193.515468353991	-58.1476767890598
			193.515468353991	-57.6824953747473
			193.515468353991	-57.2173139604349
			193.050286939679	-56.7521325461224
			193.050286939679	-56.2869511318099
			192.585105525366	-55.8217697174974
			192.585105525366	-55.3565883031849
			192.119924111054	-54.8914068888725
			192.119924111054	-54.42622547456
			191.654742696741	-53.9610440602475
			191.189561282429	-53.495862645935
			190.724379868116	-53.495862645935
			190.724379868116	-53.0306812316226
			190.724379868116	-52.5654998173101
			190.724379868116	-52.1003184029976
			190.259198453804	-51.6351369886851
			190.259198453804	-51.1699555743726
			189.794017039491	-50.7047741600602
			189.328835625179	-50.2395927457477
			189.328835625179	-49.7744113314352
			189.328835625179	-49.3092299171227
			188.863654210866	-48.8440485028102
			188.863654210866	-48.3788670884978
			188.863654210866	-47.9136856741853
			188.398472796554	-47.4485042598728
			188.398472796554	-46.9833228455603
			187.933291382241	-46.5181414312478
			187.933291382241	-46.0529600169354
			187.468109967929	-45.5877786026229
			187.002928553616	-45.1225971883104
			186.537747139304	-44.6574157739979
			186.537747139304	-44.1922343596855
			186.072565724991	-44.1922343596855
			186.072565724991	-43.727052945373
			185.607384310679	-43.2618715310605
			185.607384310679	-42.796690116748
			185.607384310679	-42.3315087024355
			185.142202896366	-41.8663272881231
			185.142202896366	-41.4011458738106
			184.677021482054	-40.9359644594981
			184.677021482054	-40.4707830451856
		</Right_Side>
	</curves.scaled>
	<ruler.points type=matrix rownames=TRUE colnames=FALSE nrow=6 ncol=2 as.numeric=TRUE >
		Ruler point 1	256	351
		Ruler point 2	278	352
		Ruler point 3	299	352
		Ruler point 4	321	352
		Ruler point 5	342	352
		Ruler point 6	362	352
	</ruler.points>
</shapes>

