<shapes type=list>
	<ruler.interval type=vector names=FALSE length=1 as.numeric=TRUE >10</ruler.interval>
	<scaling.units type=vector names=FALSE length=1 as.numeric=FALSE >mm</scaling.units>
	<scaling type=vector names=FALSE length=1 as.numeric=TRUE >0.37037020058028</scaling>
	<landmarks.pixel type=matrix rownames=TRUE colnames=FALSE nrow=4 ncol=2 as.numeric=TRUE >
		Point_Tip	220	62
		Left_Tang_Center	197	110
		Base_Center	219	140
		Right_Tang_Center	240	113
	</landmarks.pixel>
	<landmarks.scaled type=matrix rownames=TRUE colnames=FALSE nrow=4 ncol=2 as.numeric=TRUE >
		Point_Tip	81.4814441276616	-22.9629524359774
		Left_Tang_Center	72.9629295143151	-40.7407220638308
		Base_Center	81.1110739270813	-51.8518280812392
		Right_Tang_Center	88.8888481392672	-41.8518326655716
	</landmarks.scaled>
	<curves.control type=list>
		<Left_Side type=matrix rownames=FALSE colnames=FALSE nrow=13 ncol=2 as.numeric=TRUE >
			220	62
			218	64
			217	68
			210	77
			209	81
			209	84
			207	84
			204	86
			203	89
			203	92
			200	96
			197	102
			197	110
		</Left_Side>
		<Left_Wing type=matrix rownames=FALSE colnames=FALSE nrow=11 ncol=2 as.numeric=TRUE >
			197	110
			200	111
			202	111
			206	108
			210	109
			211	117
			213	129
			215	133
			216	135
			216	140
			219	140
		</Left_Wing>
		<Right_Wing type=matrix rownames=FALSE colnames=FALSE nrow=9 ncol=2 as.numeric=TRUE >
			219	140
			223	140
			226	126
			226	115
			226	112
			229	110
			233	112
			236	113
			240	113
		</Right_Wing>
		<Right_Side type=matrix rownames=FALSE colnames=FALSE nrow=17 ncol=2 as.numeric=TRUE >
			240	113
			239	109
			240	106
			232	99
			235	95
			231	92
			233	90
			233	88
			230	86
			230	83
			230	80
			224	80
			227	76
			224	75
			223	69
			222	63
			220	62
		</Right_Side>
	</curves.control>
	<curves.pixel type=list>
		<Left_Side type=matrix rownames=FALSE colnames=FALSE nrow=51 ncol=2 as.numeric=TRUE >
			220	62
			219	63
			218	64
			218	65
			217	66
			217	67
			217	68
			216	69
			215	70
			215	71
			214	72
			213	73
			212	74
			212	75
			211	76
			211	77
			210	78
			210	79
			209	80
			209	81
			209	82
			209	83
			208	84
			207	84
			206	85
			205	86
			204	86
			204	87
			203	88
			203	89
			203	90
			203	91
			202	92
			202	93
			201	94
			201	95
			200	96
			199	97
			199	98
			199	99
			198	100
			198	101
			198	102
			198	103
			197	104
			197	105
			197	106
			197	107
			197	108
			197	109
			197	110
		</Left_Side>
		<Left_Wing type=matrix rownames=FALSE colnames=FALSE nrow=45 ncol=2 as.numeric=TRUE >
			197	110
			198	110
			199	111
			200	111
			201	111
			202	111
			203	110
			204	110
			205	109
			206	109
			207	109
			208	109
			209	109
			210	110
			210	111
			210	112
			210	113
			211	114
			211	115
			211	116
			211	117
			211	118
			211	119
			212	120
			212	121
			212	122
			212	123
			212	124
			212	125
			213	126
			213	127
			213	128
			213	129
			213	130
			214	131
			215	132
			215	133
			216	134
			216	135
			216	136
			216	137
			216	138
			217	139
			218	140
			219	140
		</Left_Wing>
		<Right_Wing type=matrix rownames=FALSE colnames=FALSE nrow=45 ncol=2 as.numeric=TRUE >
			219	140
			220	140
			221	139
			222	138
			223	137
			223	136
			224	135
			224	134
			224	133
			224	132
			225	131
			225	130
			225	129
			226	128
			226	127
			226	126
			226	125
			226	124
			226	123
			226	122
			226	121
			226	120
			226	119
			226	118
			226	117
			226	116
			226	115
			226	114
			226	113
			226	112
			227	112
			227	111
			228	111
			229	111
			230	111
			231	111
			232	112
			233	112
			234	112
			235	112
			236	113
			237	113
			238	113
			239	113
			240	113
		</Right_Wing>
		<Right_Side type=matrix rownames=FALSE colnames=FALSE nrow=59 ncol=2 as.numeric=TRUE >
			240	113
			240	112
			240	111
			240	110
			240	109
			240	108
			240	107
			240	106
			239	105
			238	104
			237	103
			237	102
			236	102
			236	101
			235	100
			235	99
			234	98
			234	97
			234	96
			235	95
			234	94
			233	93
			232	92
			232	91
			233	90
			233	89
			232	88
			232	87
			231	87
			230	86
			230	85
			230	84
			230	83
			230	82
			230	81
			230	80
			229	80
			228	80
			227	80
			227	79
			226	79
			226	78
			226	77
			226	76
			225	75
			225	74
			224	73
			224	72
			223	71
			223	70
			223	69
			223	68
			223	67
			222	66
			222	65
			222	64
			221	63
			221	62
			220	62
		</Right_Side>
	</curves.pixel>
	<curves.scaled type=list>
		<Left_Side type=matrix rownames=FALSE colnames=FALSE nrow=51 ncol=2 as.numeric=TRUE >
			81.4814441276616	-22.9629524359774
			81.1110739270813	-23.3333226365576
			80.740703726501	-23.7036928371379
			80.740703726501	-24.0740630377182
			80.3703335259207	-24.4444332382985
			80.3703335259207	-24.8148034388788
			80.3703335259207	-25.185173639459
			79.9999633253405	-25.5555438400393
			79.6295931247602	-25.9259140406196
			79.6295931247602	-26.2962842411999
			79.2592229241799	-26.6666544417802
			78.8888527235996	-27.0370246423604
			78.5184825230193	-27.4073948429407
			78.5184825230193	-27.777765043521
			78.1481123224391	-28.1481352441013
			78.1481123224391	-28.5185054446816
			77.7777421218588	-28.8888756452618
			77.7777421218588	-29.2592458458421
			77.4073719212785	-29.6296160464224
			77.4073719212785	-29.9999862470027
			77.4073719212785	-30.370356447583
			77.4073719212785	-30.7407266481632
			77.0370017206982	-31.1110968487435
			76.6666315201179	-31.1110968487435
			76.2962613195377	-31.4814670493238
			75.9258911189574	-31.8518372499041
			75.5555209183771	-31.8518372499041
			75.5555209183771	-32.2222074504844
			75.1851507177968	-32.5925776510646
			75.1851507177968	-32.9629478516449
			75.1851507177968	-33.3333180522252
			75.1851507177968	-33.7036882528055
			74.8147805172165	-34.0740584533858
			74.8147805172165	-34.444428653966
			74.4444103166363	-34.8147988545463
			74.4444103166363	-35.1851690551266
			74.074040116056	-35.5555392557069
			73.7036699154757	-35.9259094562872
			73.7036699154757	-36.2962796568674
			73.7036699154757	-36.6666498574477
			73.3332997148954	-37.037020058028
			73.3332997148954	-37.4073902586083
			73.3332997148954	-37.7777604591885
			73.3332997148954	-38.1481306597688
			72.9629295143151	-38.5185008603491
			72.9629295143151	-38.8888710609294
			72.9629295143151	-39.2592412615097
			72.9629295143151	-39.62961146209
			72.9629295143151	-39.9999816626702
			72.9629295143151	-40.3703518632505
			72.9629295143151	-40.7407220638308
		</Left_Side>
		<Left_Wing type=matrix rownames=FALSE colnames=FALSE nrow=45 ncol=2 as.numeric=TRUE >
			72.9629295143151	-40.7407220638308
			73.3332997148954	-40.7407220638308
			73.7036699154757	-41.1110922644111
			74.074040116056	-41.1110922644111
			74.4444103166363	-41.1110922644111
			74.8147805172165	-41.1110922644111
			75.1851507177968	-40.7407220638308
			75.5555209183771	-40.7407220638308
			75.9258911189574	-40.3703518632505
			76.2962613195377	-40.3703518632505
			76.6666315201179	-40.3703518632505
			77.0370017206982	-40.3703518632505
			77.4073719212785	-40.3703518632505
			77.7777421218588	-40.7407220638308
			77.7777421218588	-41.1110922644111
			77.7777421218588	-41.4814624649914
			77.7777421218588	-41.8518326655716
			78.1481123224391	-42.2222028661519
			78.1481123224391	-42.5925730667322
			78.1481123224391	-42.9629432673125
			78.1481123224391	-43.3333134678928
			78.1481123224391	-43.703683668473
			78.1481123224391	-44.0740538690533
			78.5184825230193	-44.4444240696336
			78.5184825230193	-44.8147942702139
			78.5184825230193	-45.1851644707941
			78.5184825230193	-45.5555346713744
			78.5184825230193	-45.9259048719547
			78.5184825230193	-46.296275072535
			78.8888527235996	-46.6666452731153
			78.8888527235996	-47.0370154736955
			78.8888527235996	-47.4073856742758
			78.8888527235996	-47.7777558748561
			78.8888527235996	-48.1481260754364
			79.2592229241799	-48.5184962760167
			79.6295931247602	-48.888866476597
			79.6295931247602	-49.2592366771772
			79.9999633253405	-49.6296068777575
			79.9999633253405	-49.9999770783378
			79.9999633253405	-50.3703472789181
			79.9999633253405	-50.7407174794984
			79.9999633253405	-51.1110876800786
			80.3703335259207	-51.4814578806589
			80.740703726501	-51.8518280812392
			81.1110739270813	-51.8518280812392
		</Left_Wing>
		<Right_Wing type=matrix rownames=FALSE colnames=FALSE nrow=45 ncol=2 as.numeric=TRUE >
			81.1110739270813	-51.8518280812392
			81.4814441276616	-51.8518280812392
			81.8518143282419	-51.4814578806589
			82.2221845288221	-51.1110876800786
			82.5925547294024	-50.7407174794984
			82.5925547294024	-50.3703472789181
			82.9629249299827	-49.9999770783378
			82.9629249299827	-49.6296068777575
			82.9629249299827	-49.2592366771772
			82.9629249299827	-48.888866476597
			83.333295130563	-48.5184962760167
			83.333295130563	-48.1481260754364
			83.333295130563	-47.7777558748561
			83.7036653311433	-47.4073856742758
			83.7036653311433	-47.0370154736955
			83.7036653311433	-46.6666452731153
			83.7036653311433	-46.296275072535
			83.7036653311433	-45.9259048719547
			83.7036653311433	-45.5555346713744
			83.7036653311433	-45.1851644707941
			83.7036653311433	-44.8147942702139
			83.7036653311433	-44.4444240696336
			83.7036653311433	-44.0740538690533
			83.7036653311433	-43.703683668473
			83.7036653311433	-43.3333134678928
			83.7036653311433	-42.9629432673125
			83.7036653311433	-42.5925730667322
			83.7036653311433	-42.2222028661519
			83.7036653311433	-41.8518326655716
			83.7036653311433	-41.4814624649914
			84.0740355317235	-41.4814624649914
			84.0740355317235	-41.1110922644111
			84.4444057323038	-41.1110922644111
			84.8147759328841	-41.1110922644111
			85.1851461334644	-41.1110922644111
			85.5555163340447	-41.1110922644111
			85.9258865346249	-41.4814624649914
			86.2962567352052	-41.4814624649914
			86.6666269357855	-41.4814624649914
			87.0369971363658	-41.4814624649914
			87.4073673369461	-41.8518326655716
			87.7777375375263	-41.8518326655716
			88.1481077381066	-41.8518326655716
			88.5184779386869	-41.8518326655716
			88.8888481392672	-41.8518326655716
		</Right_Wing>
		<Right_Side type=matrix rownames=FALSE colnames=FALSE nrow=59 ncol=2 as.numeric=TRUE >
			88.8888481392672	-41.8518326655716
			88.8888481392672	-41.4814624649914
			88.8888481392672	-41.1110922644111
			88.8888481392672	-40.7407220638308
			88.8888481392672	-40.3703518632505
			88.8888481392672	-39.9999816626702
			88.8888481392672	-39.62961146209
			88.8888481392672	-39.2592412615097
			88.5184779386869	-38.8888710609294
			88.1481077381066	-38.5185008603491
			87.7777375375263	-38.1481306597688
			87.7777375375263	-37.7777604591885
			87.4073673369461	-37.7777604591885
			87.4073673369461	-37.4073902586083
			87.0369971363658	-37.037020058028
			87.0369971363658	-36.6666498574477
			86.6666269357855	-36.2962796568674
			86.6666269357855	-35.9259094562872
			86.6666269357855	-35.5555392557069
			87.0369971363658	-35.1851690551266
			86.6666269357855	-34.8147988545463
			86.2962567352052	-34.444428653966
			85.9258865346249	-34.0740584533858
			85.9258865346249	-33.7036882528055
			86.2962567352052	-33.3333180522252
			86.2962567352052	-32.9629478516449
			85.9258865346249	-32.5925776510646
			85.9258865346249	-32.2222074504844
			85.5555163340447	-32.2222074504844
			85.1851461334644	-31.8518372499041
			85.1851461334644	-31.4814670493238
			85.1851461334644	-31.1110968487435
			85.1851461334644	-30.7407266481632
			85.1851461334644	-30.370356447583
			85.1851461334644	-29.9999862470027
			85.1851461334644	-29.6296160464224
			84.8147759328841	-29.6296160464224
			84.4444057323038	-29.6296160464224
			84.0740355317235	-29.6296160464224
			84.0740355317235	-29.2592458458421
			83.7036653311433	-29.2592458458421
			83.7036653311433	-28.8888756452618
			83.7036653311433	-28.5185054446816
			83.7036653311433	-28.1481352441013
			83.333295130563	-27.777765043521
			83.333295130563	-27.4073948429407
			82.9629249299827	-27.0370246423604
			82.9629249299827	-26.6666544417802
			82.5925547294024	-26.2962842411999
			82.5925547294024	-25.9259140406196
			82.5925547294024	-25.5555438400393
			82.5925547294024	-25.185173639459
			82.5925547294024	-24.8148034388788
			82.2221845288221	-24.4444332382985
			82.2221845288221	-24.0740630377182
			82.2221845288221	-23.7036928371379
			81.8518143282419	-23.3333226365576
			81.8518143282419	-22.9629524359774
			81.4814441276616	-22.9629524359774
		</Right_Side>
	</curves.scaled>
	<ruler.points type=matrix rownames=TRUE colnames=FALSE nrow=6 ncol=2 as.numeric=TRUE >
		Ruler point 1	191	190
		Ruler point 2	217	190
		Ruler point 3	244	190
		Ruler point 4	272	190
		Ruler point 5	299	190
		Ruler point 6	326	190
	</ruler.points>
</shapes>

