<shapes type=list>
	<ruler.pixel type=vector names=FALSE length=1 as.numeric=TRUE >25.8009497197205</ruler.pixel>
	<ruler.interval type=vector names=FALSE length=1 as.numeric=TRUE >10</ruler.interval>
	<scaling.units type=vector names=FALSE length=1 as.numeric=FALSE >mm</scaling.units>
	<scaling type=vector names=FALSE length=1 as.numeric=TRUE >0.387582631981825</scaling>
	<landmarks.pixel type=matrix rownames=TRUE colnames=FALSE nrow=4 ncol=2 as.numeric=TRUE >
		Point_Tip	221	342
		Left_Tang_Center	204	377
		Base_Center	220	393
		Right_Tang_Center	237	380
	</landmarks.pixel>
	<landmarks.scaled type=matrix rownames=TRUE colnames=FALSE nrow=4 ncol=2 as.numeric=TRUE >
		Point_Tip	85.6557616679833	-132.553260137784
		Left_Tang_Center	79.0668569242923	-146.118652257148
		Base_Center	85.2681790360015	-152.319974368857
		Right_Tang_Center	91.8570837796925	-147.281400153094
	</landmarks.scaled>
	<curves.control type=list>
		<Left_Side type=matrix rownames=FALSE colnames=FALSE nrow=9 ncol=2 as.numeric=TRUE >
			221	342
			218	342
			218	344
			217	349
			213	352
			211	356
			208	363
			205	368
			204	377
		</Left_Side>
		<Left_Wing type=matrix rownames=FALSE colnames=FALSE nrow=9 ncol=2 as.numeric=TRUE >
			204	377
			209	377
			212	376
			215	378
			216	381
			216	386
			217	390
			218	393
			220	393
		</Left_Wing>
		<Right_Wing type=matrix rownames=FALSE colnames=FALSE nrow=11 ncol=2 as.numeric=TRUE >
			220	393
			223	392
			225	389
			225	384
			226	380
			227	378
			230	379
			231	379
			232	380
			235	381
			237	380
		</Right_Wing>
		<Right_Side type=matrix rownames=FALSE colnames=FALSE nrow=9 ncol=2 as.numeric=TRUE >
			237	380
			237	376
			236	374
			236	369
			234	367
			231	366
			229	353
			224	343
			221	342
		</Right_Side>
	</curves.control>
	<curves.pixel type=list>
		<Left_Side type=matrix rownames=FALSE colnames=FALSE nrow=38 ncol=2 as.numeric=TRUE >
			221	342
			220	342
			219	342
			218	343
			218	344
			218	345
			217	346
			217	347
			216	348
			216	349
			215	350
			214	351
			213	352
			213	353
			212	354
			212	355
			211	356
			211	357
			210	358
			210	359
			209	360
			209	361
			209	362
			208	363
			207	364
			207	365
			206	366
			206	367
			206	368
			205	369
			205	370
			205	371
			205	372
			205	373
			204	374
			204	375
			204	376
			204	377
		</Left_Side>
		<Left_Wing type=matrix rownames=FALSE colnames=FALSE nrow=28 ncol=2 as.numeric=TRUE >
			204	377
			205	377
			206	377
			207	377
			208	377
			209	377
			210	376
			211	376
			212	376
			213	377
			214	378
			215	379
			215	380
			216	381
			216	382
			216	383
			216	384
			216	385
			216	386
			216	387
			217	388
			217	389
			217	390
			217	391
			218	391
			218	392
			219	393
			220	393
		</Left_Wing>
		<Right_Wing type=matrix rownames=FALSE colnames=FALSE nrow=27 ncol=2 as.numeric=TRUE >
			220	393
			221	393
			222	392
			223	391
			224	390
			225	390
			225	389
			225	388
			225	387
			225	386
			225	385
			225	384
			225	383
			226	382
			226	381
			226	380
			227	379
			228	379
			229	379
			230	379
			231	379
			232	380
			233	380
			234	380
			235	380
			236	380
			237	380
		</Right_Wing>
		<Right_Side type=matrix rownames=FALSE colnames=FALSE nrow=42 ncol=2 as.numeric=TRUE >
			237	380
			237	379
			237	378
			237	377
			237	376
			236	375
			236	374
			236	373
			236	372
			236	371
			236	370
			235	369
			235	368
			234	367
			233	366
			232	365
			232	364
			231	363
			231	362
			231	361
			230	360
			230	359
			230	358
			230	357
			229	356
			229	355
			229	354
			229	353
			229	352
			228	352
			228	351
			228	350
			227	349
			226	348
			226	347
			225	347
			225	346
			224	345
			224	344
			223	343
			222	342
			221	342
		</Right_Side>
	</curves.pixel>
	<curves.scaled type=list>
		<Left_Side type=matrix rownames=FALSE colnames=FALSE nrow=38 ncol=2 as.numeric=TRUE >
			85.6557616679833	-132.553260137784
			85.2681790360015	-132.553260137784
			84.8805964040197	-132.553260137784
			84.4930137720379	-132.940842769766
			84.4930137720379	-133.328425401748
			84.4930137720379	-133.71600803373
			84.105431140056	-134.103590665711
			84.105431140056	-134.491173297693
			83.7178485080742	-134.878755929675
			83.7178485080742	-135.266338561657
			83.3302658760924	-135.653921193639
			82.9426832441106	-136.041503825621
			82.5551006121287	-136.429086457602
			82.5551006121287	-136.816669089584
			82.1675179801469	-137.204251721566
			82.1675179801469	-137.591834353548
			81.7799353481651	-137.97941698553
			81.7799353481651	-138.366999617512
			81.3923527161833	-138.754582249493
			81.3923527161833	-139.142164881475
			81.0047700842014	-139.529747513457
			81.0047700842014	-139.917330145439
			81.0047700842014	-140.304912777421
			80.6171874522196	-140.692495409402
			80.2296048202378	-141.080078041384
			80.2296048202378	-141.467660673366
			79.842022188256	-141.855243305348
			79.842022188256	-142.24282593733
			79.842022188256	-142.630408569312
			79.4544395562741	-143.017991201293
			79.4544395562741	-143.405573833275
			79.4544395562741	-143.793156465257
			79.4544395562741	-144.180739097239
			79.4544395562741	-144.568321729221
			79.0668569242923	-144.955904361203
			79.0668569242923	-145.343486993184
			79.0668569242923	-145.731069625166
			79.0668569242923	-146.118652257148
		</Left_Side>
		<Left_Wing type=matrix rownames=FALSE colnames=FALSE nrow=28 ncol=2 as.numeric=TRUE >
			79.0668569242923	-146.118652257148
			79.4544395562741	-146.118652257148
			79.842022188256	-146.118652257148
			80.2296048202378	-146.118652257148
			80.6171874522196	-146.118652257148
			81.0047700842014	-146.118652257148
			81.3923527161833	-145.731069625166
			81.7799353481651	-145.731069625166
			82.1675179801469	-145.731069625166
			82.5551006121287	-146.118652257148
			82.9426832441106	-146.50623488913
			83.3302658760924	-146.893817521112
			83.3302658760924	-147.281400153094
			83.7178485080742	-147.668982785075
			83.7178485080742	-148.056565417057
			83.7178485080742	-148.444148049039
			83.7178485080742	-148.831730681021
			83.7178485080742	-149.219313313003
			83.7178485080742	-149.606895944984
			83.7178485080742	-149.994478576966
			84.105431140056	-150.382061208948
			84.105431140056	-150.76964384093
			84.105431140056	-151.157226472912
			84.105431140056	-151.544809104894
			84.4930137720379	-151.544809104894
			84.4930137720379	-151.932391736875
			84.8805964040197	-152.319974368857
			85.2681790360015	-152.319974368857
		</Left_Wing>
		<Right_Wing type=matrix rownames=FALSE colnames=FALSE nrow=27 ncol=2 as.numeric=TRUE >
			85.2681790360015	-152.319974368857
			85.6557616679833	-152.319974368857
			86.0433442999652	-151.932391736875
			86.430926931947	-151.544809104894
			86.8185095639288	-151.157226472912
			87.2060921959106	-151.157226472912
			87.2060921959106	-150.76964384093
			87.2060921959106	-150.382061208948
			87.2060921959106	-149.994478576966
			87.2060921959106	-149.606895944984
			87.2060921959106	-149.219313313003
			87.2060921959106	-148.831730681021
			87.2060921959106	-148.444148049039
			87.5936748278925	-148.056565417057
			87.5936748278925	-147.668982785075
			87.5936748278925	-147.281400153094
			87.9812574598743	-146.893817521112
			88.3688400918561	-146.893817521112
			88.7564227238379	-146.893817521112
			89.1440053558198	-146.893817521112
			89.5315879878016	-146.893817521112
			89.9191706197834	-147.281400153094
			90.3067532517652	-147.281400153094
			90.6943358837471	-147.281400153094
			91.0819185157289	-147.281400153094
			91.4695011477107	-147.281400153094
			91.8570837796925	-147.281400153094
		</Right_Wing>
		<Right_Side type=matrix rownames=FALSE colnames=FALSE nrow=42 ncol=2 as.numeric=TRUE >
			91.8570837796925	-147.281400153094
			91.8570837796925	-146.893817521112
			91.8570837796925	-146.50623488913
			91.8570837796925	-146.118652257148
			91.8570837796925	-145.731069625166
			91.4695011477107	-145.343486993184
			91.4695011477107	-144.955904361203
			91.4695011477107	-144.568321729221
			91.4695011477107	-144.180739097239
			91.4695011477107	-143.793156465257
			91.4695011477107	-143.405573833275
			91.0819185157289	-143.017991201293
			91.0819185157289	-142.630408569312
			90.6943358837471	-142.24282593733
			90.3067532517652	-141.855243305348
			89.9191706197834	-141.467660673366
			89.9191706197834	-141.080078041384
			89.5315879878016	-140.692495409402
			89.5315879878016	-140.304912777421
			89.5315879878016	-139.917330145439
			89.1440053558198	-139.529747513457
			89.1440053558198	-139.142164881475
			89.1440053558198	-138.754582249493
			89.1440053558198	-138.366999617512
			88.7564227238379	-137.97941698553
			88.7564227238379	-137.591834353548
			88.7564227238379	-137.204251721566
			88.7564227238379	-136.816669089584
			88.7564227238379	-136.429086457602
			88.3688400918561	-136.429086457602
			88.3688400918561	-136.041503825621
			88.3688400918561	-135.653921193639
			87.9812574598743	-135.266338561657
			87.5936748278925	-134.878755929675
			87.5936748278925	-134.491173297693
			87.2060921959106	-134.491173297693
			87.2060921959106	-134.103590665711
			86.8185095639288	-133.71600803373
			86.8185095639288	-133.328425401748
			86.430926931947	-132.940842769766
			86.0433442999652	-132.553260137784
			85.6557616679833	-132.553260137784
		</Right_Side>
	</curves.scaled>
	<ruler.points type=matrix rownames=TRUE colnames=FALSE nrow=6 ncol=2 as.numeric=TRUE >
		Ruler point 1	304	438
		Ruler point 2	329	438
		Ruler point 3	356	438
		Ruler point 4	381	438
		Ruler point 5	408	438
		Ruler point 6	433	437
	</ruler.points>
</shapes>

