<shapes type=list>
	<ruler.interval type=vector names=FALSE length=1 as.numeric=TRUE >10</ruler.interval>
	<scaling.units type=vector names=FALSE length=1 as.numeric=FALSE >mm</scaling.units>
	<scaling type=vector names=FALSE length=1 as.numeric=TRUE >0.517241330654392</scaling>
	<landmarks.pixel type=matrix rownames=TRUE colnames=FALSE nrow=4 ncol=2 as.numeric=TRUE >
		Point_Tip	304	465
		Left_Tang_Center	295	508
		Base_Center	303	515
		Right_Tang_Center	315	508
	</landmarks.pixel>
	<landmarks.scaled type=matrix rownames=TRUE colnames=FALSE nrow=4 ncol=2 as.numeric=TRUE >
		Point_Tip	157.241364518935	-240.517218754293
		Left_Tang_Center	152.586192543046	-262.758595972431
		Base_Center	156.724123188281	-266.379285287012
		Right_Tang_Center	162.931019156134	-262.758595972431
	</landmarks.scaled>
	<curves.control type=list>
		<Left_Side type=matrix rownames=FALSE colnames=FALSE nrow=5 ncol=2 as.numeric=TRUE >
			304	465
			301	471
			296	501
			295	504
			295	508
		</Left_Side>
		<Left_Wing type=matrix rownames=FALSE colnames=FALSE nrow=5 ncol=2 as.numeric=TRUE >
			295	508
			298	508
			300	508
			300	515
			303	515
		</Left_Wing>
		<Right_Wing type=matrix rownames=FALSE colnames=FALSE nrow=5 ncol=2 as.numeric=TRUE >
			303	515
			305	515
			307	510
			309	508
			315	508
		</Right_Wing>
		<Right_Side type=matrix rownames=FALSE colnames=FALSE nrow=5 ncol=2 as.numeric=TRUE >
			315	508
			314	503
			314	496
			312	487
			304	465
		</Right_Side>
	</curves.control>
	<curves.pixel type=list>
		<Left_Side type=matrix rownames=FALSE colnames=FALSE nrow=46 ncol=2 as.numeric=TRUE >
			304	465
			304	466
			303	466
			303	467
			303	468
			303	469
			302	470
			302	471
			302	472
			301	473
			301	474
			301	475
			301	476
			301	477
			300	477
			300	478
			300	479
			300	480
			300	481
			299	482
			299	483
			299	484
			299	485
			299	486
			298	487
			298	488
			298	489
			298	490
			298	491
			298	492
			297	493
			297	494
			297	495
			297	496
			297	497
			297	498
			296	499
			296	500
			296	501
			296	502
			296	503
			295	504
			295	505
			295	506
			295	507
			295	508
		</Left_Side>
		<Left_Wing type=matrix rownames=FALSE colnames=FALSE nrow=15 ncol=2 as.numeric=TRUE >
			295	508
			296	508
			297	508
			298	508
			299	508
			300	508
			300	509
			300	510
			300	511
			300	512
			301	513
			301	514
			302	514
			302	515
			303	515
		</Left_Wing>
		<Right_Wing type=matrix rownames=FALSE colnames=FALSE nrow=15 ncol=2 as.numeric=TRUE >
			303	515
			304	515
			305	514
			306	513
			306	512
			307	511
			307	510
			308	509
			309	509
			310	508
			311	508
			312	508
			313	508
			314	508
			315	508
		</Right_Wing>
		<Right_Side type=matrix rownames=FALSE colnames=FALSE nrow=44 ncol=2 as.numeric=TRUE >
			315	508
			315	507
			315	506
			315	505
			314	504
			314	503
			314	502
			314	501
			314	500
			314	499
			314	498
			314	497
			314	496
			314	495
			313	494
			313	493
			313	492
			313	491
			312	490
			312	489
			312	488
			312	487
			311	486
			311	485
			310	484
			310	483
			310	482
			310	481
			309	480
			309	479
			309	478
			308	477
			308	476
			307	475
			307	474
			307	473
			306	472
			306	471
			306	470
			305	469
			305	468
			305	467
			304	466
			304	465
		</Right_Side>
	</curves.pixel>
	<curves.scaled type=list>
		<Left_Side type=matrix rownames=FALSE colnames=FALSE nrow=46 ncol=2 as.numeric=TRUE >
			157.241364518935	-240.517218754293
			157.241364518935	-241.034460084947
			156.724123188281	-241.034460084947
			156.724123188281	-241.551701415601
			156.724123188281	-242.068942746256
			156.724123188281	-242.58618407691
			156.206881857627	-243.103425407564
			156.206881857627	-243.620666738219
			156.206881857627	-244.137908068873
			155.689640526972	-244.655149399528
			155.689640526972	-245.172390730182
			155.689640526972	-245.689632060836
			155.689640526972	-246.206873391491
			155.689640526972	-246.724114722145
			155.172399196318	-246.724114722145
			155.172399196318	-247.2413560528
			155.172399196318	-247.758597383454
			155.172399196318	-248.275838714108
			155.172399196318	-248.793080044763
			154.655157865663	-249.310321375417
			154.655157865663	-249.827562706072
			154.655157865663	-250.344804036726
			154.655157865663	-250.86204536738
			154.655157865663	-251.379286698035
			154.137916535009	-251.896528028689
			154.137916535009	-252.413769359344
			154.137916535009	-252.931010689998
			154.137916535009	-253.448252020652
			154.137916535009	-253.965493351307
			154.137916535009	-254.482734681961
			153.620675204355	-254.999976012615
			153.620675204355	-255.51721734327
			153.620675204355	-256.034458673924
			153.620675204355	-256.551700004579
			153.620675204355	-257.068941335233
			153.620675204355	-257.586182665887
			153.1034338737	-258.103423996542
			153.1034338737	-258.620665327196
			153.1034338737	-259.137906657851
			153.1034338737	-259.655147988505
			153.1034338737	-260.172389319159
			152.586192543046	-260.689630649814
			152.586192543046	-261.206871980468
			152.586192543046	-261.724113311123
			152.586192543046	-262.241354641777
			152.586192543046	-262.758595972431
		</Left_Side>
		<Left_Wing type=matrix rownames=FALSE colnames=FALSE nrow=15 ncol=2 as.numeric=TRUE >
			152.586192543046	-262.758595972431
			153.1034338737	-262.758595972431
			153.620675204355	-262.758595972431
			154.137916535009	-262.758595972431
			154.655157865663	-262.758595972431
			155.172399196318	-262.758595972431
			155.172399196318	-263.275837303086
			155.172399196318	-263.79307863374
			155.172399196318	-264.310319964395
			155.172399196318	-264.827561295049
			155.689640526972	-265.344802625703
			155.689640526972	-265.862043956358
			156.206881857627	-265.862043956358
			156.206881857627	-266.379285287012
			156.724123188281	-266.379285287012
		</Left_Wing>
		<Right_Wing type=matrix rownames=FALSE colnames=FALSE nrow=15 ncol=2 as.numeric=TRUE >
			156.724123188281	-266.379285287012
			157.241364518935	-266.379285287012
			157.75860584959	-265.862043956358
			158.275847180244	-265.344802625703
			158.275847180244	-264.827561295049
			158.793088510898	-264.310319964395
			158.793088510898	-263.79307863374
			159.310329841553	-263.275837303086
			159.827571172207	-263.275837303086
			160.344812502862	-262.758595972431
			160.862053833516	-262.758595972431
			161.37929516417	-262.758595972431
			161.896536494825	-262.758595972431
			162.413777825479	-262.758595972431
			162.931019156134	-262.758595972431
		</Right_Wing>
		<Right_Side type=matrix rownames=FALSE colnames=FALSE nrow=44 ncol=2 as.numeric=TRUE >
			162.931019156134	-262.758595972431
			162.931019156134	-262.241354641777
			162.931019156134	-261.724113311123
			162.931019156134	-261.206871980468
			162.413777825479	-260.689630649814
			162.413777825479	-260.172389319159
			162.413777825479	-259.655147988505
			162.413777825479	-259.137906657851
			162.413777825479	-258.620665327196
			162.413777825479	-258.103423996542
			162.413777825479	-257.586182665887
			162.413777825479	-257.068941335233
			162.413777825479	-256.551700004579
			162.413777825479	-256.034458673924
			161.896536494825	-255.51721734327
			161.896536494825	-254.999976012615
			161.896536494825	-254.482734681961
			161.896536494825	-253.965493351307
			161.37929516417	-253.448252020652
			161.37929516417	-252.931010689998
			161.37929516417	-252.413769359344
			161.37929516417	-251.896528028689
			160.862053833516	-251.379286698035
			160.862053833516	-250.86204536738
			160.344812502862	-250.344804036726
			160.344812502862	-249.827562706072
			160.344812502862	-249.310321375417
			160.344812502862	-248.793080044763
			159.827571172207	-248.275838714108
			159.827571172207	-247.758597383454
			159.827571172207	-247.2413560528
			159.310329841553	-246.724114722145
			159.310329841553	-246.206873391491
			158.793088510898	-245.689632060836
			158.793088510898	-245.172390730182
			158.793088510898	-244.655149399528
			158.275847180244	-244.137908068873
			158.275847180244	-243.620666738219
			158.275847180244	-243.103425407564
			157.75860584959	-242.58618407691
			157.75860584959	-242.068942746256
			157.75860584959	-241.551701415601
			157.241364518935	-241.034460084947
			157.241364518935	-240.517218754293
		</Right_Side>
	</curves.scaled>
	<ruler.points type=matrix rownames=TRUE colnames=FALSE nrow=6 ncol=2 as.numeric=TRUE >
		Ruler point 1	205	579
		Ruler point 2	224	579
		Ruler point 3	243	580
		Ruler point 4	262	579
		Ruler point 5	282	579
		Ruler point 6	302	579
	</ruler.points>
</shapes>

