<shapes type=list>
	<ruler.interval type=vector names=FALSE length=1 as.numeric=TRUE >10</ruler.interval>
	<scaling.units type=vector names=FALSE length=1 as.numeric=FALSE >mm</scaling.units>
	<scaling type=vector names=FALSE length=1 as.numeric=TRUE >0.307769705825422</scaling>
	<landmarks.pixel type=matrix rownames=TRUE colnames=FALSE nrow=4 ncol=2 as.numeric=TRUE >
		Point_Tip	271	308
		Left_Tang_Center	218	396
		Base_Center	272	418
		Right_Tang_Center	328	393
	</landmarks.pixel>
	<landmarks.scaled type=matrix rownames=TRUE colnames=FALSE nrow=4 ncol=2 as.numeric=TRUE >
		Point_Tip	83.4055902786894	-94.79306939423
		Left_Tang_Center	67.093795869942	-121.876803506867
		Base_Center	83.7133599845148	-128.647737035026
		Right_Tang_Center	100.948463510738	-120.953494389391
	</landmarks.scaled>
	<curves.control type=list>
		<Left_Side type=matrix rownames=FALSE colnames=FALSE nrow=23 ncol=2 as.numeric=TRUE >
			271	308
			269	309
			268	312
			263	325
			257	329
			257	334
			254	336
			253	344
			246	347
			245	350
			237	358
			237	362
			234	363
			232	368
			229	369
			227	371
			226	374
			225	374
			224	375
			224	378
			222	380
			217	387
			218	396
		</Left_Side>
		<Left_Wing type=matrix rownames=FALSE colnames=FALSE nrow=21 ncol=2 as.numeric=TRUE >
			218	396
			219	398
			223	396
			228	396
			232	394
			235	392
			238	391
			244	386
			249	385
			257	381
			256	388
			257	391
			259	393
			259	402
			262	405
			263	408
			265	410
			265	413
			266	415
			269	416
			272	418
		</Left_Wing>
		<Right_Wing type=matrix rownames=FALSE colnames=FALSE nrow=19 ncol=2 as.numeric=TRUE >
			272	418
			275	418
			277	414
			279	407
			279	403
			280	400
			283	397
			282	392
			286	389
			288	386
			288	384
			292	383
			298	384
			306	386
			313	393
			317	393
			318	395
			324	394
			328	393
		</Right_Wing>
		<Right_Side type=matrix rownames=FALSE colnames=FALSE nrow=27 ncol=2 as.numeric=TRUE >
			328	393
			329	390
			329	388
			327	383
			324	381
			322	379
			321	375
			317	373
			317	369
			314	366
			312	365
			311	362
			311	362
			306	363
			307	355
			298	349
			293	343
			293	341
			293	339
			288	337
			291	333
			283	326
			280	320
			278	316
			274	312
			274	309
			271	308
		</Right_Side>
	</curves.control>
	<curves.pixel type=list>
		<Left_Side type=matrix rownames=FALSE colnames=FALSE nrow=99 ncol=2 as.numeric=TRUE >
			271	308
			270	308
			270	309
			269	310
			268	311
			268	312
			268	313
			267	314
			267	315
			266	316
			266	317
			266	318
			265	318
			265	319
			265	320
			264	320
			264	321
			263	322
			262	323
			262	324
			261	325
			260	326
			260	327
			259	328
			258	328
			257	329
			257	330
			257	331
			257	332
			256	333
			256	334
			255	335
			254	336
			254	337
			254	338
			253	339
			253	340
			253	341
			252	342
			251	343
			251	344
			250	344
			249	345
			249	346
			248	346
			247	347
			246	347
			246	348
			245	349
			244	350
			243	351
			243	352
			242	353
			241	354
			240	355
			239	356
			238	357
			237	358
			237	359
			237	360
			236	361
			236	362
			235	362
			235	363
			234	364
			233	365
			232	366
			232	367
			231	368
			230	369
			229	369
			228	370
			227	371
			227	372
			226	373
			226	374
			225	374
			224	375
			224	376
			224	377
			223	378
			223	379
			222	380
			221	381
			221	382
			220	383
			220	384
			219	385
			219	386
			219	387
			218	388
			218	389
			218	390
			218	391
			218	392
			218	393
			218	394
			218	395
			218	396
		</Left_Side>
		<Left_Wing type=matrix rownames=FALSE colnames=FALSE nrow=80 ncol=2 as.numeric=TRUE >
			218	396
			219	397
			220	397
			221	397
			222	396
			223	396
			224	396
			225	396
			226	396
			227	396
			228	396
			228	395
			229	395
			230	395
			231	395
			231	394
			232	394
			233	394
			233	393
			234	393
			235	392
			236	392
			237	391
			238	391
			239	390
			240	389
			241	389
			242	388
			243	387
			244	387
			245	386
			246	386
			247	385
			248	385
			249	385
			250	384
			251	384
			252	384
			253	384
			254	384
			255	384
			256	385
			256	386
			256	387
			256	388
			256	389
			257	389
			257	390
			257	391
			258	392
			259	393
			259	394
			259	395
			259	396
			259	397
			259	398
			259	399
			260	400
			260	401
			260	402
			261	403
			261	404
			262	405
			262	406
			263	407
			263	408
			264	409
			265	410
			265	411
			265	412
			265	413
			265	414
			266	414
			266	415
			267	415
			268	416
			269	416
			270	417
			271	417
			272	418
		</Left_Wing>
		<Right_Wing type=matrix rownames=FALSE colnames=FALSE nrow=79 ncol=2 as.numeric=TRUE >
			272	418
			273	418
			274	418
			275	417
			276	416
			277	415
			277	414
			277	413
			278	412
			278	411
			278	410
			278	409
			278	408
			279	407
			279	406
			279	405
			279	404
			279	403
			279	402
			280	401
			281	400
			281	399
			282	398
			283	397
			283	396
			283	395
			283	394
			283	393
			284	392
			284	391
			285	390
			286	389
			287	388
			287	387
			288	386
			288	385
			288	384
			289	384
			290	384
			291	384
			292	384
			293	384
			294	384
			295	384
			296	384
			297	384
			298	384
			299	384
			300	385
			301	385
			302	385
			303	386
			304	386
			305	387
			306	387
			306	388
			307	388
			308	389
			309	389
			310	390
			311	391
			311	392
			312	392
			313	393
			314	393
			315	393
			316	394
			317	394
			318	395
			319	395
			320	395
			321	395
			322	394
			323	394
			324	394
			325	394
			326	393
			327	393
			328	393
		</Right_Wing>
		<Right_Side type=matrix rownames=FALSE colnames=FALSE nrow=98 ncol=2 as.numeric=TRUE >
			328	393
			328	392
			329	391
			329	390
			329	389
			329	388
			329	387
			328	386
			327	385
			327	384
			326	383
			325	382
			324	381
			323	380
			323	379
			322	378
			322	377
			321	376
			320	375
			319	374
			318	373
			318	372
			317	371
			317	370
			317	369
			316	368
			315	367
			314	366
			313	366
			312	365
			312	364
			311	363
			311	362
			310	362
			309	362
			308	361
			307	360
			307	359
			307	358
			307	357
			307	356
			307	355
			306	354
			305	353
			304	353
			303	352
			302	351
			301	350
			300	350
			299	349
			298	348
			297	347
			296	347
			296	346
			295	345
			294	344
			293	344
			293	343
			293	342
			293	341
			293	340
			293	339
			292	338
			291	338
			290	337
			290	336
			290	335
			291	334
			291	333
			290	332
			289	331
			288	330
			287	329
			286	329
			286	328
			285	327
			284	326
			283	325
			283	324
			282	323
			281	323
			281	322
			280	321
			280	320
			279	319
			279	318
			278	317
			277	316
			277	315
			276	314
			275	313
			274	312
			274	311
			274	310
			273	310
			273	309
			272	308
			271	308
		</Right_Side>
	</curves.pixel>
	<curves.scaled type=list>
		<Left_Side type=matrix rownames=FALSE colnames=FALSE nrow=99 ncol=2 as.numeric=TRUE >
			83.4055902786894	-94.79306939423
			83.097820572864	-94.79306939423
			83.097820572864	-95.1008391000554
			82.7900508670385	-95.4086088058808
			82.4822811612131	-95.7163785117063
			82.4822811612131	-96.0241482175317
			82.4822811612131	-96.3319179233571
			82.1745114553877	-96.6396876291825
			82.1745114553877	-96.947457335008
			81.8667417495623	-97.2552270408334
			81.8667417495623	-97.5629967466588
			81.8667417495623	-97.8707664524842
			81.5589720437368	-97.8707664524842
			81.5589720437368	-98.1785361583096
			81.5589720437368	-98.4863058641351
			81.2512023379114	-98.4863058641351
			81.2512023379114	-98.7940755699605
			80.943432632086	-99.1018452757859
			80.6356629262606	-99.4096149816113
			80.6356629262606	-99.7173846874367
			80.3278932204352	-100.025154393262
			80.0201235146097	-100.332924099088
			80.0201235146097	-100.640693804913
			79.7123538087843	-100.948463510738
			79.4045841029589	-100.948463510738
			79.0968143971335	-101.256233216564
			79.0968143971335	-101.564002922389
			79.0968143971335	-101.871772628215
			79.0968143971335	-102.17954233404
			78.789044691308	-102.487312039866
			78.789044691308	-102.795081745691
			78.4812749854826	-103.102851451516
			78.1735052796572	-103.410621157342
			78.1735052796572	-103.718390863167
			78.1735052796572	-104.026160568993
			77.8657355738318	-104.333930274818
			77.8657355738318	-104.641699980644
			77.8657355738318	-104.949469686469
			77.5579658680064	-105.257239392294
			77.2501961621809	-105.56500909812
			77.2501961621809	-105.872778803945
			76.9424264563555	-105.872778803945
			76.6346567505301	-106.180548509771
			76.6346567505301	-106.488318215596
			76.3268870447047	-106.488318215596
			76.0191173388793	-106.796087921421
			75.7113476330538	-106.796087921421
			75.7113476330538	-107.103857627247
			75.4035779272284	-107.411627333072
			75.095808221403	-107.719397038898
			74.7880385155776	-108.027166744723
			74.7880385155776	-108.334936450549
			74.4802688097521	-108.642706156374
			74.1724991039267	-108.950475862199
			73.8647293981013	-109.258245568025
			73.5569596922759	-109.56601527385
			73.2491899864504	-109.873784979676
			72.941420280625	-110.181554685501
			72.941420280625	-110.489324391327
			72.941420280625	-110.797094097152
			72.6336505747996	-111.104863802977
			72.6336505747996	-111.412633508803
			72.3258808689742	-111.412633508803
			72.3258808689742	-111.720403214628
			72.0181111631488	-112.028172920454
			71.7103414573233	-112.335942626279
			71.4025717514979	-112.643712332104
			71.4025717514979	-112.95148203793
			71.0948020456725	-113.259251743755
			70.7870323398471	-113.567021449581
			70.4792626340217	-113.567021449581
			70.1714929281962	-113.874791155406
			69.8637232223708	-114.182560861232
			69.8637232223708	-114.490330567057
			69.5559535165454	-114.798100272882
			69.5559535165454	-115.105869978708
			69.24818381072	-115.105869978708
			68.9404141048945	-115.413639684533
			68.9404141048945	-115.721409390359
			68.9404141048945	-116.029179096184
			68.6326443990691	-116.33694880201
			68.6326443990691	-116.644718507835
			68.3248746932437	-116.95248821366
			68.0171049874183	-117.260257919486
			68.0171049874183	-117.568027625311
			67.7093352815929	-117.875797331137
			67.7093352815929	-118.183567036962
			67.4015655757674	-118.491336742787
			67.4015655757674	-118.799106448613
			67.4015655757674	-119.106876154438
			67.093795869942	-119.414645860264
			67.093795869942	-119.722415566089
			67.093795869942	-120.030185271915
			67.093795869942	-120.33795497774
			67.093795869942	-120.645724683565
			67.093795869942	-120.953494389391
			67.093795869942	-121.261264095216
			67.093795869942	-121.569033801042
			67.093795869942	-121.876803506867
		</Left_Side>
		<Left_Wing type=matrix rownames=FALSE colnames=FALSE nrow=80 ncol=2 as.numeric=TRUE >
			67.093795869942	-121.876803506867
			67.4015655757674	-122.184573212693
			67.7093352815929	-122.184573212693
			68.0171049874183	-122.184573212693
			68.3248746932437	-121.876803506867
			68.6326443990691	-121.876803506867
			68.9404141048945	-121.876803506867
			69.24818381072	-121.876803506867
			69.5559535165454	-121.876803506867
			69.8637232223708	-121.876803506867
			70.1714929281962	-121.876803506867
			70.1714929281962	-121.569033801042
			70.4792626340217	-121.569033801042
			70.7870323398471	-121.569033801042
			71.0948020456725	-121.569033801042
			71.0948020456725	-121.261264095216
			71.4025717514979	-121.261264095216
			71.7103414573233	-121.261264095216
			71.7103414573233	-120.953494389391
			72.0181111631488	-120.953494389391
			72.3258808689742	-120.645724683565
			72.6336505747996	-120.645724683565
			72.941420280625	-120.33795497774
			73.2491899864504	-120.33795497774
			73.5569596922759	-120.030185271915
			73.8647293981013	-119.722415566089
			74.1724991039267	-119.722415566089
			74.4802688097521	-119.414645860264
			74.7880385155776	-119.106876154438
			75.095808221403	-119.106876154438
			75.4035779272284	-118.799106448613
			75.7113476330538	-118.799106448613
			76.0191173388793	-118.491336742787
			76.3268870447047	-118.491336742787
			76.6346567505301	-118.491336742787
			76.9424264563555	-118.183567036962
			77.2501961621809	-118.183567036962
			77.5579658680064	-118.183567036962
			77.8657355738318	-118.183567036962
			78.1735052796572	-118.183567036962
			78.4812749854826	-118.183567036962
			78.789044691308	-118.491336742787
			78.789044691308	-118.799106448613
			78.789044691308	-119.106876154438
			78.789044691308	-119.414645860264
			78.789044691308	-119.722415566089
			79.0968143971335	-119.722415566089
			79.0968143971335	-120.030185271915
			79.0968143971335	-120.33795497774
			79.4045841029589	-120.645724683565
			79.7123538087843	-120.953494389391
			79.7123538087843	-121.261264095216
			79.7123538087843	-121.569033801042
			79.7123538087843	-121.876803506867
			79.7123538087843	-122.184573212693
			79.7123538087843	-122.492342918518
			79.7123538087843	-122.800112624343
			80.0201235146097	-123.107882330169
			80.0201235146097	-123.415652035994
			80.0201235146097	-123.72342174182
			80.3278932204352	-124.031191447645
			80.3278932204352	-124.338961153471
			80.6356629262606	-124.646730859296
			80.6356629262606	-124.954500565121
			80.943432632086	-125.262270270947
			80.943432632086	-125.570039976772
			81.2512023379114	-125.877809682598
			81.5589720437368	-126.185579388423
			81.5589720437368	-126.493349094248
			81.5589720437368	-126.801118800074
			81.5589720437368	-127.108888505899
			81.5589720437368	-127.416658211725
			81.8667417495623	-127.416658211725
			81.8667417495623	-127.72442791755
			82.1745114553877	-127.72442791755
			82.4822811612131	-128.032197623376
			82.7900508670385	-128.032197623376
			83.097820572864	-128.339967329201
			83.4055902786894	-128.339967329201
			83.7133599845148	-128.647737035026
		</Left_Wing>
		<Right_Wing type=matrix rownames=FALSE colnames=FALSE nrow=79 ncol=2 as.numeric=TRUE >
			83.7133599845148	-128.647737035026
			84.0211296903402	-128.647737035026
			84.3288993961657	-128.647737035026
			84.6366691019911	-128.339967329201
			84.9444388078165	-128.032197623376
			85.2522085136419	-127.72442791755
			85.2522085136419	-127.416658211725
			85.2522085136419	-127.108888505899
			85.5599782194673	-126.801118800074
			85.5599782194673	-126.493349094248
			85.5599782194673	-126.185579388423
			85.5599782194673	-125.877809682598
			85.5599782194673	-125.570039976772
			85.8677479252928	-125.262270270947
			85.8677479252928	-124.954500565121
			85.8677479252928	-124.646730859296
			85.8677479252928	-124.338961153471
			85.8677479252928	-124.031191447645
			85.8677479252928	-123.72342174182
			86.1755176311182	-123.415652035994
			86.4832873369436	-123.107882330169
			86.4832873369436	-122.800112624343
			86.791057042769	-122.492342918518
			87.0988267485944	-122.184573212693
			87.0988267485944	-121.876803506867
			87.0988267485944	-121.569033801042
			87.0988267485944	-121.261264095216
			87.0988267485944	-120.953494389391
			87.4065964544199	-120.645724683565
			87.4065964544199	-120.33795497774
			87.7143661602453	-120.030185271915
			88.0221358660707	-119.722415566089
			88.3299055718961	-119.414645860264
			88.3299055718961	-119.106876154438
			88.6376752777216	-118.799106448613
			88.6376752777216	-118.491336742787
			88.6376752777216	-118.183567036962
			88.945444983547	-118.183567036962
			89.2532146893724	-118.183567036962
			89.5609843951978	-118.183567036962
			89.8687541010232	-118.183567036962
			90.1765238068487	-118.183567036962
			90.4842935126741	-118.183567036962
			90.7920632184995	-118.183567036962
			91.0998329243249	-118.183567036962
			91.4076026301504	-118.183567036962
			91.7153723359758	-118.183567036962
			92.0231420418012	-118.183567036962
			92.3309117476266	-118.491336742787
			92.638681453452	-118.491336742787
			92.9464511592775	-118.491336742787
			93.2542208651029	-118.799106448613
			93.5619905709283	-118.799106448613
			93.8697602767537	-119.106876154438
			94.1775299825792	-119.106876154438
			94.1775299825792	-119.414645860264
			94.4852996884046	-119.414645860264
			94.79306939423	-119.722415566089
			95.1008391000554	-119.722415566089
			95.4086088058808	-120.030185271915
			95.7163785117063	-120.33795497774
			95.7163785117063	-120.645724683565
			96.0241482175317	-120.645724683565
			96.3319179233571	-120.953494389391
			96.6396876291825	-120.953494389391
			96.947457335008	-120.953494389391
			97.2552270408334	-121.261264095216
			97.5629967466588	-121.261264095216
			97.8707664524842	-121.569033801042
			98.1785361583096	-121.569033801042
			98.4863058641351	-121.569033801042
			98.7940755699605	-121.569033801042
			99.1018452757859	-121.261264095216
			99.4096149816113	-121.261264095216
			99.7173846874367	-121.261264095216
			100.025154393262	-121.261264095216
			100.332924099088	-120.953494389391
			100.640693804913	-120.953494389391
			100.948463510738	-120.953494389391
		</Right_Wing>
		<Right_Side type=matrix rownames=FALSE colnames=FALSE nrow=98 ncol=2 as.numeric=TRUE >
			100.948463510738	-120.953494389391
			100.948463510738	-120.645724683565
			101.256233216564	-120.33795497774
			101.256233216564	-120.030185271915
			101.256233216564	-119.722415566089
			101.256233216564	-119.414645860264
			101.256233216564	-119.106876154438
			100.948463510738	-118.799106448613
			100.640693804913	-118.491336742787
			100.640693804913	-118.183567036962
			100.332924099088	-117.875797331137
			100.025154393262	-117.568027625311
			99.7173846874367	-117.260257919486
			99.4096149816113	-116.95248821366
			99.4096149816113	-116.644718507835
			99.1018452757859	-116.33694880201
			99.1018452757859	-116.029179096184
			98.7940755699605	-115.721409390359
			98.4863058641351	-115.413639684533
			98.1785361583096	-115.105869978708
			97.8707664524842	-114.798100272882
			97.8707664524842	-114.490330567057
			97.5629967466588	-114.182560861232
			97.5629967466588	-113.874791155406
			97.5629967466588	-113.567021449581
			97.2552270408334	-113.259251743755
			96.947457335008	-112.95148203793
			96.6396876291825	-112.643712332104
			96.3319179233571	-112.643712332104
			96.0241482175317	-112.335942626279
			96.0241482175317	-112.028172920454
			95.7163785117063	-111.720403214628
			95.7163785117063	-111.412633508803
			95.4086088058808	-111.412633508803
			95.1008391000554	-111.412633508803
			94.79306939423	-111.104863802977
			94.4852996884046	-110.797094097152
			94.4852996884046	-110.489324391327
			94.4852996884046	-110.181554685501
			94.4852996884046	-109.873784979676
			94.4852996884046	-109.56601527385
			94.4852996884046	-109.258245568025
			94.1775299825792	-108.950475862199
			93.8697602767537	-108.642706156374
			93.5619905709283	-108.642706156374
			93.2542208651029	-108.334936450549
			92.9464511592775	-108.027166744723
			92.638681453452	-107.719397038898
			92.3309117476266	-107.719397038898
			92.0231420418012	-107.411627333072
			91.7153723359758	-107.103857627247
			91.4076026301504	-106.796087921421
			91.0998329243249	-106.796087921421
			91.0998329243249	-106.488318215596
			90.7920632184995	-106.180548509771
			90.4842935126741	-105.872778803945
			90.1765238068487	-105.872778803945
			90.1765238068487	-105.56500909812
			90.1765238068487	-105.257239392294
			90.1765238068487	-104.949469686469
			90.1765238068487	-104.641699980644
			90.1765238068487	-104.333930274818
			89.8687541010232	-104.026160568993
			89.5609843951978	-104.026160568993
			89.2532146893724	-103.718390863167
			89.2532146893724	-103.410621157342
			89.2532146893724	-103.102851451516
			89.5609843951978	-102.795081745691
			89.5609843951978	-102.487312039866
			89.2532146893724	-102.17954233404
			88.945444983547	-101.871772628215
			88.6376752777216	-101.564002922389
			88.3299055718961	-101.256233216564
			88.0221358660707	-101.256233216564
			88.0221358660707	-100.948463510738
			87.7143661602453	-100.640693804913
			87.4065964544199	-100.332924099088
			87.0988267485944	-100.025154393262
			87.0988267485944	-99.7173846874367
			86.791057042769	-99.4096149816113
			86.4832873369436	-99.4096149816113
			86.4832873369436	-99.1018452757859
			86.1755176311182	-98.7940755699605
			86.1755176311182	-98.4863058641351
			85.8677479252928	-98.1785361583096
			85.8677479252928	-97.8707664524842
			85.5599782194673	-97.5629967466588
			85.2522085136419	-97.2552270408334
			85.2522085136419	-96.947457335008
			84.9444388078165	-96.6396876291825
			84.6366691019911	-96.3319179233571
			84.3288993961657	-96.0241482175317
			84.3288993961657	-95.7163785117063
			84.3288993961657	-95.4086088058808
			84.0211296903402	-95.4086088058808
			84.0211296903402	-95.1008391000554
			83.7133599845148	-94.79306939423
			83.4055902786894	-94.79306939423
		</Right_Side>
	</curves.scaled>
	<ruler.points type=matrix rownames=TRUE colnames=FALSE nrow=3 ncol=2 as.numeric=TRUE >
		Ruler point 1	364	477
		Ruler point 2	397	477
		Ruler point 3	429	477
	</ruler.points>
</shapes>

