<shapes type=list>
	<ruler.pixel type=vector names=FALSE length=1 as.numeric=TRUE >44.0251197361119</ruler.pixel>
	<ruler.interval type=vector names=FALSE length=1 as.numeric=TRUE >10</ruler.interval>
	<scaling.units type=vector names=FALSE length=1 as.numeric=FALSE >mm</scaling.units>
	<scaling type=vector names=FALSE length=1 as.numeric=TRUE >0.227143050602482</scaling>
	<landmarks.pixel type=matrix rownames=TRUE colnames=FALSE nrow=4 ncol=2 as.numeric=TRUE >
		Point_Tip	204	50
		Left_Tang_Center	149	197
		Base_Center	200	208
		Right_Tang_Center	237	188
	</landmarks.pixel>
	<landmarks.scaled type=matrix rownames=TRUE colnames=FALSE nrow=4 ncol=2 as.numeric=TRUE >
		Point_Tip	46.3371823229063	-11.3571525301241
		Left_Tang_Center	33.8443145397698	-44.7471809686889
		Base_Center	45.4286101204964	-47.2457545253162
		Right_Tang_Center	53.8329029927882	-42.7028935132666
	</landmarks.scaled>
	<curves.control type=list>
		<Left_Side type=matrix rownames=FALSE colnames=FALSE nrow=23 ncol=2 as.numeric=TRUE >
			204	50
			200	60
			194	72
			195	76
			191	78
			189	82
			186	86
			184	92
			180	99
			176	109
			176	113
			173	117
			172	122
			173	126
			168	131
			168	136
			165	139
			166	143
			164	145
			165	151
			162	154
			158	169
			149	197
		</Left_Side>
		<Left_Wing type=matrix rownames=FALSE colnames=FALSE nrow=13 ncol=2 as.numeric=TRUE >
			149	197
			153	199
			167	190
			175	184
			179	176
			185	171
			184	179
			186	186
			188	190
			187	195
			189	200
			193	207
			200	208
		</Left_Wing>
		<Right_Wing type=matrix rownames=FALSE colnames=FALSE nrow=17 ncol=2 as.numeric=TRUE >
			200	208
			204	209
			207	207
			207	201
			210	195
			210	189
			212	184
			213	179
			213	173
			217	171
			220	176
			224	180
			227	183
			229	183
			231	187
			234	188
			237	188
		</Right_Wing>
		<Right_Side type=matrix rownames=FALSE colnames=FALSE nrow=25 ncol=2 as.numeric=TRUE >
			237	188
			239	182
			240	175
			237	171
			238	166
			236	159
			236	152
			233	147
			234	142
			232	140
			230	128
			229	120
			225	114
			227	110
			227	107
			224	106
			224	101
			222	98
			222	94
			220	90
			219	86
			212	72
			210	61
			207	55
			204	50
		</Right_Side>
	</curves.control>
	<curves.pixel type=list>
		<Left_Side type=matrix rownames=FALSE colnames=FALSE nrow=155 ncol=2 as.numeric=TRUE >
			204	50
			203	51
			203	52
			203	53
			202	54
			202	55
			202	56
			201	57
			200	58
			200	59
			200	60
			199	61
			199	62
			198	63
			198	64
			197	65
			197	66
			197	67
			196	68
			196	69
			195	69
			195	70
			194	71
			194	72
			194	73
			194	74
			194	75
			193	76
			192	77
			191	78
			190	79
			190	80
			189	81
			189	82
			188	83
			187	84
			187	85
			186	86
			186	87
			185	88
			185	89
			185	90
			184	91
			184	92
			183	93
			183	94
			182	95
			182	96
			181	97
			181	98
			180	99
			180	100
			179	101
			179	102
			178	103
			178	104
			178	105
			177	106
			177	107
			177	108
			177	109
			176	110
			176	111
			176	112
			176	113
			175	114
			175	115
			174	116
			174	117
			173	118
			173	119
			172	120
			172	121
			172	122
			172	123
			172	124
			172	125
			172	126
			171	127
			171	128
			170	128
			170	129
			169	130
			168	131
			168	132
			168	133
			168	134
			168	135
			167	135
			167	136
			167	137
			166	137
			166	138
			165	139
			165	140
			165	141
			165	142
			165	143
			165	144
			164	145
			164	146
			164	147
			164	148
			164	149
			164	150
			164	151
			163	152
			163	153
			162	154
			162	155
			161	156
			161	157
			161	158
			161	159
			160	160
			160	161
			160	162
			159	163
			159	164
			159	165
			159	166
			158	167
			158	168
			158	169
			157	170
			157	171
			157	172
			157	173
			156	174
			156	175
			156	176
			155	177
			155	178
			155	179
			154	180
			154	181
			154	182
			154	183
			153	183
			153	184
			153	185
			153	186
			152	186
			152	187
			152	188
			152	189
			151	189
			151	190
			151	191
			151	192
			150	193
			150	194
			150	195
			149	196
			149	197
		</Left_Side>
		<Left_Wing type=matrix rownames=FALSE colnames=FALSE nrow=78 ncol=2 as.numeric=TRUE >
			149	197
			150	197
			151	197
			152	197
			153	197
			154	197
			155	197
			156	196
			157	196
			158	195
			159	195
			160	194
			161	194
			162	193
			163	192
			164	192
			165	191
			166	191
			167	190
			168	189
			169	189
			170	188
			170	187
			171	186
			172	185
			173	185
			174	184
			174	183
			175	182
			176	181
			176	180
			177	179
			178	178
			178	177
			179	176
			180	175
			181	174
			182	174
			183	174
			184	175
			184	176
			184	177
			184	178
			184	179
			184	180
			185	181
			185	182
			185	183
			186	184
			186	185
			186	186
			187	187
			187	188
			187	189
			188	189
			188	190
			188	191
			188	192
			188	193
			188	194
			188	195
			188	196
			188	197
			188	198
			189	199
			189	200
			189	201
			190	202
			191	203
			192	204
			193	205
			194	206
			195	206
			196	207
			197	207
			198	208
			199	208
			200	208
		</Left_Wing>
		<Right_Wing type=matrix rownames=FALSE colnames=FALSE nrow=66 ncol=2 as.numeric=TRUE >
			200	208
			201	208
			202	208
			203	208
			204	208
			205	208
			206	208
			207	207
			207	206
			207	205
			207	204
			207	203
			207	202
			208	201
			208	200
			208	199
			209	198
			209	197
			210	196
			210	195
			210	194
			210	193
			210	192
			210	191
			210	190
			211	189
			211	188
			211	187
			211	186
			212	185
			212	184
			212	183
			212	182
			212	181
			213	180
			213	179
			213	178
			213	177
			213	176
			213	175
			213	174
			214	173
			215	172
			216	173
			217	173
			218	174
			219	175
			220	176
			221	177
			222	178
			223	179
			224	180
			225	181
			226	182
			227	183
			228	183
			229	184
			230	185
			231	186
			231	187
			232	187
			233	188
			234	188
			235	188
			236	188
			237	188
		</Right_Wing>
		<Right_Side type=matrix rownames=FALSE colnames=FALSE nrow=143 ncol=2 as.numeric=TRUE >
			237	188
			237	187
			238	186
			238	185
			238	184
			238	183
			239	182
			239	181
			239	180
			239	179
			240	178
			240	177
			240	176
			240	175
			239	174
			239	173
			239	172
			238	172
			238	171
			238	170
			238	169
			238	168
			238	167
			238	166
			238	165
			237	164
			237	163
			237	162
			237	161
			237	160
			236	159
			236	158
			236	157
			236	156
			236	155
			236	154
			236	153
			236	152
			236	151
			235	150
			235	149
			234	148
			234	147
			234	146
			234	145
			234	144
			234	143
			234	142
			233	141
			233	140
			232	139
			232	138
			232	137
			232	136
			231	135
			231	134
			231	133
			231	132
			230	131
			230	130
			230	129
			230	128
			230	127
			230	126
			230	125
			229	124
			229	123
			229	122
			228	121
			228	120
			228	119
			227	118
			227	117
			226	116
			226	115
			225	114
			225	113
			226	112
			226	111
			227	110
			227	109
			227	108
			227	107
			226	107
			225	106
			225	105
			224	104
			224	103
			224	102
			224	101
			223	100
			223	99
			223	98
			222	97
			222	96
			222	95
			222	94
			221	93
			221	92
			221	91
			220	90
			220	89
			219	88
			219	87
			219	86
			218	85
			218	84
			218	83
			217	83
			217	82
			217	81
			216	80
			216	79
			215	78
			215	77
			214	76
			214	75
			214	74
			213	73
			213	72
			213	71
			212	70
			212	69
			212	68
			211	67
			211	66
			211	65
			211	64
			210	63
			210	62
			210	61
			210	60
			209	59
			209	58
			208	58
			208	57
			207	56
			207	55
			206	54
			206	53
			205	52
			204	51
			204	50
		</Right_Side>
	</curves.pixel>
	<curves.scaled type=list>
		<Left_Side type=matrix rownames=FALSE colnames=FALSE nrow=155 ncol=2 as.numeric=TRUE >
			46.3371823229063	-11.3571525301241
			46.1100392723038	-11.5842955807266
			46.1100392723038	-11.8114386313291
			46.1100392723038	-12.0385816819315
			45.8828962217013	-12.265724732534
			45.8828962217013	-12.4928677831365
			45.8828962217013	-12.720010833739
			45.6557531710989	-12.9471538843415
			45.4286101204964	-13.1742969349439
			45.4286101204964	-13.4014399855464
			45.4286101204964	-13.6285830361489
			45.2014670698939	-13.8557260867514
			45.2014670698939	-14.0828691373539
			44.9743240192914	-14.3100121879564
			44.9743240192914	-14.5371552385588
			44.7471809686889	-14.7642982891613
			44.7471809686889	-14.9914413397638
			44.7471809686889	-15.2185843903663
			44.5200379180865	-15.4457274409688
			44.5200379180865	-15.6728704915712
			44.292894867484	-15.6728704915712
			44.292894867484	-15.9000135421737
			44.0657518168815	-16.1271565927762
			44.0657518168815	-16.3542996433787
			44.0657518168815	-16.5814426939812
			44.0657518168815	-16.8085857445837
			44.0657518168815	-17.0357287951861
			43.838608766279	-17.2628718457886
			43.6114657156765	-17.4900148963911
			43.384322665074	-17.7171579469936
			43.1571796144716	-17.9443009975961
			43.1571796144716	-18.1714440481986
			42.9300365638691	-18.398587098801
			42.9300365638691	-18.6257301494035
			42.7028935132666	-18.852873200006
			42.4757504626641	-19.0800162506085
			42.4757504626641	-19.307159301211
			42.2486074120616	-19.5343023518134
			42.2486074120616	-19.7614454024159
			42.0214643614591	-19.9885884530184
			42.0214643614591	-20.2157315036209
			42.0214643614591	-20.4428745542234
			41.7943213108567	-20.6700176048259
			41.7943213108567	-20.8971606554283
			41.5671782602542	-21.1243037060308
			41.5671782602542	-21.3514467566333
			41.3400352096517	-21.5785898072358
			41.3400352096517	-21.8057328578383
			41.1128921590492	-22.0328759084407
			41.1128921590492	-22.2600189590432
			40.8857491084467	-22.4871620096457
			40.8857491084467	-22.7143050602482
			40.6586060578443	-22.9414481108507
			40.6586060578443	-23.1685911614532
			40.4314630072418	-23.3957342120556
			40.4314630072418	-23.6228772626581
			40.4314630072418	-23.8500203132606
			40.2043199566393	-24.0771633638631
			40.2043199566393	-24.3043064144656
			40.2043199566393	-24.531449465068
			40.2043199566393	-24.7585925156705
			39.9771769060368	-24.985735566273
			39.9771769060368	-25.2128786168755
			39.9771769060368	-25.440021667478
			39.9771769060368	-25.6671647180805
			39.7500338554343	-25.8943077686829
			39.7500338554343	-26.1214508192854
			39.5228908048318	-26.3485938698879
			39.5228908048318	-26.5757369204904
			39.2957477542294	-26.8028799710929
			39.2957477542294	-27.0300230216953
			39.0686047036269	-27.2571660722978
			39.0686047036269	-27.4843091229003
			39.0686047036269	-27.7114521735028
			39.0686047036269	-27.9385952241053
			39.0686047036269	-28.1657382747078
			39.0686047036269	-28.3928813253102
			39.0686047036269	-28.6200243759127
			38.8414616530244	-28.8471674265152
			38.8414616530244	-29.0743104771177
			38.6143186024219	-29.0743104771177
			38.6143186024219	-29.3014535277202
			38.3871755518194	-29.5285965783226
			38.160032501217	-29.7557396289251
			38.160032501217	-29.9828826795276
			38.160032501217	-30.2100257301301
			38.160032501217	-30.4371687807326
			38.160032501217	-30.6643118313351
			37.9328894506145	-30.6643118313351
			37.9328894506145	-30.8914548819375
			37.9328894506145	-31.11859793254
			37.705746400012	-31.11859793254
			37.705746400012	-31.3457409831425
			37.4786033494095	-31.572884033745
			37.4786033494095	-31.8000270843475
			37.4786033494095	-32.0271701349499
			37.4786033494095	-32.2543131855524
			37.4786033494095	-32.4814562361549
			37.4786033494095	-32.7085992867574
			37.251460298807	-32.9357423373599
			37.251460298807	-33.1628853879624
			37.251460298807	-33.3900284385648
			37.251460298807	-33.6171714891673
			37.251460298807	-33.8443145397698
			37.251460298807	-34.0714575903723
			37.251460298807	-34.2986006409748
			37.0243172482045	-34.5257436915772
			37.0243172482045	-34.7528867421797
			36.7971741976021	-34.9800297927822
			36.7971741976021	-35.2071728433847
			36.5700311469996	-35.4343158939872
			36.5700311469996	-35.6614589445897
			36.5700311469996	-35.8886019951921
			36.5700311469996	-36.1157450457946
			36.3428880963971	-36.3428880963971
			36.3428880963971	-36.5700311469996
			36.3428880963971	-36.7971741976021
			36.1157450457946	-37.0243172482045
			36.1157450457946	-37.251460298807
			36.1157450457946	-37.4786033494095
			36.1157450457946	-37.705746400012
			35.8886019951921	-37.9328894506145
			35.8886019951921	-38.160032501217
			35.8886019951921	-38.3871755518194
			35.6614589445897	-38.6143186024219
			35.6614589445897	-38.8414616530244
			35.6614589445897	-39.0686047036269
			35.6614589445897	-39.2957477542294
			35.4343158939872	-39.5228908048318
			35.4343158939872	-39.7500338554343
			35.4343158939872	-39.9771769060368
			35.2071728433847	-40.2043199566393
			35.2071728433847	-40.4314630072418
			35.2071728433847	-40.6586060578443
			34.9800297927822	-40.8857491084467
			34.9800297927822	-41.1128921590492
			34.9800297927822	-41.3400352096517
			34.9800297927822	-41.5671782602542
			34.7528867421797	-41.5671782602542
			34.7528867421797	-41.7943213108567
			34.7528867421797	-42.0214643614591
			34.7528867421797	-42.2486074120616
			34.5257436915772	-42.2486074120616
			34.5257436915772	-42.4757504626641
			34.5257436915772	-42.7028935132666
			34.5257436915772	-42.9300365638691
			34.2986006409748	-42.9300365638691
			34.2986006409748	-43.1571796144716
			34.2986006409748	-43.384322665074
			34.2986006409748	-43.6114657156765
			34.0714575903723	-43.838608766279
			34.0714575903723	-44.0657518168815
			34.0714575903723	-44.292894867484
			33.8443145397698	-44.5200379180865
			33.8443145397698	-44.7471809686889
		</Left_Side>
		<Left_Wing type=matrix rownames=FALSE colnames=FALSE nrow=78 ncol=2 as.numeric=TRUE >
			33.8443145397698	-44.7471809686889
			34.0714575903723	-44.7471809686889
			34.2986006409748	-44.7471809686889
			34.5257436915772	-44.7471809686889
			34.7528867421797	-44.7471809686889
			34.9800297927822	-44.7471809686889
			35.2071728433847	-44.7471809686889
			35.4343158939872	-44.5200379180865
			35.6614589445897	-44.5200379180865
			35.8886019951921	-44.292894867484
			36.1157450457946	-44.292894867484
			36.3428880963971	-44.0657518168815
			36.5700311469996	-44.0657518168815
			36.7971741976021	-43.838608766279
			37.0243172482045	-43.6114657156765
			37.251460298807	-43.6114657156765
			37.4786033494095	-43.384322665074
			37.705746400012	-43.384322665074
			37.9328894506145	-43.1571796144716
			38.160032501217	-42.9300365638691
			38.3871755518194	-42.9300365638691
			38.6143186024219	-42.7028935132666
			38.6143186024219	-42.4757504626641
			38.8414616530244	-42.2486074120616
			39.0686047036269	-42.0214643614591
			39.2957477542294	-42.0214643614591
			39.5228908048318	-41.7943213108567
			39.5228908048318	-41.5671782602542
			39.7500338554343	-41.3400352096517
			39.9771769060368	-41.1128921590492
			39.9771769060368	-40.8857491084467
			40.2043199566393	-40.6586060578443
			40.4314630072418	-40.4314630072418
			40.4314630072418	-40.2043199566393
			40.6586060578443	-39.9771769060368
			40.8857491084467	-39.7500338554343
			41.1128921590492	-39.5228908048318
			41.3400352096517	-39.5228908048318
			41.5671782602542	-39.5228908048318
			41.7943213108567	-39.7500338554343
			41.7943213108567	-39.9771769060368
			41.7943213108567	-40.2043199566393
			41.7943213108567	-40.4314630072418
			41.7943213108567	-40.6586060578443
			41.7943213108567	-40.8857491084467
			42.0214643614591	-41.1128921590492
			42.0214643614591	-41.3400352096517
			42.0214643614591	-41.5671782602542
			42.2486074120616	-41.7943213108567
			42.2486074120616	-42.0214643614591
			42.2486074120616	-42.2486074120616
			42.4757504626641	-42.4757504626641
			42.4757504626641	-42.7028935132666
			42.4757504626641	-42.9300365638691
			42.7028935132666	-42.9300365638691
			42.7028935132666	-43.1571796144716
			42.7028935132666	-43.384322665074
			42.7028935132666	-43.6114657156765
			42.7028935132666	-43.838608766279
			42.7028935132666	-44.0657518168815
			42.7028935132666	-44.292894867484
			42.7028935132666	-44.5200379180865
			42.7028935132666	-44.7471809686889
			42.7028935132666	-44.9743240192914
			42.9300365638691	-45.2014670698939
			42.9300365638691	-45.4286101204964
			42.9300365638691	-45.6557531710989
			43.1571796144716	-45.8828962217013
			43.384322665074	-46.1100392723038
			43.6114657156765	-46.3371823229063
			43.838608766279	-46.5643253735088
			44.0657518168815	-46.7914684241113
			44.292894867484	-46.7914684241113
			44.5200379180865	-47.0186114747138
			44.7471809686889	-47.0186114747138
			44.9743240192914	-47.2457545253162
			45.2014670698939	-47.2457545253162
			45.4286101204964	-47.2457545253162
		</Left_Wing>
		<Right_Wing type=matrix rownames=FALSE colnames=FALSE nrow=66 ncol=2 as.numeric=TRUE >
			45.4286101204964	-47.2457545253162
			45.6557531710989	-47.2457545253162
			45.8828962217013	-47.2457545253162
			46.1100392723038	-47.2457545253162
			46.3371823229063	-47.2457545253162
			46.5643253735088	-47.2457545253162
			46.7914684241113	-47.2457545253162
			47.0186114747138	-47.0186114747138
			47.0186114747138	-46.7914684241113
			47.0186114747138	-46.5643253735088
			47.0186114747138	-46.3371823229063
			47.0186114747138	-46.1100392723038
			47.0186114747138	-45.8828962217013
			47.2457545253162	-45.6557531710989
			47.2457545253162	-45.4286101204964
			47.2457545253162	-45.2014670698939
			47.4728975759187	-44.9743240192914
			47.4728975759187	-44.7471809686889
			47.7000406265212	-44.5200379180865
			47.7000406265212	-44.292894867484
			47.7000406265212	-44.0657518168815
			47.7000406265212	-43.838608766279
			47.7000406265212	-43.6114657156765
			47.7000406265212	-43.384322665074
			47.7000406265212	-43.1571796144716
			47.9271836771237	-42.9300365638691
			47.9271836771237	-42.7028935132666
			47.9271836771237	-42.4757504626641
			47.9271836771237	-42.2486074120616
			48.1543267277262	-42.0214643614591
			48.1543267277262	-41.7943213108567
			48.1543267277262	-41.5671782602542
			48.1543267277262	-41.3400352096517
			48.1543267277262	-41.1128921590492
			48.3814697783286	-40.8857491084467
			48.3814697783286	-40.6586060578443
			48.3814697783286	-40.4314630072418
			48.3814697783286	-40.2043199566393
			48.3814697783286	-39.9771769060368
			48.3814697783286	-39.7500338554343
			48.3814697783286	-39.5228908048318
			48.6086128289311	-39.2957477542294
			48.8357558795336	-39.0686047036269
			49.0628989301361	-39.2957477542294
			49.2900419807386	-39.2957477542294
			49.5171850313411	-39.5228908048318
			49.7443280819435	-39.7500338554343
			49.971471132546	-39.9771769060368
			50.1986141831485	-40.2043199566393
			50.425757233751	-40.4314630072418
			50.6529002843535	-40.6586060578443
			50.8800433349559	-40.8857491084467
			51.1071863855584	-41.1128921590492
			51.3343294361609	-41.3400352096517
			51.5614724867634	-41.5671782602542
			51.7886155373659	-41.5671782602542
			52.0157585879683	-41.7943213108567
			52.2429016385708	-42.0214643614591
			52.4700446891733	-42.2486074120616
			52.4700446891733	-42.4757504626641
			52.6971877397758	-42.4757504626641
			52.9243307903783	-42.7028935132666
			53.1514738409808	-42.7028935132666
			53.3786168915832	-42.7028935132666
			53.6057599421857	-42.7028935132666
			53.8329029927882	-42.7028935132666
		</Right_Wing>
		<Right_Side type=matrix rownames=FALSE colnames=FALSE nrow=143 ncol=2 as.numeric=TRUE >
			53.8329029927882	-42.7028935132666
			53.8329029927882	-42.4757504626641
			54.0600460433907	-42.2486074120616
			54.0600460433907	-42.0214643614591
			54.0600460433907	-41.7943213108567
			54.0600460433907	-41.5671782602542
			54.2871890939932	-41.3400352096517
			54.2871890939932	-41.1128921590492
			54.2871890939932	-40.8857491084467
			54.2871890939932	-40.6586060578443
			54.5143321445956	-40.4314630072418
			54.5143321445956	-40.2043199566393
			54.5143321445956	-39.9771769060368
			54.5143321445956	-39.7500338554343
			54.2871890939932	-39.5228908048318
			54.2871890939932	-39.2957477542294
			54.2871890939932	-39.0686047036269
			54.0600460433907	-39.0686047036269
			54.0600460433907	-38.8414616530244
			54.0600460433907	-38.6143186024219
			54.0600460433907	-38.3871755518194
			54.0600460433907	-38.160032501217
			54.0600460433907	-37.9328894506145
			54.0600460433907	-37.705746400012
			54.0600460433907	-37.4786033494095
			53.8329029927882	-37.251460298807
			53.8329029927882	-37.0243172482045
			53.8329029927882	-36.7971741976021
			53.8329029927882	-36.5700311469996
			53.8329029927882	-36.3428880963971
			53.6057599421857	-36.1157450457946
			53.6057599421857	-35.8886019951921
			53.6057599421857	-35.6614589445897
			53.6057599421857	-35.4343158939872
			53.6057599421857	-35.2071728433847
			53.6057599421857	-34.9800297927822
			53.6057599421857	-34.7528867421797
			53.6057599421857	-34.5257436915772
			53.6057599421857	-34.2986006409748
			53.3786168915832	-34.0714575903723
			53.3786168915832	-33.8443145397698
			53.1514738409808	-33.6171714891673
			53.1514738409808	-33.3900284385648
			53.1514738409808	-33.1628853879624
			53.1514738409808	-32.9357423373599
			53.1514738409808	-32.7085992867574
			53.1514738409808	-32.4814562361549
			53.1514738409808	-32.2543131855524
			52.9243307903783	-32.0271701349499
			52.9243307903783	-31.8000270843475
			52.6971877397758	-31.572884033745
			52.6971877397758	-31.3457409831425
			52.6971877397758	-31.11859793254
			52.6971877397758	-30.8914548819375
			52.4700446891733	-30.6643118313351
			52.4700446891733	-30.4371687807326
			52.4700446891733	-30.2100257301301
			52.4700446891733	-29.9828826795276
			52.2429016385708	-29.7557396289251
			52.2429016385708	-29.5285965783226
			52.2429016385708	-29.3014535277202
			52.2429016385708	-29.0743104771177
			52.2429016385708	-28.8471674265152
			52.2429016385708	-28.6200243759127
			52.2429016385708	-28.3928813253102
			52.0157585879683	-28.1657382747078
			52.0157585879683	-27.9385952241053
			52.0157585879683	-27.7114521735028
			51.7886155373659	-27.4843091229003
			51.7886155373659	-27.2571660722978
			51.7886155373659	-27.0300230216953
			51.5614724867634	-26.8028799710929
			51.5614724867634	-26.5757369204904
			51.3343294361609	-26.3485938698879
			51.3343294361609	-26.1214508192854
			51.1071863855584	-25.8943077686829
			51.1071863855584	-25.6671647180805
			51.3343294361609	-25.440021667478
			51.3343294361609	-25.2128786168755
			51.5614724867634	-24.985735566273
			51.5614724867634	-24.7585925156705
			51.5614724867634	-24.531449465068
			51.5614724867634	-24.3043064144656
			51.3343294361609	-24.3043064144656
			51.1071863855584	-24.0771633638631
			51.1071863855584	-23.8500203132606
			50.8800433349559	-23.6228772626581
			50.8800433349559	-23.3957342120556
			50.8800433349559	-23.1685911614532
			50.8800433349559	-22.9414481108507
			50.6529002843535	-22.7143050602482
			50.6529002843535	-22.4871620096457
			50.6529002843535	-22.2600189590432
			50.425757233751	-22.0328759084407
			50.425757233751	-21.8057328578383
			50.425757233751	-21.5785898072358
			50.425757233751	-21.3514467566333
			50.1986141831485	-21.1243037060308
			50.1986141831485	-20.8971606554283
			50.1986141831485	-20.6700176048259
			49.971471132546	-20.4428745542234
			49.971471132546	-20.2157315036209
			49.7443280819435	-19.9885884530184
			49.7443280819435	-19.7614454024159
			49.7443280819435	-19.5343023518134
			49.5171850313411	-19.307159301211
			49.5171850313411	-19.0800162506085
			49.5171850313411	-18.852873200006
			49.2900419807386	-18.852873200006
			49.2900419807386	-18.6257301494035
			49.2900419807386	-18.398587098801
			49.0628989301361	-18.1714440481986
			49.0628989301361	-17.9443009975961
			48.8357558795336	-17.7171579469936
			48.8357558795336	-17.4900148963911
			48.6086128289311	-17.2628718457886
			48.6086128289311	-17.0357287951861
			48.6086128289311	-16.8085857445837
			48.3814697783286	-16.5814426939812
			48.3814697783286	-16.3542996433787
			48.3814697783286	-16.1271565927762
			48.1543267277262	-15.9000135421737
			48.1543267277262	-15.6728704915712
			48.1543267277262	-15.4457274409688
			47.9271836771237	-15.2185843903663
			47.9271836771237	-14.9914413397638
			47.9271836771237	-14.7642982891613
			47.9271836771237	-14.5371552385588
			47.7000406265212	-14.3100121879564
			47.7000406265212	-14.0828691373539
			47.7000406265212	-13.8557260867514
			47.7000406265212	-13.6285830361489
			47.4728975759187	-13.4014399855464
			47.4728975759187	-13.1742969349439
			47.2457545253162	-13.1742969349439
			47.2457545253162	-12.9471538843415
			47.0186114747138	-12.720010833739
			47.0186114747138	-12.4928677831365
			46.7914684241113	-12.265724732534
			46.7914684241113	-12.0385816819315
			46.5643253735088	-11.8114386313291
			46.3371823229063	-11.5842955807266
			46.3371823229063	-11.3571525301241
		</Right_Side>
	</curves.scaled>
	<ruler.points type=matrix rownames=TRUE colnames=FALSE nrow=4 ncol=2 as.numeric=TRUE >
		Ruler point 1	147	61
		Ruler point 2	145	105
		Ruler point 3	144	149
		Ruler point 4	143	194
	</ruler.points>
</shapes>

