<shapes type=list>
	<ruler.pixel type=vector names=FALSE length=1 as.numeric=TRUE >27</ruler.pixel>
	<ruler.interval type=vector names=FALSE length=1 as.numeric=TRUE >10</ruler.interval>
	<scaling.units type=vector names=FALSE length=1 as.numeric=FALSE >mm</scaling.units>
	<scaling type=vector names=FALSE length=1 as.numeric=TRUE >0.37037037037037</scaling>
	<landmarks.pixel type=matrix rownames=TRUE colnames=FALSE nrow=4 ncol=2 as.numeric=TRUE >
		Point_Tip	367	273
		Left_Tang_Center	342	323
		Base_Center	364	348
		Right_Tang_Center	387	334
	</landmarks.pixel>
	<landmarks.scaled type=matrix rownames=TRUE colnames=FALSE nrow=4 ncol=2 as.numeric=TRUE >
		Point_Tip	135.925925925926	-101.111111111111
		Left_Tang_Center	126.666666666667	-119.62962962963
		Base_Center	134.814814814815	-128.888888888889
		Right_Tang_Center	143.333333333333	-123.703703703704
	</landmarks.scaled>
	<curves.control type=list>
		<Left_Side type=matrix rownames=FALSE colnames=FALSE nrow=15 ncol=2 as.numeric=TRUE >
			367	273
			366	273
			366	273
			364	276
			360	287
			355	300
			354	304
			351	306
			349	308
			349	309
			348	311
			346	311
			344	314
			342	318
			342	323
		</Left_Side>
		<Left_Wing type=matrix rownames=FALSE colnames=FALSE nrow=9 ncol=2 as.numeric=TRUE >
			342	323
			348	323
			353	322
			356	322
			357	326
			357	329
			357	333
			361	344
			364	348
		</Left_Wing>
		<Right_Wing type=matrix rownames=FALSE colnames=FALSE nrow=9 ncol=2 as.numeric=TRUE >
			364	348
			366	346
			373	342
			374	337
			375	330
			375	324
			377	324
			383	330
			387	334
		</Right_Wing>
		<Right_Side type=matrix rownames=FALSE colnames=FALSE nrow=11 ncol=2 as.numeric=TRUE >
			387	334
			388	334
			388	326
			381	307
			378	302
			373	290
			371	284
			370	281
			369	275
			368	273
			367	273
		</Right_Side>
	</curves.control>
	<curves.pixel type=list>
		<Left_Side type=matrix rownames=FALSE colnames=FALSE nrow=55 ncol=2 as.numeric=TRUE >
			367	273
			366	273
			365	274
			365	275
			364	276
			364	277
			363	278
			363	279
			363	280
			362	281
			362	282
			362	283
			361	284
			361	285
			360	286
			360	287
			360	288
			359	289
			359	290
			358	291
			358	292
			358	293
			357	294
			357	295
			357	296
			356	297
			356	298
			356	299
			355	300
			355	301
			355	302
			354	303
			354	304
			353	304
			353	305
			352	305
			351	306
			351	307
			350	307
			349	308
			349	309
			348	310
			347	311
			346	312
			345	313
			344	314
			343	315
			343	316
			343	317
			343	318
			342	319
			342	320
			342	321
			342	322
			342	323
		</Left_Side>
		<Left_Wing type=matrix rownames=FALSE colnames=FALSE nrow=43 ncol=2 as.numeric=TRUE >
			342	323
			343	323
			344	323
			345	323
			346	323
			347	323
			348	323
			349	323
			350	322
			351	322
			352	322
			353	322
			354	322
			355	322
			355	323
			356	323
			356	324
			357	325
			357	326
			357	327
			357	328
			357	329
			357	330
			357	331
			357	332
			357	333
			357	334
			358	335
			358	336
			359	337
			359	338
			359	339
			360	340
			360	341
			361	342
			361	343
			362	344
			362	345
			362	346
			363	346
			363	347
			364	347
			364	348
		</Left_Wing>
		<Right_Wing type=matrix rownames=FALSE colnames=FALSE nrow=39 ncol=2 as.numeric=TRUE >
			364	348
			365	347
			366	346
			367	346
			368	345
			369	344
			370	344
			371	343
			372	343
			373	342
			373	341
			373	340
			374	339
			374	338
			374	337
			374	336
			374	335
			374	334
			375	333
			375	332
			375	331
			375	330
			375	329
			375	328
			375	327
			375	326
			376	325
			376	324
			377	324
			378	325
			379	326
			380	327
			381	328
			382	329
			383	330
			384	331
			385	332
			386	333
			387	334
		</Right_Wing>
		<Right_Side type=matrix rownames=FALSE colnames=FALSE nrow=65 ncol=2 as.numeric=TRUE >
			387	334
			388	333
			388	332
			388	331
			388	330
			388	329
			388	328
			388	327
			388	326
			388	325
			387	324
			387	323
			387	322
			386	321
			386	320
			385	319
			385	318
			385	317
			384	316
			384	315
			383	314
			383	313
			383	312
			382	311
			382	310
			381	309
			381	308
			381	307
			380	306
			380	305
			379	304
			378	303
			378	302
			378	301
			377	300
			377	299
			376	298
			376	297
			375	296
			375	295
			375	294
			374	293
			374	292
			374	291
			373	290
			373	289
			373	288
			372	288
			372	287
			372	286
			371	285
			371	284
			371	283
			370	282
			370	281
			370	280
			370	279
			370	278
			369	277
			369	276
			369	275
			369	274
			368	274
			368	273
			367	273
		</Right_Side>
	</curves.pixel>
	<curves.scaled type=list>
		<Left_Side type=matrix rownames=FALSE colnames=FALSE nrow=55 ncol=2 as.numeric=TRUE >
			135.925925925926	-101.111111111111
			135.555555555556	-101.111111111111
			135.185185185185	-101.481481481481
			135.185185185185	-101.851851851852
			134.814814814815	-102.222222222222
			134.814814814815	-102.592592592593
			134.444444444444	-102.962962962963
			134.444444444444	-103.333333333333
			134.444444444444	-103.703703703704
			134.074074074074	-104.074074074074
			134.074074074074	-104.444444444444
			134.074074074074	-104.814814814815
			133.703703703704	-105.185185185185
			133.703703703704	-105.555555555556
			133.333333333333	-105.925925925926
			133.333333333333	-106.296296296296
			133.333333333333	-106.666666666667
			132.962962962963	-107.037037037037
			132.962962962963	-107.407407407407
			132.592592592593	-107.777777777778
			132.592592592593	-108.148148148148
			132.592592592593	-108.518518518519
			132.222222222222	-108.888888888889
			132.222222222222	-109.259259259259
			132.222222222222	-109.62962962963
			131.851851851852	-110
			131.851851851852	-110.37037037037
			131.851851851852	-110.740740740741
			131.481481481481	-111.111111111111
			131.481481481481	-111.481481481481
			131.481481481481	-111.851851851852
			131.111111111111	-112.222222222222
			131.111111111111	-112.592592592593
			130.740740740741	-112.592592592593
			130.740740740741	-112.962962962963
			130.37037037037	-112.962962962963
			130	-113.333333333333
			130	-113.703703703704
			129.62962962963	-113.703703703704
			129.259259259259	-114.074074074074
			129.259259259259	-114.444444444444
			128.888888888889	-114.814814814815
			128.518518518519	-115.185185185185
			128.148148148148	-115.555555555556
			127.777777777778	-115.925925925926
			127.407407407407	-116.296296296296
			127.037037037037	-116.666666666667
			127.037037037037	-117.037037037037
			127.037037037037	-117.407407407407
			127.037037037037	-117.777777777778
			126.666666666667	-118.148148148148
			126.666666666667	-118.518518518519
			126.666666666667	-118.888888888889
			126.666666666667	-119.259259259259
			126.666666666667	-119.62962962963
		</Left_Side>
		<Left_Wing type=matrix rownames=FALSE colnames=FALSE nrow=43 ncol=2 as.numeric=TRUE >
			126.666666666667	-119.62962962963
			127.037037037037	-119.62962962963
			127.407407407407	-119.62962962963
			127.777777777778	-119.62962962963
			128.148148148148	-119.62962962963
			128.518518518519	-119.62962962963
			128.888888888889	-119.62962962963
			129.259259259259	-119.62962962963
			129.62962962963	-119.259259259259
			130	-119.259259259259
			130.37037037037	-119.259259259259
			130.740740740741	-119.259259259259
			131.111111111111	-119.259259259259
			131.481481481481	-119.259259259259
			131.481481481481	-119.62962962963
			131.851851851852	-119.62962962963
			131.851851851852	-120
			132.222222222222	-120.37037037037
			132.222222222222	-120.740740740741
			132.222222222222	-121.111111111111
			132.222222222222	-121.481481481481
			132.222222222222	-121.851851851852
			132.222222222222	-122.222222222222
			132.222222222222	-122.592592592593
			132.222222222222	-122.962962962963
			132.222222222222	-123.333333333333
			132.222222222222	-123.703703703704
			132.592592592593	-124.074074074074
			132.592592592593	-124.444444444444
			132.962962962963	-124.814814814815
			132.962962962963	-125.185185185185
			132.962962962963	-125.555555555556
			133.333333333333	-125.925925925926
			133.333333333333	-126.296296296296
			133.703703703704	-126.666666666667
			133.703703703704	-127.037037037037
			134.074074074074	-127.407407407407
			134.074074074074	-127.777777777778
			134.074074074074	-128.148148148148
			134.444444444444	-128.148148148148
			134.444444444444	-128.518518518519
			134.814814814815	-128.518518518519
			134.814814814815	-128.888888888889
		</Left_Wing>
		<Right_Wing type=matrix rownames=FALSE colnames=FALSE nrow=39 ncol=2 as.numeric=TRUE >
			134.814814814815	-128.888888888889
			135.185185185185	-128.518518518519
			135.555555555556	-128.148148148148
			135.925925925926	-128.148148148148
			136.296296296296	-127.777777777778
			136.666666666667	-127.407407407407
			137.037037037037	-127.407407407407
			137.407407407407	-127.037037037037
			137.777777777778	-127.037037037037
			138.148148148148	-126.666666666667
			138.148148148148	-126.296296296296
			138.148148148148	-125.925925925926
			138.518518518519	-125.555555555556
			138.518518518519	-125.185185185185
			138.518518518519	-124.814814814815
			138.518518518519	-124.444444444444
			138.518518518519	-124.074074074074
			138.518518518519	-123.703703703704
			138.888888888889	-123.333333333333
			138.888888888889	-122.962962962963
			138.888888888889	-122.592592592593
			138.888888888889	-122.222222222222
			138.888888888889	-121.851851851852
			138.888888888889	-121.481481481481
			138.888888888889	-121.111111111111
			138.888888888889	-120.740740740741
			139.259259259259	-120.37037037037
			139.259259259259	-120
			139.62962962963	-120
			140	-120.37037037037
			140.37037037037	-120.740740740741
			140.740740740741	-121.111111111111
			141.111111111111	-121.481481481481
			141.481481481481	-121.851851851852
			141.851851851852	-122.222222222222
			142.222222222222	-122.592592592593
			142.592592592593	-122.962962962963
			142.962962962963	-123.333333333333
			143.333333333333	-123.703703703704
		</Right_Wing>
		<Right_Side type=matrix rownames=FALSE colnames=FALSE nrow=65 ncol=2 as.numeric=TRUE >
			143.333333333333	-123.703703703704
			143.703703703704	-123.333333333333
			143.703703703704	-122.962962962963
			143.703703703704	-122.592592592593
			143.703703703704	-122.222222222222
			143.703703703704	-121.851851851852
			143.703703703704	-121.481481481481
			143.703703703704	-121.111111111111
			143.703703703704	-120.740740740741
			143.703703703704	-120.37037037037
			143.333333333333	-120
			143.333333333333	-119.62962962963
			143.333333333333	-119.259259259259
			142.962962962963	-118.888888888889
			142.962962962963	-118.518518518519
			142.592592592593	-118.148148148148
			142.592592592593	-117.777777777778
			142.592592592593	-117.407407407407
			142.222222222222	-117.037037037037
			142.222222222222	-116.666666666667
			141.851851851852	-116.296296296296
			141.851851851852	-115.925925925926
			141.851851851852	-115.555555555556
			141.481481481481	-115.185185185185
			141.481481481481	-114.814814814815
			141.111111111111	-114.444444444444
			141.111111111111	-114.074074074074
			141.111111111111	-113.703703703704
			140.740740740741	-113.333333333333
			140.740740740741	-112.962962962963
			140.37037037037	-112.592592592593
			140	-112.222222222222
			140	-111.851851851852
			140	-111.481481481481
			139.62962962963	-111.111111111111
			139.62962962963	-110.740740740741
			139.259259259259	-110.37037037037
			139.259259259259	-110
			138.888888888889	-109.62962962963
			138.888888888889	-109.259259259259
			138.888888888889	-108.888888888889
			138.518518518519	-108.518518518519
			138.518518518519	-108.148148148148
			138.518518518519	-107.777777777778
			138.148148148148	-107.407407407407
			138.148148148148	-107.037037037037
			138.148148148148	-106.666666666667
			137.777777777778	-106.666666666667
			137.777777777778	-106.296296296296
			137.777777777778	-105.925925925926
			137.407407407407	-105.555555555556
			137.407407407407	-105.185185185185
			137.407407407407	-104.814814814815
			137.037037037037	-104.444444444444
			137.037037037037	-104.074074074074
			137.037037037037	-103.703703703704
			137.037037037037	-103.333333333333
			137.037037037037	-102.962962962963
			136.666666666667	-102.592592592593
			136.666666666667	-102.222222222222
			136.666666666667	-101.851851851852
			136.666666666667	-101.481481481481
			136.296296296296	-101.481481481481
			136.296296296296	-101.111111111111
			135.925925925926	-101.111111111111
		</Right_Side>
	</curves.scaled>
	<ruler.points type=matrix rownames=TRUE colnames=FALSE nrow=6 ncol=2 as.numeric=TRUE >
		Ruler point 1	198	533
		Ruler point 2	225	533
		Ruler point 3	251	533
		Ruler point 4	279	533
		Ruler point 5	306	533
		Ruler point 6	334	533
	</ruler.points>
</shapes>

