<shapes type=list>
	<ruler.pixel type=vector names=FALSE length=1 as.numeric=TRUE >19.4171899547218</ruler.pixel>
	<ruler.interval type=vector names=FALSE length=1 as.numeric=TRUE >10</ruler.interval>
	<scaling.units type=vector names=FALSE length=1 as.numeric=FALSE >mm</scaling.units>
	<scaling type=vector names=FALSE length=1 as.numeric=TRUE >0.515007579537441</scaling>
	<landmarks.pixel type=matrix rownames=TRUE colnames=FALSE nrow=4 ncol=2 as.numeric=TRUE >
		Point_Tip	264	471
		Left_Tang_Center	245	510
		Base_Center	261	515
		Right_Tang_Center	279	509
	</landmarks.pixel>
	<landmarks.scaled type=matrix rownames=TRUE colnames=FALSE nrow=4 ncol=2 as.numeric=TRUE >
		Point_Tip	135.962000997885	-242.568569962135
		Left_Tang_Center	126.176856986673	-262.653865564095
		Base_Center	134.416978259272	-265.228903461782
		Right_Tang_Center	143.687114690946	-262.138857984558
	</landmarks.scaled>
	<curves.control type=list>
		<Left_Side type=matrix rownames=FALSE colnames=FALSE nrow=5 ncol=2 as.numeric=TRUE >
			264	471
			261	476
			258	484
			250	495
			245	510
		</Left_Side>
		<Left_Wing type=matrix rownames=FALSE colnames=FALSE nrow=7 ncol=2 as.numeric=TRUE >
			245	510
			252	510
			259	510
			259	512
			259	514
			260	515
			261	515
		</Left_Wing>
		<Right_Wing type=matrix rownames=FALSE colnames=FALSE nrow=9 ncol=2 as.numeric=TRUE >
			261	515
			263	515
			264	515
			264	509
			266	509
			271	506
			273	507
			276	509
			279	509
		</Right_Wing>
		<Right_Side type=matrix rownames=FALSE colnames=FALSE nrow=5 ncol=2 as.numeric=TRUE >
			279	509
			279	505
			275	499
			272	494
			264	471
		</Right_Side>
	</curves.control>
	<curves.pixel type=list>
		<Left_Side type=matrix rownames=FALSE colnames=FALSE nrow=40 ncol=2 as.numeric=TRUE >
			264	471
			263	472
			263	473
			262	474
			262	475
			261	476
			261	477
			260	478
			260	479
			260	480
			259	481
			259	482
			258	483
			258	484
			257	485
			257	486
			256	487
			255	488
			255	489
			254	490
			254	491
			253	492
			252	493
			252	494
			251	495
			251	496
			250	497
			250	498
			249	499
			249	500
			248	501
			248	502
			247	503
			247	504
			247	505
			246	506
			246	507
			246	508
			245	509
			245	510
		</Left_Side>
		<Left_Wing type=matrix rownames=FALSE colnames=FALSE nrow=21 ncol=2 as.numeric=TRUE >
			245	510
			246	510
			247	510
			248	510
			249	510
			250	510
			251	510
			252	510
			253	510
			254	510
			255	510
			256	510
			257	510
			258	510
			259	510
			259	511
			259	512
			259	513
			259	514
			260	515
			261	515
		</Left_Wing>
		<Right_Wing type=matrix rownames=FALSE colnames=FALSE nrow=25 ncol=2 as.numeric=TRUE >
			261	515
			262	515
			263	515
			264	515
			264	514
			264	513
			264	512
			264	511
			265	510
			265	509
			266	509
			267	508
			268	508
			269	508
			269	507
			270	507
			271	507
			272	507
			273	507
			274	508
			275	508
			276	508
			277	509
			278	509
			279	509
		</Right_Wing>
		<Right_Side type=matrix rownames=FALSE colnames=FALSE nrow=42 ncol=2 as.numeric=TRUE >
			279	509
			279	508
			279	507
			279	506
			278	506
			278	505
			278	504
			277	503
			277	502
			276	501
			276	500
			275	500
			275	499
			275	498
			274	497
			274	496
			273	495
			273	494
			272	493
			272	492
			271	491
			271	490
			270	489
			270	488
			270	487
			269	486
			269	485
			269	484
			268	483
			268	482
			267	481
			267	480
			267	479
			266	478
			266	477
			266	476
			266	475
			265	475
			265	474
			265	473
			264	472
			264	471
		</Right_Side>
	</curves.pixel>
	<curves.scaled type=list>
		<Left_Side type=matrix rownames=FALSE colnames=FALSE nrow=40 ncol=2 as.numeric=TRUE >
			135.962000997885	-242.568569962135
			135.446993418347	-243.083577541672
			135.446993418347	-243.59858512121
			134.93198583881	-244.113592700747
			134.93198583881	-244.628600280285
			134.416978259272	-245.143607859822
			134.416978259272	-245.65861543936
			133.901970679735	-246.173623018897
			133.901970679735	-246.688630598434
			133.901970679735	-247.203638177972
			133.386963100197	-247.718645757509
			133.386963100197	-248.233653337047
			132.87195552066	-248.748660916584
			132.87195552066	-249.263668496122
			132.356947941122	-249.778676075659
			132.356947941122	-250.293683655197
			131.841940361585	-250.808691234734
			131.326932782048	-251.323698814271
			131.326932782048	-251.838706393809
			130.81192520251	-252.353713973346
			130.81192520251	-252.868721552884
			130.296917622973	-253.383729132421
			129.781910043435	-253.898736711959
			129.781910043435	-254.413744291496
			129.266902463898	-254.928751871034
			129.266902463898	-255.443759450571
			128.75189488436	-255.958767030108
			128.75189488436	-256.473774609646
			128.236887304823	-256.988782189183
			128.236887304823	-257.503789768721
			127.721879725285	-258.018797348258
			127.721879725285	-258.533804927796
			127.206872145748	-259.048812507333
			127.206872145748	-259.563820086871
			127.206872145748	-260.078827666408
			126.691864566211	-260.593835245945
			126.691864566211	-261.108842825483
			126.691864566211	-261.62385040502
			126.176856986673	-262.138857984558
			126.176856986673	-262.653865564095
		</Left_Side>
		<Left_Wing type=matrix rownames=FALSE colnames=FALSE nrow=21 ncol=2 as.numeric=TRUE >
			126.176856986673	-262.653865564095
			126.691864566211	-262.653865564095
			127.206872145748	-262.653865564095
			127.721879725285	-262.653865564095
			128.236887304823	-262.653865564095
			128.75189488436	-262.653865564095
			129.266902463898	-262.653865564095
			129.781910043435	-262.653865564095
			130.296917622973	-262.653865564095
			130.81192520251	-262.653865564095
			131.326932782048	-262.653865564095
			131.841940361585	-262.653865564095
			132.356947941122	-262.653865564095
			132.87195552066	-262.653865564095
			133.386963100197	-262.653865564095
			133.386963100197	-263.168873143633
			133.386963100197	-263.68388072317
			133.386963100197	-264.198888302707
			133.386963100197	-264.713895882245
			133.901970679735	-265.228903461782
			134.416978259272	-265.228903461782
		</Left_Wing>
		<Right_Wing type=matrix rownames=FALSE colnames=FALSE nrow=25 ncol=2 as.numeric=TRUE >
			134.416978259272	-265.228903461782
			134.93198583881	-265.228903461782
			135.446993418347	-265.228903461782
			135.962000997885	-265.228903461782
			135.962000997885	-264.713895882245
			135.962000997885	-264.198888302707
			135.962000997885	-263.68388072317
			135.962000997885	-263.168873143633
			136.477008577422	-262.653865564095
			136.477008577422	-262.138857984558
			136.992016156959	-262.138857984558
			137.507023736497	-261.62385040502
			138.022031316034	-261.62385040502
			138.537038895572	-261.62385040502
			138.537038895572	-261.108842825483
			139.052046475109	-261.108842825483
			139.567054054647	-261.108842825483
			140.082061634184	-261.108842825483
			140.597069213722	-261.108842825483
			141.112076793259	-261.62385040502
			141.627084372796	-261.62385040502
			142.142091952334	-261.62385040502
			142.657099531871	-262.138857984558
			143.172107111409	-262.138857984558
			143.687114690946	-262.138857984558
		</Right_Wing>
		<Right_Side type=matrix rownames=FALSE colnames=FALSE nrow=42 ncol=2 as.numeric=TRUE >
			143.687114690946	-262.138857984558
			143.687114690946	-261.62385040502
			143.687114690946	-261.108842825483
			143.687114690946	-260.593835245945
			143.172107111409	-260.593835245945
			143.172107111409	-260.078827666408
			143.172107111409	-259.563820086871
			142.657099531871	-259.048812507333
			142.657099531871	-258.533804927796
			142.142091952334	-258.018797348258
			142.142091952334	-257.503789768721
			141.627084372796	-257.503789768721
			141.627084372796	-256.988782189183
			141.627084372796	-256.473774609646
			141.112076793259	-255.958767030108
			141.112076793259	-255.443759450571
			140.597069213722	-254.928751871034
			140.597069213722	-254.413744291496
			140.082061634184	-253.898736711959
			140.082061634184	-253.383729132421
			139.567054054647	-252.868721552884
			139.567054054647	-252.353713973346
			139.052046475109	-251.838706393809
			139.052046475109	-251.323698814271
			139.052046475109	-250.808691234734
			138.537038895572	-250.293683655197
			138.537038895572	-249.778676075659
			138.537038895572	-249.263668496122
			138.022031316034	-248.748660916584
			138.022031316034	-248.233653337047
			137.507023736497	-247.718645757509
			137.507023736497	-247.203638177972
			137.507023736497	-246.688630598434
			136.992016156959	-246.173623018897
			136.992016156959	-245.65861543936
			136.992016156959	-245.143607859822
			136.992016156959	-244.628600280285
			136.477008577422	-244.628600280285
			136.477008577422	-244.113592700747
			136.477008577422	-243.59858512121
			135.962000997885	-243.083577541672
			135.962000997885	-242.568569962135
		</Right_Side>
	</curves.scaled>
	<ruler.points type=matrix rownames=TRUE colnames=FALSE nrow=6 ncol=2 as.numeric=TRUE >
		Ruler point 1	205	579
		Ruler point 2	224	579
		Ruler point 3	243	579
		Ruler point 4	263	579
		Ruler point 5	282	579
		Ruler point 6	302	579
	</ruler.points>
</shapes>

