<shapes type=list>
	<ruler.interval type=vector names=FALSE length=1 as.numeric=TRUE >10</ruler.interval>
	<scaling.units type=vector names=FALSE length=1 as.numeric=FALSE >mm</scaling.units>
	<scaling type=vector names=FALSE length=1 as.numeric=TRUE >0.333250869956535</scaling>
	<landmarks.pixel type=matrix rownames=TRUE colnames=FALSE nrow=4 ncol=2 as.numeric=TRUE >
		Point_Tip	520	279
		Left_Tang_Center	495	311
		Base_Center	510	338
		Right_Tang_Center	539	314
	</landmarks.pixel>
	<landmarks.scaled type=matrix rownames=TRUE colnames=FALSE nrow=4 ncol=2 as.numeric=TRUE >
		Point_Tip	173.290452377398	-92.9769927178733
		Left_Tang_Center	164.959180628485	-103.641020556482
		Base_Center	169.957943677833	-112.638794045309
		Right_Tang_Center	179.622218906572	-104.640773166352
	</landmarks.scaled>
	<curves.control type=list>
		<Left_Side type=matrix rownames=FALSE colnames=FALSE nrow=7 ncol=2 as.numeric=TRUE >
			520	279
			517	279
			516	281
			510	297
			502	305
			499	309
			495	311
		</Left_Side>
		<Left_Wing type=matrix rownames=FALSE colnames=FALSE nrow=7 ncol=2 as.numeric=TRUE >
			495	311
			502	316
			506	319
			508	325
			508	331
			507	335
			510	338
		</Left_Wing>
		<Right_Wing type=matrix rownames=FALSE colnames=FALSE nrow=9 ncol=2 as.numeric=TRUE >
			510	338
			515	337
			517	332
			518	328
			521	325
			528	322
			534	319
			540	317
			539	314
		</Right_Wing>
		<Right_Side type=matrix rownames=FALSE colnames=FALSE nrow=9 ncol=2 as.numeric=TRUE >
			539	314
			538	310
			535	309
			527	303
			528	289
			524	285
			523	282
			522	280
			520	279
		</Right_Side>
	</curves.control>
	<curves.pixel type=list>
		<Left_Side type=matrix rownames=FALSE colnames=FALSE nrow=40 ncol=2 as.numeric=TRUE >
			520	279
			519	279
			518	279
			517	280
			516	280
			516	281
			516	282
			515	283
			515	284
			514	285
			514	286
			513	287
			513	288
			512	289
			512	290
			511	291
			511	292
			510	293
			510	294
			509	295
			509	296
			508	297
			508	298
			507	298
			507	299
			506	300
			506	301
			505	301
			505	302
			504	303
			503	303
			503	304
			502	305
			501	306
			500	307
			499	308
			498	309
			497	310
			496	310
			495	311
		</Left_Side>
		<Left_Wing type=matrix rownames=FALSE colnames=FALSE nrow=31 ncol=2 as.numeric=TRUE >
			495	311
			496	312
			497	313
			498	313
			499	314
			500	315
			501	316
			502	316
			503	317
			504	318
			505	318
			506	319
			506	320
			507	321
			507	322
			507	323
			507	324
			507	325
			508	326
			508	327
			508	328
			508	329
			508	330
			508	331
			508	332
			508	333
			508	334
			508	335
			508	336
			509	337
			510	338
		</Left_Wing>
		<Right_Wing type=matrix rownames=FALSE colnames=FALSE nrow=40 ncol=2 as.numeric=TRUE >
			510	338
			511	338
			512	337
			513	337
			514	337
			514	336
			515	335
			516	335
			516	334
			517	333
			517	332
			517	331
			517	330
			518	330
			518	329
			519	328
			519	327
			520	326
			521	325
			522	324
			523	324
			524	324
			525	323
			526	323
			527	322
			528	322
			529	321
			530	321
			531	321
			532	320
			533	320
			533	319
			534	319
			535	319
			536	318
			537	318
			538	317
			539	316
			539	315
			539	314
		</Right_Wing>
		<Right_Side type=matrix rownames=FALSE colnames=FALSE nrow=39 ncol=2 as.numeric=TRUE >
			539	314
			539	313
			538	312
			538	311
			537	310
			536	309
			535	309
			534	308
			533	307
			532	306
			531	305
			530	304
			530	303
			530	302
			529	301
			529	300
			529	299
			528	298
			528	297
			528	296
			528	295
			528	294
			528	293
			528	292
			528	291
			528	290
			528	289
			527	288
			526	287
			525	286
			524	285
			524	284
			523	283
			523	282
			523	281
			522	281
			522	280
			521	279
			520	279
		</Right_Side>
	</curves.pixel>
	<curves.scaled type=list>
		<Left_Side type=matrix rownames=FALSE colnames=FALSE nrow=40 ncol=2 as.numeric=TRUE >
			173.290452377398	-92.9769927178733
			172.957201507442	-92.9769927178733
			172.623950637485	-92.9769927178733
			172.290699767529	-93.3102435878298
			171.957448897572	-93.3102435878298
			171.957448897572	-93.6434944577864
			171.957448897572	-93.9767453277429
			171.624198027616	-94.3099961976994
			171.624198027616	-94.643247067656
			171.290947157659	-94.9764979376125
			171.290947157659	-95.3097488075691
			170.957696287703	-95.6429996775256
			170.957696287703	-95.9762505474821
			170.624445417746	-96.3095014174387
			170.624445417746	-96.6427522873952
			170.291194547789	-96.9760031573517
			170.291194547789	-97.3092540273083
			169.957943677833	-97.6425048972648
			169.957943677833	-97.9757557672213
			169.624692807876	-98.3090066371779
			169.624692807876	-98.6422575071344
			169.29144193792	-98.9755083770909
			169.29144193792	-99.3087592470475
			168.958191067963	-99.3087592470475
			168.958191067963	-99.642010117004
			168.624940198007	-99.9752609869605
			168.624940198007	-100.308511856917
			168.29168932805	-100.308511856917
			168.29168932805	-100.641762726874
			167.958438458094	-100.97501359683
			167.625187588137	-100.97501359683
			167.625187588137	-101.308264466787
			167.291936718181	-101.641515336743
			166.958685848224	-101.9747662067
			166.625434978268	-102.308017076656
			166.292184108311	-102.641267946613
			165.958933238354	-102.974518816569
			165.625682368398	-103.307769686526
			165.292431498441	-103.307769686526
			164.959180628485	-103.641020556482
		</Left_Side>
		<Left_Wing type=matrix rownames=FALSE colnames=FALSE nrow=31 ncol=2 as.numeric=TRUE >
			164.959180628485	-103.641020556482
			165.292431498441	-103.974271426439
			165.625682368398	-104.307522296395
			165.958933238354	-104.307522296395
			166.292184108311	-104.640773166352
			166.625434978268	-104.974024036309
			166.958685848224	-105.307274906265
			167.291936718181	-105.307274906265
			167.625187588137	-105.640525776222
			167.958438458094	-105.973776646178
			168.29168932805	-105.973776646178
			168.624940198007	-106.307027516135
			168.624940198007	-106.640278386091
			168.958191067963	-106.973529256048
			168.958191067963	-107.306780126004
			168.958191067963	-107.640030995961
			168.958191067963	-107.973281865917
			168.958191067963	-108.306532735874
			169.29144193792	-108.63978360583
			169.29144193792	-108.973034475787
			169.29144193792	-109.306285345744
			169.29144193792	-109.6395362157
			169.29144193792	-109.972787085657
			169.29144193792	-110.306037955613
			169.29144193792	-110.63928882557
			169.29144193792	-110.972539695526
			169.29144193792	-111.305790565483
			169.29144193792	-111.639041435439
			169.29144193792	-111.972292305396
			169.624692807876	-112.305543175352
			169.957943677833	-112.638794045309
		</Left_Wing>
		<Right_Wing type=matrix rownames=FALSE colnames=FALSE nrow=40 ncol=2 as.numeric=TRUE >
			169.957943677833	-112.638794045309
			170.291194547789	-112.638794045309
			170.624445417746	-112.305543175352
			170.957696287703	-112.305543175352
			171.290947157659	-112.305543175352
			171.290947157659	-111.972292305396
			171.624198027616	-111.639041435439
			171.957448897572	-111.639041435439
			171.957448897572	-111.305790565483
			172.290699767529	-110.972539695526
			172.290699767529	-110.63928882557
			172.290699767529	-110.306037955613
			172.290699767529	-109.972787085657
			172.623950637485	-109.972787085657
			172.623950637485	-109.6395362157
			172.957201507442	-109.306285345744
			172.957201507442	-108.973034475787
			173.290452377398	-108.63978360583
			173.623703247355	-108.306532735874
			173.956954117311	-107.973281865917
			174.290204987268	-107.973281865917
			174.623455857224	-107.973281865917
			174.956706727181	-107.640030995961
			175.289957597137	-107.640030995961
			175.623208467094	-107.306780126004
			175.956459337051	-107.306780126004
			176.289710207007	-106.973529256048
			176.622961076964	-106.973529256048
			176.95621194692	-106.973529256048
			177.289462816877	-106.640278386091
			177.622713686833	-106.640278386091
			177.622713686833	-106.307027516135
			177.95596455679	-106.307027516135
			178.289215426746	-106.307027516135
			178.622466296703	-105.973776646178
			178.955717166659	-105.973776646178
			179.288968036616	-105.640525776222
			179.622218906572	-105.307274906265
			179.622218906572	-104.974024036309
			179.622218906572	-104.640773166352
		</Right_Wing>
		<Right_Side type=matrix rownames=FALSE colnames=FALSE nrow=39 ncol=2 as.numeric=TRUE >
			179.622218906572	-104.640773166352
			179.622218906572	-104.307522296395
			179.288968036616	-103.974271426439
			179.288968036616	-103.641020556482
			178.955717166659	-103.307769686526
			178.622466296703	-102.974518816569
			178.289215426746	-102.974518816569
			177.95596455679	-102.641267946613
			177.622713686833	-102.308017076656
			177.289462816877	-101.9747662067
			176.95621194692	-101.641515336743
			176.622961076964	-101.308264466787
			176.622961076964	-100.97501359683
			176.622961076964	-100.641762726874
			176.289710207007	-100.308511856917
			176.289710207007	-99.9752609869605
			176.289710207007	-99.642010117004
			175.956459337051	-99.3087592470475
			175.956459337051	-98.9755083770909
			175.956459337051	-98.6422575071344
			175.956459337051	-98.3090066371779
			175.956459337051	-97.9757557672213
			175.956459337051	-97.6425048972648
			175.956459337051	-97.3092540273083
			175.956459337051	-96.9760031573517
			175.956459337051	-96.6427522873952
			175.956459337051	-96.3095014174387
			175.623208467094	-95.9762505474821
			175.289957597137	-95.6429996775256
			174.956706727181	-95.3097488075691
			174.623455857224	-94.9764979376125
			174.623455857224	-94.643247067656
			174.290204987268	-94.3099961976994
			174.290204987268	-93.9767453277429
			174.290204987268	-93.6434944577864
			173.956954117311	-93.6434944577864
			173.956954117311	-93.3102435878298
			173.623703247355	-92.9769927178733
			173.290452377398	-92.9769927178733
		</Right_Side>
	</curves.scaled>
	<ruler.points type=matrix rownames=TRUE colnames=FALSE nrow=6 ncol=2 as.numeric=TRUE >
		Ruler point 1	281	535
		Ruler point 2	311	535
		Ruler point 3	341	534
		Ruler point 4	372	534
		Ruler point 5	399	532
		Ruler point 6	432	532
	</ruler.points>
</shapes>

