<shapes type=list>
	<ruler.pixel type=vector names=FALSE length=1 as.numeric=TRUE >32.8270926895219</ruler.pixel>
	<ruler.interval type=vector names=FALSE length=1 as.numeric=TRUE >10</ruler.interval>
	<scaling.units type=vector names=FALSE length=1 as.numeric=FALSE >mm</scaling.units>
	<scaling type=vector names=FALSE length=1 as.numeric=TRUE >0.304626428376702</scaling>
	<landmarks.pixel type=matrix rownames=TRUE colnames=FALSE nrow=4 ncol=2 as.numeric=TRUE >
		Point_Tip	231	147
		Left_Tang_Center	208	264
		Base_Center	227	282
		Right_Tang_Center	249	263
	</landmarks.pixel>
	<landmarks.scaled type=matrix rownames=TRUE colnames=FALSE nrow=4 ncol=2 as.numeric=TRUE >
		Point_Tip	70.3687049550181	-44.7800849713752
		Left_Tang_Center	63.362297102354	-80.4213770914493
		Base_Center	69.1501992415113	-85.9046528022299
		Right_Tang_Center	75.8519806657988	-80.1167506630726
	</landmarks.scaled>
	<curves.control type=list>
		<Left_Side type=matrix rownames=FALSE colnames=FALSE nrow=13 ncol=2 as.numeric=TRUE >
			231	147
			228	147
			222	175
			218	194
			215	207
			216	211
			213	216
			212	226
			209	244
			207	251
			206	254
			206	259
			208	264
		</Left_Side>
		<Left_Wing type=matrix rownames=FALSE colnames=FALSE nrow=9 ncol=2 as.numeric=TRUE >
			208	264
			211	261
			216	259
			220	260
			219	264
			220	274
			222	278
			224	280
			227	282
		</Left_Wing>
		<Right_Wing type=matrix rownames=FALSE colnames=FALSE nrow=9 ncol=2 as.numeric=TRUE >
			227	282
			229	281
			232	280
			233	277
			233	271
			237	264
			240	263
			244	263
			249	263
		</Right_Wing>
		<Right_Side type=matrix rownames=FALSE colnames=FALSE nrow=9 ncol=2 as.numeric=TRUE >
			249	263
			249	257
			245	217
			242	191
			240	173
			237	160
			234	152
			233	148
			231	147
		</Right_Side>
	</curves.control>
	<curves.pixel type=list>
		<Left_Side type=matrix rownames=FALSE colnames=FALSE nrow=122 ncol=2 as.numeric=TRUE >
			231	147
			230	147
			230	148
			229	149
			229	150
			228	151
			228	152
			227	153
			227	154
			227	155
			227	156
			226	157
			226	158
			226	159
			225	160
			225	161
			225	162
			225	163
			224	164
			224	165
			224	166
			224	167
			224	168
			223	169
			223	170
			223	171
			223	172
			222	173
			222	174
			222	175
			222	176
			222	177
			221	178
			221	179
			221	180
			221	181
			220	182
			220	183
			220	184
			220	185
			220	186
			219	187
			219	188
			219	189
			219	190
			219	191
			218	192
			218	193
			218	194
			218	195
			218	196
			217	196
			217	197
			217	198
			217	199
			217	200
			216	200
			216	201
			216	202
			216	203
			216	204
			215	205
			215	206
			215	207
			215	208
			215	209
			215	210
			215	211
			215	212
			214	213
			214	214
			213	215
			213	216
			213	217
			213	218
			213	219
			213	220
			212	221
			212	222
			212	223
			212	224
			212	225
			212	226
			212	227
			211	228
			211	229
			211	230
			211	231
			211	232
			211	233
			211	234
			210	235
			210	236
			210	237
			210	238
			210	239
			210	240
			209	241
			209	242
			209	243
			209	244
			209	245
			208	246
			208	247
			208	248
			208	249
			207	249
			207	250
			207	251
			207	252
			206	253
			206	254
			206	255
			206	256
			206	257
			206	258
			207	259
			207	260
			207	261
			207	262
			208	263
			208	264
		</Left_Side>
		<Left_Wing type=matrix rownames=FALSE colnames=FALSE nrow=35 ncol=2 as.numeric=TRUE >
			208	264
			209	263
			210	262
			211	261
			212	261
			213	260
			214	260
			215	259
			216	259
			217	259
			218	260
			219	261
			219	262
			219	263
			219	264
			219	265
			219	266
			219	267
			219	268
			220	268
			220	269
			220	270
			220	271
			220	272
			220	273
			221	274
			221	275
			221	276
			222	277
			222	278
			223	279
			224	280
			225	281
			226	281
			227	282
		</Left_Wing>
		<Right_Wing type=matrix rownames=FALSE colnames=FALSE nrow=33 ncol=2 as.numeric=TRUE >
			227	282
			228	282
			229	281
			230	281
			231	280
			232	280
			232	279
			232	278
			233	277
			233	276
			233	275
			233	274
			233	273
			233	272
			233	271
			234	270
			234	269
			235	268
			236	267
			236	266
			237	265
			238	264
			239	263
			240	263
			241	263
			242	263
			243	263
			244	263
			245	263
			246	263
			247	263
			248	263
			249	263
		</Right_Wing>
		<Right_Side type=matrix rownames=FALSE colnames=FALSE nrow=119 ncol=2 as.numeric=TRUE >
			249	263
			249	262
			249	261
			249	260
			249	259
			249	258
			249	257
			249	256
			249	255
			248	254
			248	253
			248	252
			248	251
			248	250
			248	249
			248	248
			248	247
			248	246
			248	245
			248	244
			247	243
			247	242
			247	241
			247	240
			247	239
			247	238
			247	237
			247	236
			247	235
			247	234
			247	233
			246	232
			246	231
			246	230
			246	229
			246	228
			246	227
			246	226
			246	225
			246	224
			246	223
			245	222
			245	221
			245	220
			245	219
			245	218
			245	217
			245	216
			245	215
			245	214
			245	213
			244	212
			244	211
			244	210
			244	209
			244	208
			244	207
			244	206
			244	205
			243	204
			243	203
			243	202
			243	201
			243	200
			243	199
			243	198
			243	197
			243	196
			242	195
			242	194
			242	193
			242	192
			242	191
			242	190
			242	189
			242	188
			242	187
			241	186
			241	185
			241	184
			241	183
			241	182
			241	181
			241	180
			241	179
			241	178
			240	177
			240	176
			240	175
			240	174
			240	173
			240	172
			240	171
			239	171
			239	170
			239	169
			239	168
			238	167
			238	166
			238	165
			238	164
			237	163
			237	162
			237	161
			237	160
			236	159
			236	158
			236	157
			235	156
			235	155
			235	154
			234	153
			234	152
			234	151
			233	150
			233	149
			232	148
			232	147
			231	147
		</Right_Side>
	</curves.pixel>
	<curves.scaled type=list>
		<Left_Side type=matrix rownames=FALSE colnames=FALSE nrow=122 ncol=2 as.numeric=TRUE >
			70.3687049550181	-44.7800849713752
			70.0640785266415	-44.7800849713752
			70.0640785266415	-45.0847113997519
			69.7594520982647	-45.3893378281286
			69.7594520982647	-45.6939642565053
			69.454825669888	-45.998590684882
			69.454825669888	-46.3032171132587
			69.1501992415113	-46.6078435416354
			69.1501992415113	-46.9124699700121
			69.1501992415113	-47.2170963983888
			69.1501992415113	-47.5217228267655
			68.8455728131346	-47.8263492551422
			68.8455728131346	-48.1309756835189
			68.8455728131346	-48.4356021118956
			68.5409463847579	-48.7402285402723
			68.5409463847579	-49.044854968649
			68.5409463847579	-49.3494813970257
			68.5409463847579	-49.6541078254024
			68.2363199563812	-49.9587342537791
			68.2363199563812	-50.2633606821558
			68.2363199563812	-50.5679871105325
			68.2363199563812	-50.8726135389092
			68.2363199563812	-51.1772399672859
			67.9316935280045	-51.4818663956626
			67.9316935280045	-51.7864928240393
			67.9316935280045	-52.091119252416
			67.9316935280045	-52.3957456807927
			67.6270670996278	-52.7003721091694
			67.6270670996278	-53.0049985375461
			67.6270670996278	-53.3096249659228
			67.6270670996278	-53.6142513942995
			67.6270670996278	-53.9188778226762
			67.3224406712511	-54.2235042510529
			67.3224406712511	-54.5281306794297
			67.3224406712511	-54.8327571078064
			67.3224406712511	-55.1373835361831
			67.0178142428744	-55.4420099645598
			67.0178142428744	-55.7466363929365
			67.0178142428744	-56.0512628213132
			67.0178142428744	-56.3558892496899
			67.0178142428744	-56.6605156780666
			66.7131878144977	-56.9651421064433
			66.7131878144977	-57.26976853482
			66.7131878144977	-57.5743949631967
			66.7131878144977	-57.8790213915734
			66.7131878144977	-58.1836478199501
			66.408561386121	-58.4882742483268
			66.408561386121	-58.7929006767035
			66.408561386121	-59.0975271050802
			66.408561386121	-59.4021535334569
			66.408561386121	-59.7067799618336
			66.1039349577443	-59.7067799618336
			66.1039349577443	-60.0114063902103
			66.1039349577443	-60.316032818587
			66.1039349577443	-60.6206592469637
			66.1039349577443	-60.9252856753404
			65.7993085293676	-60.9252856753404
			65.7993085293676	-61.2299121037171
			65.7993085293676	-61.5345385320938
			65.7993085293676	-61.8391649604705
			65.7993085293676	-62.1437913888472
			65.4946821009909	-62.4484178172239
			65.4946821009909	-62.7530442456006
			65.4946821009909	-63.0576706739773
			65.4946821009909	-63.362297102354
			65.4946821009909	-63.6669235307307
			65.4946821009909	-63.9715499591074
			65.4946821009909	-64.2761763874841
			65.4946821009909	-64.5808028158608
			65.1900556726142	-64.8854292442375
			65.1900556726142	-65.1900556726142
			64.8854292442375	-65.4946821009909
			64.8854292442375	-65.7993085293676
			64.8854292442375	-66.1039349577443
			64.8854292442375	-66.408561386121
			64.8854292442375	-66.7131878144977
			64.8854292442375	-67.0178142428744
			64.5808028158608	-67.3224406712511
			64.5808028158608	-67.6270670996278
			64.5808028158608	-67.9316935280045
			64.5808028158608	-68.2363199563812
			64.5808028158608	-68.5409463847579
			64.5808028158608	-68.8455728131346
			64.5808028158608	-69.1501992415113
			64.2761763874841	-69.454825669888
			64.2761763874841	-69.7594520982647
			64.2761763874841	-70.0640785266415
			64.2761763874841	-70.3687049550181
			64.2761763874841	-70.6733313833949
			64.2761763874841	-70.9779578117716
			64.2761763874841	-71.2825842401483
			63.9715499591074	-71.587210668525
			63.9715499591074	-71.8918370969017
			63.9715499591074	-72.1964635252784
			63.9715499591074	-72.5010899536551
			63.9715499591074	-72.8057163820318
			63.9715499591074	-73.1103428104085
			63.6669235307307	-73.4149692387852
			63.6669235307307	-73.7195956671619
			63.6669235307307	-74.0242220955386
			63.6669235307307	-74.3288485239153
			63.6669235307307	-74.633474952292
			63.362297102354	-74.9381013806687
			63.362297102354	-75.2427278090454
			63.362297102354	-75.5473542374221
			63.362297102354	-75.8519806657988
			63.0576706739773	-75.8519806657988
			63.0576706739773	-76.1566070941755
			63.0576706739773	-76.4612335225522
			63.0576706739773	-76.7658599509289
			62.7530442456006	-77.0704863793056
			62.7530442456006	-77.3751128076823
			62.7530442456006	-77.679739236059
			62.7530442456006	-77.9843656644357
			62.7530442456006	-78.2889920928124
			62.7530442456006	-78.5936185211891
			63.0576706739773	-78.8982449495658
			63.0576706739773	-79.2028713779425
			63.0576706739773	-79.5074978063192
			63.0576706739773	-79.8121242346959
			63.362297102354	-80.1167506630726
			63.362297102354	-80.4213770914493
		</Left_Side>
		<Left_Wing type=matrix rownames=FALSE colnames=FALSE nrow=35 ncol=2 as.numeric=TRUE >
			63.362297102354	-80.4213770914493
			63.6669235307307	-80.1167506630726
			63.9715499591074	-79.8121242346959
			64.2761763874841	-79.5074978063192
			64.5808028158608	-79.5074978063192
			64.8854292442375	-79.2028713779425
			65.1900556726142	-79.2028713779425
			65.4946821009909	-78.8982449495658
			65.7993085293676	-78.8982449495658
			66.1039349577443	-78.8982449495658
			66.408561386121	-79.2028713779425
			66.7131878144977	-79.5074978063192
			66.7131878144977	-79.8121242346959
			66.7131878144977	-80.1167506630726
			66.7131878144977	-80.4213770914493
			66.7131878144977	-80.726003519826
			66.7131878144977	-81.0306299482027
			66.7131878144977	-81.3352563765794
			66.7131878144977	-81.6398828049561
			67.0178142428744	-81.6398828049561
			67.0178142428744	-81.9445092333328
			67.0178142428744	-82.2491356617095
			67.0178142428744	-82.5537620900862
			67.0178142428744	-82.8583885184629
			67.0178142428744	-83.1630149468396
			67.3224406712511	-83.4676413752163
			67.3224406712511	-83.772267803593
			67.3224406712511	-84.0768942319697
			67.6270670996278	-84.3815206603464
			67.6270670996278	-84.6861470887231
			67.9316935280045	-84.9907735170998
			68.2363199563812	-85.2953999454765
			68.5409463847579	-85.6000263738533
			68.8455728131346	-85.6000263738533
			69.1501992415113	-85.9046528022299
		</Left_Wing>
		<Right_Wing type=matrix rownames=FALSE colnames=FALSE nrow=33 ncol=2 as.numeric=TRUE >
			69.1501992415113	-85.9046528022299
			69.454825669888	-85.9046528022299
			69.7594520982647	-85.6000263738533
			70.0640785266415	-85.6000263738533
			70.3687049550181	-85.2953999454765
			70.6733313833949	-85.2953999454765
			70.6733313833949	-84.9907735170998
			70.6733313833949	-84.6861470887231
			70.9779578117716	-84.3815206603464
			70.9779578117716	-84.0768942319697
			70.9779578117716	-83.772267803593
			70.9779578117716	-83.4676413752163
			70.9779578117716	-83.1630149468396
			70.9779578117716	-82.8583885184629
			70.9779578117716	-82.5537620900862
			71.2825842401483	-82.2491356617095
			71.2825842401483	-81.9445092333328
			71.587210668525	-81.6398828049561
			71.8918370969017	-81.3352563765794
			71.8918370969017	-81.0306299482027
			72.1964635252784	-80.726003519826
			72.5010899536551	-80.4213770914493
			72.8057163820318	-80.1167506630726
			73.1103428104085	-80.1167506630726
			73.4149692387852	-80.1167506630726
			73.7195956671619	-80.1167506630726
			74.0242220955386	-80.1167506630726
			74.3288485239153	-80.1167506630726
			74.633474952292	-80.1167506630726
			74.9381013806687	-80.1167506630726
			75.2427278090454	-80.1167506630726
			75.5473542374221	-80.1167506630726
			75.8519806657988	-80.1167506630726
		</Right_Wing>
		<Right_Side type=matrix rownames=FALSE colnames=FALSE nrow=119 ncol=2 as.numeric=TRUE >
			75.8519806657988	-80.1167506630726
			75.8519806657988	-79.8121242346959
			75.8519806657988	-79.5074978063192
			75.8519806657988	-79.2028713779425
			75.8519806657988	-78.8982449495658
			75.8519806657988	-78.5936185211891
			75.8519806657988	-78.2889920928124
			75.8519806657988	-77.9843656644357
			75.8519806657988	-77.679739236059
			75.5473542374221	-77.3751128076823
			75.5473542374221	-77.0704863793056
			75.5473542374221	-76.7658599509289
			75.5473542374221	-76.4612335225522
			75.5473542374221	-76.1566070941755
			75.5473542374221	-75.8519806657988
			75.5473542374221	-75.5473542374221
			75.5473542374221	-75.2427278090454
			75.5473542374221	-74.9381013806687
			75.5473542374221	-74.633474952292
			75.5473542374221	-74.3288485239153
			75.2427278090454	-74.0242220955386
			75.2427278090454	-73.7195956671619
			75.2427278090454	-73.4149692387852
			75.2427278090454	-73.1103428104085
			75.2427278090454	-72.8057163820318
			75.2427278090454	-72.5010899536551
			75.2427278090454	-72.1964635252784
			75.2427278090454	-71.8918370969017
			75.2427278090454	-71.587210668525
			75.2427278090454	-71.2825842401483
			75.2427278090454	-70.9779578117716
			74.9381013806687	-70.6733313833949
			74.9381013806687	-70.3687049550181
			74.9381013806687	-70.0640785266415
			74.9381013806687	-69.7594520982647
			74.9381013806687	-69.454825669888
			74.9381013806687	-69.1501992415113
			74.9381013806687	-68.8455728131346
			74.9381013806687	-68.5409463847579
			74.9381013806687	-68.2363199563812
			74.9381013806687	-67.9316935280045
			74.633474952292	-67.6270670996278
			74.633474952292	-67.3224406712511
			74.633474952292	-67.0178142428744
			74.633474952292	-66.7131878144977
			74.633474952292	-66.408561386121
			74.633474952292	-66.1039349577443
			74.633474952292	-65.7993085293676
			74.633474952292	-65.4946821009909
			74.633474952292	-65.1900556726142
			74.633474952292	-64.8854292442375
			74.3288485239153	-64.5808028158608
			74.3288485239153	-64.2761763874841
			74.3288485239153	-63.9715499591074
			74.3288485239153	-63.6669235307307
			74.3288485239153	-63.362297102354
			74.3288485239153	-63.0576706739773
			74.3288485239153	-62.7530442456006
			74.3288485239153	-62.4484178172239
			74.0242220955386	-62.1437913888472
			74.0242220955386	-61.8391649604705
			74.0242220955386	-61.5345385320938
			74.0242220955386	-61.2299121037171
			74.0242220955386	-60.9252856753404
			74.0242220955386	-60.6206592469637
			74.0242220955386	-60.316032818587
			74.0242220955386	-60.0114063902103
			74.0242220955386	-59.7067799618336
			73.7195956671619	-59.4021535334569
			73.7195956671619	-59.0975271050802
			73.7195956671619	-58.7929006767035
			73.7195956671619	-58.4882742483268
			73.7195956671619	-58.1836478199501
			73.7195956671619	-57.8790213915734
			73.7195956671619	-57.5743949631967
			73.7195956671619	-57.26976853482
			73.7195956671619	-56.9651421064433
			73.4149692387852	-56.6605156780666
			73.4149692387852	-56.3558892496899
			73.4149692387852	-56.0512628213132
			73.4149692387852	-55.7466363929365
			73.4149692387852	-55.4420099645598
			73.4149692387852	-55.1373835361831
			73.4149692387852	-54.8327571078064
			73.4149692387852	-54.5281306794297
			73.4149692387852	-54.2235042510529
			73.1103428104085	-53.9188778226762
			73.1103428104085	-53.6142513942995
			73.1103428104085	-53.3096249659228
			73.1103428104085	-53.0049985375461
			73.1103428104085	-52.7003721091694
			73.1103428104085	-52.3957456807927
			73.1103428104085	-52.091119252416
			72.8057163820318	-52.091119252416
			72.8057163820318	-51.7864928240393
			72.8057163820318	-51.4818663956626
			72.8057163820318	-51.1772399672859
			72.5010899536551	-50.8726135389092
			72.5010899536551	-50.5679871105325
			72.5010899536551	-50.2633606821558
			72.5010899536551	-49.9587342537791
			72.1964635252784	-49.6541078254024
			72.1964635252784	-49.3494813970257
			72.1964635252784	-49.044854968649
			72.1964635252784	-48.7402285402723
			71.8918370969017	-48.4356021118956
			71.8918370969017	-48.1309756835189
			71.8918370969017	-47.8263492551422
			71.587210668525	-47.5217228267655
			71.587210668525	-47.2170963983888
			71.587210668525	-46.9124699700121
			71.2825842401483	-46.6078435416354
			71.2825842401483	-46.3032171132587
			71.2825842401483	-45.998590684882
			70.9779578117716	-45.6939642565053
			70.9779578117716	-45.3893378281286
			70.6733313833949	-45.0847113997519
			70.6733313833949	-44.7800849713752
			70.3687049550181	-44.7800849713752
		</Right_Side>
	</curves.scaled>
	<ruler.points type=matrix rownames=TRUE colnames=FALSE nrow=6 ncol=2 as.numeric=TRUE >
		Ruler point 1	282	362
		Ruler point 2	315	361
		Ruler point 3	346	359
		Ruler point 4	381	358
		Ruler point 5	411	357
		Ruler point 6	446	355
	</ruler.points>
</shapes>

