<shapes type=list>
	<ruler.interval type=vector names=FALSE length=1 as.numeric=TRUE >10</ruler.interval>
	<scaling.units type=vector names=FALSE length=1 as.numeric=FALSE >mm</scaling.units>
	<scaling type=vector names=FALSE length=1 as.numeric=TRUE >0.306604251108136</scaling>
	<landmarks.pixel type=matrix rownames=TRUE colnames=FALSE nrow=4 ncol=2 as.numeric=TRUE >
		Point_Tip	601	178
		Left_Tang_Center	577	264
		Base_Center	597	286
		Right_Tang_Center	616	263
	</landmarks.pixel>
	<landmarks.scaled type=matrix rownames=TRUE colnames=FALSE nrow=4 ncol=2 as.numeric=TRUE >
		Point_Tip	184.26915491599	-54.5755566972483
		Left_Tang_Center	176.910652889395	-80.943522292548
		Base_Center	183.042737911557	-87.688815816927
		Right_Tang_Center	188.868218682612	-80.6369180414399
	</landmarks.scaled>
	<curves.control type=list>
		<Left_Side type=matrix rownames=FALSE colnames=FALSE nrow=25 ncol=2 as.numeric=TRUE >
			601	178
			599	178
			599	181
			597	184
			595	188
			594	193
			592	195
			592	200
			589	202
			589	207
			587	213
			587	215
			585	217
			585	220
			582	230
			581	233
			582	236
			579	236
			579	238
			579	244
			579	255
			577	260
			577	262
			577	263
			577	264
		</Left_Side>
		<Left_Wing type=matrix rownames=FALSE colnames=FALSE nrow=7 ncol=2 as.numeric=TRUE >
			577	264
			579	264
			584	263
			589	264
			590	269
			592	285
			597	286
		</Left_Wing>
		<Right_Wing type=matrix rownames=FALSE colnames=FALSE nrow=7 ncol=2 as.numeric=TRUE >
			597	286
			603	283
			607	271
			607	264
			609	264
			613	264
			616	263
		</Right_Wing>
		<Right_Side type=matrix rownames=FALSE colnames=FALSE nrow=9 ncol=2 as.numeric=TRUE >
			616	263
			618	254
			616	236
			613	220
			608	204
			605	191
			603	183
			603	179
			601	178
		</Right_Side>
	</curves.control>
	<curves.pixel type=list>
		<Left_Side type=matrix rownames=FALSE colnames=FALSE nrow=92 ncol=2 as.numeric=TRUE >
			601	178
			600	178
			599	179
			599	180
			599	181
			598	182
			598	183
			597	184
			596	185
			596	186
			595	187
			595	188
			595	189
			595	190
			594	190
			594	191
			594	192
			593	193
			593	194
			592	195
			592	196
			592	197
			592	198
			591	199
			591	200
			590	201
			589	202
			589	203
			589	204
			589	205
			589	206
			589	207
			588	208
			588	209
			588	210
			588	211
			587	212
			587	213
			587	214
			586	215
			586	216
			585	217
			585	218
			585	219
			585	220
			584	221
			584	222
			584	223
			584	224
			583	225
			583	226
			583	227
			583	228
			582	228
			582	229
			582	230
			582	231
			582	232
			582	233
			582	234
			582	235
			582	236
			581	236
			580	236
			579	237
			579	238
			579	239
			579	240
			579	241
			579	242
			579	243
			579	244
			579	245
			579	246
			579	247
			579	248
			579	249
			579	250
			579	251
			579	252
			579	253
			579	254
			579	255
			579	256
			578	257
			578	258
			578	259
			577	260
			577	261
			577	262
			577	263
			577	264
		</Left_Side>
		<Left_Wing type=matrix rownames=FALSE colnames=FALSE nrow=34 ncol=2 as.numeric=TRUE >
			577	264
			578	264
			579	264
			580	264
			581	264
			582	263
			583	263
			584	263
			585	263
			586	264
			587	264
			588	265
			589	266
			590	267
			590	268
			590	269
			590	270
			590	271
			590	272
			591	273
			591	274
			591	275
			591	276
			591	277
			592	278
			592	279
			592	280
			593	281
			593	282
			594	283
			594	284
			595	285
			596	286
			597	286
		</Left_Wing>
		<Right_Wing type=matrix rownames=FALSE colnames=FALSE nrow=34 ncol=2 as.numeric=TRUE >
			597	286
			598	285
			599	285
			600	284
			601	283
			602	282
			602	281
			603	280
			604	279
			604	278
			604	277
			605	276
			606	275
			606	274
			606	273
			607	272
			607	271
			607	270
			607	269
			607	268
			607	267
			607	266
			608	266
			608	265
			608	264
			609	264
			610	264
			611	264
			612	264
			613	264
			614	264
			614	263
			615	263
			616	263
		</Right_Wing>
		<Right_Side type=matrix rownames=FALSE colnames=FALSE nrow=89 ncol=2 as.numeric=TRUE >
			616	263
			616	262
			616	261
			616	260
			617	259
			617	258
			617	257
			617	256
			617	255
			617	254
			617	253
			617	252
			617	251
			617	250
			617	249
			617	248
			617	247
			617	246
			617	245
			617	244
			617	243
			617	242
			616	241
			616	240
			616	239
			616	238
			616	237
			616	236
			616	235
			616	234
			615	233
			615	232
			615	231
			615	230
			615	229
			614	228
			614	227
			614	226
			614	225
			613	224
			613	223
			613	222
			613	221
			612	220
			612	219
			612	218
			612	217
			612	216
			611	216
			611	215
			611	214
			611	213
			611	212
			610	212
			610	211
			610	210
			610	209
			609	209
			609	208
			609	207
			609	206
			608	205
			608	204
			608	203
			608	202
			607	201
			607	200
			607	199
			606	198
			606	197
			606	196
			606	195
			606	194
			605	193
			605	192
			605	191
			605	190
			605	189
			604	188
			604	187
			604	186
			604	185
			603	184
			603	183
			603	182
			603	181
			603	180
			602	179
			601	178
		</Right_Side>
	</curves.pixel>
	<curves.scaled type=list>
		<Left_Side type=matrix rownames=FALSE colnames=FALSE nrow=92 ncol=2 as.numeric=TRUE >
			184.26915491599	-54.5755566972483
			183.962550664882	-54.5755566972483
			183.655946413774	-54.8821609483564
			183.655946413774	-55.1887651994645
			183.655946413774	-55.4953694505727
			183.349342162666	-55.8019737016808
			183.349342162666	-56.1085779527889
			183.042737911557	-56.4151822038971
			182.736133660449	-56.7217864550052
			182.736133660449	-57.0283907061134
			182.429529409341	-57.3349949572215
			182.429529409341	-57.6415992083296
			182.429529409341	-57.9482034594378
			182.429529409341	-58.2548077105459
			182.122925158233	-58.2548077105459
			182.122925158233	-58.561411961654
			182.122925158233	-58.8680162127622
			181.816320907125	-59.1746204638703
			181.816320907125	-59.4812247149784
			181.509716656017	-59.7878289660866
			181.509716656017	-60.0944332171947
			181.509716656017	-60.4010374683029
			181.509716656017	-60.707641719411
			181.203112404909	-61.0142459705191
			181.203112404909	-61.3208502216273
			180.8965081538	-61.6274544727354
			180.589903902692	-61.9340587238435
			180.589903902692	-62.2406629749517
			180.589903902692	-62.5472672260598
			180.589903902692	-62.8538714771679
			180.589903902692	-63.1604757282761
			180.589903902692	-63.4670799793842
			180.283299651584	-63.7736842304924
			180.283299651584	-64.0802884816005
			180.283299651584	-64.3868927327086
			180.283299651584	-64.6934969838168
			179.976695400476	-65.0001012349249
			179.976695400476	-65.306705486033
			179.976695400476	-65.6133097371412
			179.670091149368	-65.9199139882493
			179.670091149368	-66.2265182393574
			179.36348689826	-66.5331224904656
			179.36348689826	-66.8397267415737
			179.36348689826	-67.1463309926819
			179.36348689826	-67.45293524379
			179.056882647152	-67.7595394948981
			179.056882647152	-68.0661437460063
			179.056882647152	-68.3727479971144
			179.056882647152	-68.6793522482225
			178.750278396043	-68.9859564993307
			178.750278396043	-69.2925607504388
			178.750278396043	-69.599165001547
			178.750278396043	-69.9057692526551
			178.443674144935	-69.9057692526551
			178.443674144935	-70.2123735037632
			178.443674144935	-70.5189777548714
			178.443674144935	-70.8255820059795
			178.443674144935	-71.1321862570876
			178.443674144935	-71.4387905081958
			178.443674144935	-71.7453947593039
			178.443674144935	-72.051999010412
			178.443674144935	-72.3586032615202
			178.137069893827	-72.3586032615202
			177.830465642719	-72.3586032615202
			177.523861391611	-72.6652075126283
			177.523861391611	-72.9718117637364
			177.523861391611	-73.2784160148446
			177.523861391611	-73.5850202659527
			177.523861391611	-73.8916245170609
			177.523861391611	-74.198228768169
			177.523861391611	-74.5048330192771
			177.523861391611	-74.8114372703853
			177.523861391611	-75.1180415214934
			177.523861391611	-75.4246457726015
			177.523861391611	-75.7312500237097
			177.523861391611	-76.0378542748178
			177.523861391611	-76.3444585259259
			177.523861391611	-76.6510627770341
			177.523861391611	-76.9576670281422
			177.523861391611	-77.2642712792504
			177.523861391611	-77.5708755303585
			177.523861391611	-77.8774797814666
			177.523861391611	-78.1840840325748
			177.523861391611	-78.4906882836829
			177.217257140503	-78.797292534791
			177.217257140503	-79.1038967858992
			177.217257140503	-79.4105010370073
			176.910652889395	-79.7171052881154
			176.910652889395	-80.0237095392236
			176.910652889395	-80.3303137903317
			176.910652889395	-80.6369180414399
			176.910652889395	-80.943522292548
		</Left_Side>
		<Left_Wing type=matrix rownames=FALSE colnames=FALSE nrow=34 ncol=2 as.numeric=TRUE >
			176.910652889395	-80.943522292548
			177.217257140503	-80.943522292548
			177.523861391611	-80.943522292548
			177.830465642719	-80.943522292548
			178.137069893827	-80.943522292548
			178.443674144935	-80.6369180414399
			178.750278396043	-80.6369180414399
			179.056882647152	-80.6369180414399
			179.36348689826	-80.6369180414399
			179.670091149368	-80.943522292548
			179.976695400476	-80.943522292548
			180.283299651584	-81.2501265436561
			180.589903902692	-81.5567307947643
			180.8965081538	-81.8633350458724
			180.8965081538	-82.1699392969805
			180.8965081538	-82.4765435480887
			180.8965081538	-82.7831477991968
			180.8965081538	-83.0897520503049
			180.8965081538	-83.3963563014131
			181.203112404909	-83.7029605525212
			181.203112404909	-84.0095648036294
			181.203112404909	-84.3161690547375
			181.203112404909	-84.6227733058456
			181.203112404909	-84.9293775569538
			181.509716656017	-85.2359818080619
			181.509716656017	-85.54258605917
			181.509716656017	-85.8491903102782
			181.816320907125	-86.1557945613863
			181.816320907125	-86.4623988124944
			182.122925158233	-86.7690030636026
			182.122925158233	-87.0756073147107
			182.429529409341	-87.3822115658188
			182.736133660449	-87.688815816927
			183.042737911557	-87.688815816927
		</Left_Wing>
		<Right_Wing type=matrix rownames=FALSE colnames=FALSE nrow=34 ncol=2 as.numeric=TRUE >
			183.042737911557	-87.688815816927
			183.349342162666	-87.3822115658188
			183.655946413774	-87.3822115658188
			183.962550664882	-87.0756073147107
			184.26915491599	-86.7690030636026
			184.575759167098	-86.4623988124944
			184.575759167098	-86.1557945613863
			184.882363418206	-85.8491903102782
			185.188967669314	-85.54258605917
			185.188967669314	-85.2359818080619
			185.188967669314	-84.9293775569538
			185.495571920422	-84.6227733058456
			185.802176171531	-84.3161690547375
			185.802176171531	-84.0095648036294
			185.802176171531	-83.7029605525212
			186.108780422639	-83.3963563014131
			186.108780422639	-83.0897520503049
			186.108780422639	-82.7831477991968
			186.108780422639	-82.4765435480887
			186.108780422639	-82.1699392969805
			186.108780422639	-81.8633350458724
			186.108780422639	-81.5567307947643
			186.415384673747	-81.5567307947643
			186.415384673747	-81.2501265436561
			186.415384673747	-80.943522292548
			186.721988924855	-80.943522292548
			187.028593175963	-80.943522292548
			187.335197427071	-80.943522292548
			187.641801678179	-80.943522292548
			187.948405929288	-80.943522292548
			188.255010180396	-80.943522292548
			188.255010180396	-80.6369180414399
			188.561614431504	-80.6369180414399
			188.868218682612	-80.6369180414399
		</Right_Wing>
		<Right_Side type=matrix rownames=FALSE colnames=FALSE nrow=89 ncol=2 as.numeric=TRUE >
			188.868218682612	-80.6369180414399
			188.868218682612	-80.3303137903317
			188.868218682612	-80.0237095392236
			188.868218682612	-79.7171052881154
			189.17482293372	-79.4105010370073
			189.17482293372	-79.1038967858992
			189.17482293372	-78.797292534791
			189.17482293372	-78.4906882836829
			189.17482293372	-78.1840840325748
			189.17482293372	-77.8774797814666
			189.17482293372	-77.5708755303585
			189.17482293372	-77.2642712792504
			189.17482293372	-76.9576670281422
			189.17482293372	-76.6510627770341
			189.17482293372	-76.3444585259259
			189.17482293372	-76.0378542748178
			189.17482293372	-75.7312500237097
			189.17482293372	-75.4246457726015
			189.17482293372	-75.1180415214934
			189.17482293372	-74.8114372703853
			189.17482293372	-74.5048330192771
			189.17482293372	-74.198228768169
			188.868218682612	-73.8916245170609
			188.868218682612	-73.5850202659527
			188.868218682612	-73.2784160148446
			188.868218682612	-72.9718117637364
			188.868218682612	-72.6652075126283
			188.868218682612	-72.3586032615202
			188.868218682612	-72.051999010412
			188.868218682612	-71.7453947593039
			188.561614431504	-71.4387905081958
			188.561614431504	-71.1321862570876
			188.561614431504	-70.8255820059795
			188.561614431504	-70.5189777548714
			188.561614431504	-70.2123735037632
			188.255010180396	-69.9057692526551
			188.255010180396	-69.599165001547
			188.255010180396	-69.2925607504388
			188.255010180396	-68.9859564993307
			187.948405929288	-68.6793522482225
			187.948405929288	-68.3727479971144
			187.948405929288	-68.0661437460063
			187.948405929288	-67.7595394948981
			187.641801678179	-67.45293524379
			187.641801678179	-67.1463309926819
			187.641801678179	-66.8397267415737
			187.641801678179	-66.5331224904656
			187.641801678179	-66.2265182393574
			187.335197427071	-66.2265182393574
			187.335197427071	-65.9199139882493
			187.335197427071	-65.6133097371412
			187.335197427071	-65.306705486033
			187.335197427071	-65.0001012349249
			187.028593175963	-65.0001012349249
			187.028593175963	-64.6934969838168
			187.028593175963	-64.3868927327086
			187.028593175963	-64.0802884816005
			186.721988924855	-64.0802884816005
			186.721988924855	-63.7736842304924
			186.721988924855	-63.4670799793842
			186.721988924855	-63.1604757282761
			186.415384673747	-62.8538714771679
			186.415384673747	-62.5472672260598
			186.415384673747	-62.2406629749517
			186.415384673747	-61.9340587238435
			186.108780422639	-61.6274544727354
			186.108780422639	-61.3208502216273
			186.108780422639	-61.0142459705191
			185.802176171531	-60.707641719411
			185.802176171531	-60.4010374683029
			185.802176171531	-60.0944332171947
			185.802176171531	-59.7878289660866
			185.802176171531	-59.4812247149784
			185.495571920422	-59.1746204638703
			185.495571920422	-58.8680162127622
			185.495571920422	-58.561411961654
			185.495571920422	-58.2548077105459
			185.495571920422	-57.9482034594378
			185.188967669314	-57.6415992083296
			185.188967669314	-57.3349949572215
			185.188967669314	-57.0283907061134
			185.188967669314	-56.7217864550052
			184.882363418206	-56.4151822038971
			184.882363418206	-56.1085779527889
			184.882363418206	-55.8019737016808
			184.882363418206	-55.4953694505727
			184.882363418206	-55.1887651994645
			184.575759167098	-54.8821609483564
			184.26915491599	-54.5755566972483
		</Right_Side>
	</curves.scaled>
	<ruler.points type=matrix rownames=TRUE colnames=FALSE nrow=6 ncol=2 as.numeric=TRUE >
		Ruler point 1	281	359
		Ruler point 2	313	358
		Ruler point 3	347	356
		Ruler point 4	380	356
		Ruler point 5	411	355
		Ruler point 6	444	354
	</ruler.points>
</shapes>

