<shapes type=list>
	<ruler.interval type=vector names=FALSE length=1 as.numeric=TRUE >10</ruler.interval>
	<scaling.units type=vector names=FALSE length=1 as.numeric=FALSE >mm</scaling.units>
	<scaling type=vector names=FALSE length=1 as.numeric=TRUE >0.30597910918766</scaling>
	<landmarks.pixel type=matrix rownames=TRUE colnames=FALSE nrow=4 ncol=2 as.numeric=TRUE >
		Point_Tip	515	153
		Left_Tang_Center	487	267
		Base_Center	514	291
		Right_Tang_Center	543	269
	</landmarks.pixel>
	<landmarks.scaled type=matrix rownames=TRUE colnames=FALSE nrow=4 ncol=2 as.numeric=TRUE >
		Point_Tip	157.579241231645	-46.814803705712
		Left_Tang_Center	149.01182617439	-81.6964221531052
		Base_Center	157.273262122457	-89.039920773609
		Right_Tang_Center	166.146656288899	-82.3083803714805
	</landmarks.scaled>
	<curves.control type=list>
		<Left_Side type=matrix rownames=FALSE colnames=FALSE nrow=35 ncol=2 as.numeric=TRUE >
			515	153
			513	154
			513	157
			512	159
			511	162
			511	164
			509	166
			509	169
			508	172
			508	174
			506	175
			507	177
			505	180
			504	182
			505	184
			504	188
			501	192
			501	197
			499	200
			497	208
			493	220
			492	223
			492	232
			490	235
			490	239
			490	242
			488	244
			488	250
			486	251
			485	260
			485	263
			485	266
			485	265
			486	267
			487	267
		</Left_Side>
		<Left_Wing type=matrix rownames=FALSE colnames=FALSE nrow=11 ncol=2 as.numeric=TRUE >
			487	267
			490	268
			493	267
			496	264
			502	263
			506	266
			506	272
			506	282
			508	286
			511	289
			514	291
		</Left_Wing>
		<Right_Wing type=matrix rownames=FALSE colnames=FALSE nrow=13 ncol=2 as.numeric=TRUE >
			514	291
			517	288
			520	285
			522	280
			523	273
			524	265
			526	264
			529	263
			533	265
			537	268
			539	269
			541	270
			543	269
		</Right_Wing>
		<Right_Side type=matrix rownames=FALSE colnames=FALSE nrow=19 ncol=2 as.numeric=TRUE >
			543	269
			544	263
			543	257
			540	242
			541	238
			539	236
			538	229
			536	219
			533	211
			533	207
			530	201
			530	196
			527	193
			528	188
			526	185
			521	172
			518	159
			517	154
			515	153
		</Right_Side>
	</curves.control>
	<curves.pixel type=list>
		<Left_Side type=matrix rownames=FALSE colnames=FALSE nrow=118 ncol=2 as.numeric=TRUE >
			515	153
			514	153
			514	154
			513	155
			513	156
			513	157
			512	158
			512	159
			512	160
			511	161
			511	162
			511	163
			510	164
			510	165
			509	166
			509	167
			509	168
			509	169
			509	170
			508	171
			508	172
			508	173
			508	174
			507	174
			506	175
			506	176
			506	177
			506	178
			506	179
			505	180
			505	181
			505	182
			505	183
			505	184
			505	185
			504	186
			504	187
			504	188
			503	189
			503	190
			502	190
			502	191
			501	192
			501	193
			501	194
			501	195
			501	196
			500	197
			500	198
			500	199
			499	200
			499	201
			498	202
			498	203
			498	204
			498	205
			497	206
			497	207
			497	208
			496	209
			496	210
			496	211
			496	212
			495	213
			495	214
			495	215
			494	216
			494	217
			494	218
			493	219
			493	220
			493	221
			492	222
			492	223
			492	224
			492	225
			492	226
			492	227
			492	228
			492	229
			492	230
			492	231
			492	232
			491	233
			491	234
			491	235
			490	236
			490	237
			490	238
			490	239
			490	240
			490	241
			489	242
			489	243
			488	244
			488	245
			488	246
			488	247
			488	248
			487	249
			487	250
			486	251
			486	252
			486	253
			486	254
			486	255
			485	256
			485	257
			485	258
			485	259
			485	260
			485	261
			485	262
			485	263
			485	264
			485	265
			486	266
			487	267
		</Left_Side>
		<Left_Wing type=matrix rownames=FALSE colnames=FALSE nrow=46 ncol=2 as.numeric=TRUE >
			487	267
			488	267
			489	267
			490	267
			491	267
			492	267
			493	267
			494	266
			495	265
			496	265
			497	264
			498	264
			499	264
			500	264
			501	263
			502	263
			503	264
			504	265
			505	266
			505	267
			505	268
			506	269
			506	270
			506	271
			506	272
			506	273
			506	274
			506	275
			506	276
			506	277
			506	278
			506	279
			506	280
			507	281
			507	282
			507	283
			507	284
			508	285
			508	286
			509	287
			510	287
			510	288
			511	289
			512	290
			513	290
			514	291
		</Left_Wing>
		<Right_Wing type=matrix rownames=FALSE colnames=FALSE nrow=47 ncol=2 as.numeric=TRUE >
			514	291
			515	290
			516	289
			517	288
			518	287
			519	286
			520	285
			520	284
			521	283
			521	282
			521	281
			522	280
			522	279
			522	278
			522	277
			523	276
			523	275
			523	274
			523	273
			523	272
			523	271
			523	270
			524	269
			524	268
			524	267
			525	266
			525	265
			525	264
			526	264
			527	264
			528	264
			529	264
			530	264
			531	264
			532	265
			533	265
			534	265
			534	266
			535	266
			536	267
			537	268
			538	268
			539	269
			540	269
			541	269
			542	269
			543	269
		</Right_Wing>
		<Right_Side type=matrix rownames=FALSE colnames=FALSE nrow=118 ncol=2 as.numeric=TRUE >
			543	269
			543	268
			543	267
			543	266
			543	265
			543	264
			543	263
			543	262
			543	261
			543	260
			543	259
			543	258
			543	257
			543	256
			543	255
			542	254
			542	253
			542	252
			542	251
			542	250
			542	249
			541	248
			541	247
			541	246
			541	245
			541	244
			541	243
			541	242
			541	241
			541	240
			541	239
			541	238
			540	237
			540	236
			539	235
			539	234
			539	233
			538	232
			538	231
			538	230
			538	229
			538	228
			538	227
			537	226
			537	225
			537	224
			537	223
			536	222
			536	221
			536	220
			536	219
			535	218
			535	217
			535	216
			534	215
			534	214
			534	213
			533	212
			533	211
			533	210
			533	209
			533	208
			532	207
			532	206
			532	205
			531	204
			531	203
			531	202
			530	201
			530	200
			530	199
			530	198
			529	197
			529	196
			529	195
			528	194
			527	193
			527	192
			527	191
			527	190
			527	189
			527	188
			527	187
			527	186
			526	185
			526	184
			525	183
			525	182
			525	181
			524	181
			524	180
			524	179
			523	178
			523	177
			523	176
			522	175
			522	174
			522	173
			521	172
			521	171
			521	170
			521	169
			520	168
			520	167
			520	166
			519	165
			519	164
			519	163
			519	162
			519	161
			518	160
			518	159
			518	158
			518	157
			517	156
			517	155
			516	154
			515	153
		</Right_Side>
	</curves.pixel>
	<curves.scaled type=list>
		<Left_Side type=matrix rownames=FALSE colnames=FALSE nrow=118 ncol=2 as.numeric=TRUE >
			157.579241231645	-46.814803705712
			157.273262122457	-46.814803705712
			157.273262122457	-47.1207828148996
			156.96728301327	-47.4267619240873
			156.96728301327	-47.7327410332749
			156.96728301327	-48.0387201424626
			156.661303904082	-48.3446992516503
			156.661303904082	-48.6506783608379
			156.661303904082	-48.9566574700256
			156.355324794894	-49.2626365792132
			156.355324794894	-49.5686156884009
			156.355324794894	-49.8745947975886
			156.049345685707	-50.1805739067762
			156.049345685707	-50.4865530159639
			155.743366576519	-50.7925321251515
			155.743366576519	-51.0985112343392
			155.743366576519	-51.4044903435269
			155.743366576519	-51.7104694527145
			155.743366576519	-52.0164485619022
			155.437387467331	-52.3224276710898
			155.437387467331	-52.6284067802775
			155.437387467331	-52.9343858894652
			155.437387467331	-53.2403649986528
			155.131408358144	-53.2403649986528
			154.825429248956	-53.5463441078405
			154.825429248956	-53.8523232170281
			154.825429248956	-54.1583023262158
			154.825429248956	-54.4642814354035
			154.825429248956	-54.7702605445911
			154.519450139768	-55.0762396537788
			154.519450139768	-55.3822187629664
			154.519450139768	-55.6881978721541
			154.519450139768	-55.9941769813418
			154.519450139768	-56.3001560905294
			154.519450139768	-56.6061351997171
			154.213471030581	-56.9121143089047
			154.213471030581	-57.2180934180924
			154.213471030581	-57.5240725272801
			153.907491921393	-57.8300516364677
			153.907491921393	-58.1360307456554
			153.601512812205	-58.1360307456554
			153.601512812205	-58.442009854843
			153.295533703018	-58.7479889640307
			153.295533703018	-59.0539680732183
			153.295533703018	-59.359947182406
			153.295533703018	-59.6659262915937
			153.295533703018	-59.9719054007813
			152.98955459383	-60.277884509969
			152.98955459383	-60.5838636191567
			152.98955459383	-60.8898427283443
			152.683575484642	-61.195821837532
			152.683575484642	-61.5018009467196
			152.377596375455	-61.8077800559073
			152.377596375455	-62.113759165095
			152.377596375455	-62.4197382742826
			152.377596375455	-62.7257173834703
			152.071617266267	-63.0316964926579
			152.071617266267	-63.3376756018456
			152.071617266267	-63.6436547110332
			151.765638157079	-63.9496338202209
			151.765638157079	-64.2556129294086
			151.765638157079	-64.5615920385962
			151.765638157079	-64.8675711477839
			151.459659047892	-65.1735502569716
			151.459659047892	-65.4795293661592
			151.459659047892	-65.7855084753469
			151.153679938704	-66.0914875845345
			151.153679938704	-66.3974666937222
			151.153679938704	-66.7034458029099
			150.847700829516	-67.0094249120975
			150.847700829516	-67.3154040212852
			150.847700829516	-67.6213831304728
			150.541721720329	-67.9273622396605
			150.541721720329	-68.2333413488481
			150.541721720329	-68.5393204580358
			150.541721720329	-68.8452995672235
			150.541721720329	-69.1512786764111
			150.541721720329	-69.4572577855988
			150.541721720329	-69.7632368947864
			150.541721720329	-70.0692160039741
			150.541721720329	-70.3751951131618
			150.541721720329	-70.6811742223494
			150.541721720329	-70.9871533315371
			150.235742611141	-71.2931324407247
			150.235742611141	-71.5991115499124
			150.235742611141	-71.9050906591001
			149.929763501953	-72.2110697682877
			149.929763501953	-72.5170488774754
			149.929763501953	-72.823027986663
			149.929763501953	-73.1290070958507
			149.929763501953	-73.4349862050384
			149.929763501953	-73.740965314226
			149.623784392766	-74.0469444234137
			149.623784392766	-74.3529235326014
			149.317805283578	-74.658902641789
			149.317805283578	-74.9648817509767
			149.317805283578	-75.2708608601643
			149.317805283578	-75.576839969352
			149.317805283578	-75.8828190785396
			149.01182617439	-76.1887981877273
			149.01182617439	-76.494777296915
			148.705847065203	-76.8007564061026
			148.705847065203	-77.1067355152903
			148.705847065203	-77.4127146244779
			148.705847065203	-77.7186937336656
			148.705847065203	-78.0246728428533
			148.399867956015	-78.3306519520409
			148.399867956015	-78.6366310612286
			148.399867956015	-78.9426101704162
			148.399867956015	-79.2485892796039
			148.399867956015	-79.5545683887916
			148.399867956015	-79.8605474979792
			148.399867956015	-80.1665266071669
			148.399867956015	-80.4725057163545
			148.399867956015	-80.7784848255422
			148.399867956015	-81.0844639347299
			148.705847065203	-81.3904430439175
			149.01182617439	-81.6964221531052
		</Left_Side>
		<Left_Wing type=matrix rownames=FALSE colnames=FALSE nrow=46 ncol=2 as.numeric=TRUE >
			149.01182617439	-81.6964221531052
			149.317805283578	-81.6964221531052
			149.623784392766	-81.6964221531052
			149.929763501953	-81.6964221531052
			150.235742611141	-81.6964221531052
			150.541721720329	-81.6964221531052
			150.847700829516	-81.6964221531052
			151.153679938704	-81.3904430439175
			151.459659047892	-81.0844639347299
			151.765638157079	-81.0844639347299
			152.071617266267	-80.7784848255422
			152.377596375455	-80.7784848255422
			152.683575484642	-80.7784848255422
			152.98955459383	-80.7784848255422
			153.295533703018	-80.4725057163545
			153.601512812205	-80.4725057163545
			153.907491921393	-80.7784848255422
			154.213471030581	-81.0844639347299
			154.519450139768	-81.3904430439175
			154.519450139768	-81.6964221531052
			154.519450139768	-82.0024012622928
			154.825429248956	-82.3083803714805
			154.825429248956	-82.6143594806682
			154.825429248956	-82.9203385898558
			154.825429248956	-83.2263176990435
			154.825429248956	-83.5322968082311
			154.825429248956	-83.8382759174188
			154.825429248956	-84.1442550266065
			154.825429248956	-84.4502341357941
			154.825429248956	-84.7562132449818
			154.825429248956	-85.0621923541694
			154.825429248956	-85.3681714633571
			154.825429248956	-85.6741505725448
			155.131408358144	-85.9801296817324
			155.131408358144	-86.2861087909201
			155.131408358144	-86.5920879001077
			155.131408358144	-86.8980670092954
			155.437387467331	-87.2040461184831
			155.437387467331	-87.5100252276707
			155.743366576519	-87.8160043368584
			156.049345685707	-87.8160043368584
			156.049345685707	-88.121983446046
			156.355324794894	-88.4279625552337
			156.661303904082	-88.7339416644214
			156.96728301327	-88.7339416644214
			157.273262122457	-89.039920773609
		</Left_Wing>
		<Right_Wing type=matrix rownames=FALSE colnames=FALSE nrow=47 ncol=2 as.numeric=TRUE >
			157.273262122457	-89.039920773609
			157.579241231645	-88.7339416644214
			157.885220340832	-88.4279625552337
			158.19119945002	-88.121983446046
			158.497178559208	-87.8160043368584
			158.803157668395	-87.5100252276707
			159.109136777583	-87.2040461184831
			159.109136777583	-86.8980670092954
			159.415115886771	-86.5920879001077
			159.415115886771	-86.2861087909201
			159.415115886771	-85.9801296817324
			159.721094995958	-85.6741505725448
			159.721094995958	-85.3681714633571
			159.721094995958	-85.0621923541694
			159.721094995958	-84.7562132449818
			160.027074105146	-84.4502341357941
			160.027074105146	-84.1442550266065
			160.027074105146	-83.8382759174188
			160.027074105146	-83.5322968082311
			160.027074105146	-83.2263176990435
			160.027074105146	-82.9203385898558
			160.027074105146	-82.6143594806682
			160.333053214334	-82.3083803714805
			160.333053214334	-82.0024012622928
			160.333053214334	-81.6964221531052
			160.639032323521	-81.3904430439175
			160.639032323521	-81.0844639347299
			160.639032323521	-80.7784848255422
			160.945011432709	-80.7784848255422
			161.250990541897	-80.7784848255422
			161.556969651084	-80.7784848255422
			161.862948760272	-80.7784848255422
			162.16892786946	-80.7784848255422
			162.474906978647	-80.7784848255422
			162.780886087835	-81.0844639347299
			163.086865197023	-81.0844639347299
			163.39284430621	-81.0844639347299
			163.39284430621	-81.3904430439175
			163.698823415398	-81.3904430439175
			164.004802524586	-81.6964221531052
			164.310781633773	-82.0024012622928
			164.616760742961	-82.0024012622928
			164.922739852149	-82.3083803714805
			165.228718961336	-82.3083803714805
			165.534698070524	-82.3083803714805
			165.840677179712	-82.3083803714805
			166.146656288899	-82.3083803714805
		</Right_Wing>
		<Right_Side type=matrix rownames=FALSE colnames=FALSE nrow=118 ncol=2 as.numeric=TRUE >
			166.146656288899	-82.3083803714805
			166.146656288899	-82.0024012622928
			166.146656288899	-81.6964221531052
			166.146656288899	-81.3904430439175
			166.146656288899	-81.0844639347299
			166.146656288899	-80.7784848255422
			166.146656288899	-80.4725057163545
			166.146656288899	-80.1665266071669
			166.146656288899	-79.8605474979792
			166.146656288899	-79.5545683887916
			166.146656288899	-79.2485892796039
			166.146656288899	-78.9426101704162
			166.146656288899	-78.6366310612286
			166.146656288899	-78.3306519520409
			166.146656288899	-78.0246728428533
			165.840677179712	-77.7186937336656
			165.840677179712	-77.4127146244779
			165.840677179712	-77.1067355152903
			165.840677179712	-76.8007564061026
			165.840677179712	-76.494777296915
			165.840677179712	-76.1887981877273
			165.534698070524	-75.8828190785396
			165.534698070524	-75.576839969352
			165.534698070524	-75.2708608601643
			165.534698070524	-74.9648817509767
			165.534698070524	-74.658902641789
			165.534698070524	-74.3529235326014
			165.534698070524	-74.0469444234137
			165.534698070524	-73.740965314226
			165.534698070524	-73.4349862050384
			165.534698070524	-73.1290070958507
			165.534698070524	-72.823027986663
			165.228718961336	-72.5170488774754
			165.228718961336	-72.2110697682877
			164.922739852149	-71.9050906591001
			164.922739852149	-71.5991115499124
			164.922739852149	-71.2931324407247
			164.616760742961	-70.9871533315371
			164.616760742961	-70.6811742223494
			164.616760742961	-70.3751951131618
			164.616760742961	-70.0692160039741
			164.616760742961	-69.7632368947864
			164.616760742961	-69.4572577855988
			164.310781633773	-69.1512786764111
			164.310781633773	-68.8452995672235
			164.310781633773	-68.5393204580358
			164.310781633773	-68.2333413488481
			164.004802524586	-67.9273622396605
			164.004802524586	-67.6213831304728
			164.004802524586	-67.3154040212852
			164.004802524586	-67.0094249120975
			163.698823415398	-66.7034458029099
			163.698823415398	-66.3974666937222
			163.698823415398	-66.0914875845345
			163.39284430621	-65.7855084753469
			163.39284430621	-65.4795293661592
			163.39284430621	-65.1735502569716
			163.086865197023	-64.8675711477839
			163.086865197023	-64.5615920385962
			163.086865197023	-64.2556129294086
			163.086865197023	-63.9496338202209
			163.086865197023	-63.6436547110332
			162.780886087835	-63.3376756018456
			162.780886087835	-63.0316964926579
			162.780886087835	-62.7257173834703
			162.474906978647	-62.4197382742826
			162.474906978647	-62.113759165095
			162.474906978647	-61.8077800559073
			162.16892786946	-61.5018009467196
			162.16892786946	-61.195821837532
			162.16892786946	-60.8898427283443
			162.16892786946	-60.5838636191567
			161.862948760272	-60.277884509969
			161.862948760272	-59.9719054007813
			161.862948760272	-59.6659262915937
			161.556969651084	-59.359947182406
			161.250990541897	-59.0539680732183
			161.250990541897	-58.7479889640307
			161.250990541897	-58.442009854843
			161.250990541897	-58.1360307456554
			161.250990541897	-57.8300516364677
			161.250990541897	-57.5240725272801
			161.250990541897	-57.2180934180924
			161.250990541897	-56.9121143089047
			160.945011432709	-56.6061351997171
			160.945011432709	-56.3001560905294
			160.639032323521	-55.9941769813418
			160.639032323521	-55.6881978721541
			160.639032323521	-55.3822187629664
			160.333053214334	-55.3822187629664
			160.333053214334	-55.0762396537788
			160.333053214334	-54.7702605445911
			160.027074105146	-54.4642814354035
			160.027074105146	-54.1583023262158
			160.027074105146	-53.8523232170281
			159.721094995958	-53.5463441078405
			159.721094995958	-53.2403649986528
			159.721094995958	-52.9343858894652
			159.415115886771	-52.6284067802775
			159.415115886771	-52.3224276710898
			159.415115886771	-52.0164485619022
			159.415115886771	-51.7104694527145
			159.109136777583	-51.4044903435269
			159.109136777583	-51.0985112343392
			159.109136777583	-50.7925321251515
			158.803157668395	-50.4865530159639
			158.803157668395	-50.1805739067762
			158.803157668395	-49.8745947975886
			158.803157668395	-49.5686156884009
			158.803157668395	-49.2626365792132
			158.497178559208	-48.9566574700256
			158.497178559208	-48.6506783608379
			158.497178559208	-48.3446992516503
			158.497178559208	-48.0387201424626
			158.19119945002	-47.7327410332749
			158.19119945002	-47.4267619240873
			157.885220340832	-47.1207828148996
			157.579241231645	-46.814803705712
		</Right_Side>
	</curves.scaled>
	<ruler.points type=matrix rownames=TRUE colnames=FALSE nrow=6 ncol=2 as.numeric=TRUE >
		Ruler point 1	281	359
		Ruler point 2	314	359
		Ruler point 3	346	357
		Ruler point 4	379	356
		Ruler point 5	411	355
		Ruler point 6	445	353
	</ruler.points>
</shapes>

