<shapes type=list>
	<ruler.pixel type=vector names=FALSE length=1 as.numeric=TRUE >27.0011573882549</ruler.pixel>
	<ruler.interval type=vector names=FALSE length=1 as.numeric=TRUE >10</ruler.interval>
	<scaling.units type=vector names=FALSE length=1 as.numeric=FALSE >mm</scaling.units>
	<scaling type=vector names=FALSE length=1 as.numeric=TRUE >0.370354494668804</scaling>
	<landmarks.pixel type=matrix rownames=TRUE colnames=FALSE nrow=4 ncol=2 as.numeric=TRUE >
		Point_Tip	363	159
		Left_Tang_Center	345	206
		Base_Center	362	220
		Right_Tang_Center	378	206
	</landmarks.pixel>
	<landmarks.scaled type=matrix rownames=TRUE colnames=FALSE nrow=4 ncol=2 as.numeric=TRUE >
		Point_Tip	134.438681564776	-58.8863646523399
		Left_Tang_Center	127.772300660737	-76.2930259017737
		Base_Center	134.068327070107	-81.4779888271369
		Right_Tang_Center	139.993998984808	-76.2930259017737
	</landmarks.scaled>
	<curves.control type=list>
		<Left_Side type=matrix rownames=FALSE colnames=FALSE nrow=11 ncol=2 as.numeric=TRUE >
			363	159
			361	160
			356	172
			356	174
			355	176
			353	179
			350	189
			347	193
			347	195
			342	203
			345	206
		</Left_Side>
		<Left_Wing type=matrix rownames=FALSE colnames=FALSE nrow=11 ncol=2 as.numeric=TRUE >
			345	206
			348	207
			350	205
			353	203
			354	203
			356	203
			355	205
			355	210
			355	213
			357	216
			362	220
		</Left_Wing>
		<Right_Wing type=matrix rownames=FALSE colnames=FALSE nrow=9 ncol=2 as.numeric=TRUE >
			362	220
			365	220
			368	213
			368	206
			368	204
			369	202
			372	205
			377	207
			378	206
		</Right_Wing>
		<Right_Side type=matrix rownames=FALSE colnames=FALSE nrow=9 ncol=2 as.numeric=TRUE >
			378	206
			380	204
			379	202
			377	200
			374	190
			372	182
			370	174
			368	167
			363	159
		</Right_Side>
	</curves.control>
	<curves.pixel type=list>
		<Left_Side type=matrix rownames=FALSE colnames=FALSE nrow=51 ncol=2 as.numeric=TRUE >
			363	159
			362	160
			361	161
			361	162
			360	163
			360	164
			359	165
			358	166
			358	167
			358	168
			357	169
			357	170
			357	171
			356	172
			356	173
			356	174
			355	175
			355	176
			354	177
			354	178
			353	179
			353	180
			353	181
			352	182
			352	183
			351	184
			351	185
			351	186
			351	187
			350	188
			350	189
			350	190
			349	190
			349	191
			348	191
			348	192
			348	193
			347	193
			347	194
			347	195
			346	196
			346	197
			345	198
			345	199
			345	200
			344	201
			344	202
			344	203
			344	204
			344	205
			345	206
		</Left_Side>
		<Left_Wing type=matrix rownames=FALSE colnames=FALSE nrow=30 ncol=2 as.numeric=TRUE >
			345	206
			346	206
			347	206
			348	206
			349	206
			350	205
			351	204
			352	204
			353	203
			354	203
			355	203
			355	204
			355	205
			355	206
			355	207
			355	208
			355	209
			355	210
			355	211
			355	212
			355	213
			356	214
			357	215
			357	216
			358	216
			359	217
			359	218
			360	219
			361	219
			362	220
		</Left_Wing>
		<Right_Wing type=matrix rownames=FALSE colnames=FALSE nrow=28 ncol=2 as.numeric=TRUE >
			362	220
			363	220
			364	219
			365	218
			366	217
			367	216
			367	215
			367	214
			368	213
			368	212
			368	211
			368	210
			368	209
			368	208
			368	207
			368	206
			368	205
			368	204
			369	203
			370	203
			371	204
			372	205
			373	206
			374	206
			375	206
			376	206
			377	206
			378	206
		</Right_Wing>
		<Right_Side type=matrix rownames=FALSE colnames=FALSE nrow=51 ncol=2 as.numeric=TRUE >
			378	206
			379	205
			379	204
			379	203
			379	202
			378	201
			377	200
			377	199
			377	198
			376	197
			376	196
			376	195
			375	194
			375	193
			375	192
			374	191
			374	190
			374	189
			374	188
			373	188
			373	187
			373	186
			373	185
			372	184
			372	183
			372	182
			372	181
			372	180
			371	179
			371	178
			371	177
			370	176
			370	175
			370	174
			370	173
			370	172
			369	172
			369	171
			369	170
			368	169
			368	168
			367	167
			367	166
			367	165
			366	165
			366	164
			365	163
			365	162
			364	161
			364	160
			363	159
		</Right_Side>
	</curves.pixel>
	<curves.scaled type=list>
		<Left_Side type=matrix rownames=FALSE colnames=FALSE nrow=51 ncol=2 as.numeric=TRUE >
			134.438681564776	-58.8863646523399
			134.068327070107	-59.2567191470087
			133.697972575438	-59.6270736416775
			133.697972575438	-59.9974281363463
			133.32761808077	-60.3677826310151
			133.32761808077	-60.7381371256839
			132.957263586101	-61.1084916203527
			132.586909091432	-61.4788461150215
			132.586909091432	-61.8492006096903
			132.586909091432	-62.2195551043591
			132.216554596763	-62.5899095990279
			132.216554596763	-62.9602640936967
			132.216554596763	-63.3306185883655
			131.846200102094	-63.7009730830343
			131.846200102094	-64.0713275777031
			131.846200102094	-64.4416820723719
			131.475845607426	-64.8120365670407
			131.475845607426	-65.1823910617096
			131.105491112757	-65.5527455563784
			131.105491112757	-65.9231000510472
			130.735136618088	-66.293454545716
			130.735136618088	-66.6638090403848
			130.735136618088	-67.0341635350536
			130.364782123419	-67.4045180297224
			130.364782123419	-67.7748725243912
			129.99442762875	-68.14522701906
			129.99442762875	-68.5155815137288
			129.99442762875	-68.8859360083976
			129.99442762875	-69.2562905030664
			129.624073134081	-69.6266449977352
			129.624073134081	-69.996999492404
			129.624073134081	-70.3673539870728
			129.253718639413	-70.3673539870728
			129.253718639413	-70.7377084817416
			128.883364144744	-70.7377084817416
			128.883364144744	-71.1080629764104
			128.883364144744	-71.4784174710792
			128.513009650075	-71.4784174710792
			128.513009650075	-71.848771965748
			128.513009650075	-72.2191264604168
			128.142655155406	-72.5894809550856
			128.142655155406	-72.9598354497544
			127.772300660737	-73.3301899444232
			127.772300660737	-73.7005444390921
			127.772300660737	-74.0708989337609
			127.401946166069	-74.4412534284297
			127.401946166069	-74.8116079230985
			127.401946166069	-75.1819624177673
			127.401946166069	-75.5523169124361
			127.401946166069	-75.9226714071049
			127.772300660737	-76.2930259017737
		</Left_Side>
		<Left_Wing type=matrix rownames=FALSE colnames=FALSE nrow=30 ncol=2 as.numeric=TRUE >
			127.772300660737	-76.2930259017737
			128.142655155406	-76.2930259017737
			128.513009650075	-76.2930259017737
			128.883364144744	-76.2930259017737
			129.253718639413	-76.2930259017737
			129.624073134081	-75.9226714071049
			129.99442762875	-75.5523169124361
			130.364782123419	-75.5523169124361
			130.735136618088	-75.1819624177673
			131.105491112757	-75.1819624177673
			131.475845607426	-75.1819624177673
			131.475845607426	-75.5523169124361
			131.475845607426	-75.9226714071049
			131.475845607426	-76.2930259017737
			131.475845607426	-76.6633803964425
			131.475845607426	-77.0337348911113
			131.475845607426	-77.4040893857801
			131.475845607426	-77.7744438804489
			131.475845607426	-78.1447983751177
			131.475845607426	-78.5151528697865
			131.475845607426	-78.8855073644553
			131.846200102094	-79.2558618591241
			132.216554596763	-79.6262163537929
			132.216554596763	-79.9965708484617
			132.586909091432	-79.9965708484617
			132.957263586101	-80.3669253431305
			132.957263586101	-80.7372798377993
			133.32761808077	-81.1076343324681
			133.697972575438	-81.1076343324681
			134.068327070107	-81.4779888271369
		</Left_Wing>
		<Right_Wing type=matrix rownames=FALSE colnames=FALSE nrow=28 ncol=2 as.numeric=TRUE >
			134.068327070107	-81.4779888271369
			134.438681564776	-81.4779888271369
			134.809036059445	-81.1076343324681
			135.179390554114	-80.7372798377993
			135.549745048782	-80.3669253431305
			135.920099543451	-79.9965708484617
			135.920099543451	-79.6262163537929
			135.920099543451	-79.2558618591241
			136.29045403812	-78.8855073644553
			136.29045403812	-78.5151528697865
			136.29045403812	-78.1447983751177
			136.29045403812	-77.7744438804489
			136.29045403812	-77.4040893857801
			136.29045403812	-77.0337348911113
			136.29045403812	-76.6633803964425
			136.29045403812	-76.2930259017737
			136.29045403812	-75.9226714071049
			136.29045403812	-75.5523169124361
			136.660808532789	-75.1819624177673
			137.031163027458	-75.1819624177673
			137.401517522126	-75.5523169124361
			137.771872016795	-75.9226714071049
			138.142226511464	-76.2930259017737
			138.512581006133	-76.2930259017737
			138.882935500802	-76.2930259017737
			139.25328999547	-76.2930259017737
			139.623644490139	-76.2930259017737
			139.993998984808	-76.2930259017737
		</Right_Wing>
		<Right_Side type=matrix rownames=FALSE colnames=FALSE nrow=51 ncol=2 as.numeric=TRUE >
			139.993998984808	-76.2930259017737
			140.364353479477	-75.9226714071049
			140.364353479477	-75.5523169124361
			140.364353479477	-75.1819624177673
			140.364353479477	-74.8116079230985
			139.993998984808	-74.4412534284297
			139.623644490139	-74.0708989337609
			139.623644490139	-73.7005444390921
			139.623644490139	-73.3301899444232
			139.25328999547	-72.9598354497544
			139.25328999547	-72.5894809550856
			139.25328999547	-72.2191264604168
			138.882935500802	-71.848771965748
			138.882935500802	-71.4784174710792
			138.882935500802	-71.1080629764104
			138.512581006133	-70.7377084817416
			138.512581006133	-70.3673539870728
			138.512581006133	-69.996999492404
			138.512581006133	-69.6266449977352
			138.142226511464	-69.6266449977352
			138.142226511464	-69.2562905030664
			138.142226511464	-68.8859360083976
			138.142226511464	-68.5155815137288
			137.771872016795	-68.14522701906
			137.771872016795	-67.7748725243912
			137.771872016795	-67.4045180297224
			137.771872016795	-67.0341635350536
			137.771872016795	-66.6638090403848
			137.401517522126	-66.293454545716
			137.401517522126	-65.9231000510472
			137.401517522126	-65.5527455563784
			137.031163027458	-65.1823910617096
			137.031163027458	-64.8120365670407
			137.031163027458	-64.4416820723719
			137.031163027458	-64.0713275777031
			137.031163027458	-63.7009730830343
			136.660808532789	-63.7009730830343
			136.660808532789	-63.3306185883655
			136.660808532789	-62.9602640936967
			136.29045403812	-62.5899095990279
			136.29045403812	-62.2195551043591
			135.920099543451	-61.8492006096903
			135.920099543451	-61.4788461150215
			135.920099543451	-61.1084916203527
			135.549745048782	-61.1084916203527
			135.549745048782	-60.7381371256839
			135.179390554114	-60.3677826310151
			135.179390554114	-59.9974281363463
			134.809036059445	-59.6270736416775
			134.809036059445	-59.2567191470087
			134.438681564776	-58.8863646523399
		</Right_Side>
	</curves.scaled>
	<ruler.points type=matrix rownames=TRUE colnames=FALSE nrow=6 ncol=2 as.numeric=TRUE >
		Ruler point 1	198	533
		Ruler point 2	225	533
		Ruler point 3	252	534
		Ruler point 4	279	534
		Ruler point 5	307	534
		Ruler point 6	333	534
	</ruler.points>
</shapes>

