<shapes type=list>
	<ruler.pixel type=vector names=FALSE length=1 as.numeric=TRUE >28.5000000056057</ruler.pixel>
	<ruler.interval type=vector names=FALSE length=1 as.numeric=TRUE >10</ruler.interval>
	<scaling.units type=vector names=FALSE length=1 as.numeric=FALSE >mm</scaling.units>
	<scaling type=vector names=FALSE length=1 as.numeric=TRUE >0.350877192913442</scaling>
	<landmarks.pixel type=matrix rownames=TRUE colnames=FALSE nrow=4 ncol=2 as.numeric=TRUE >
		Point_Tip	95	86
		Left_Tang_Center	67	156
		Base_Center	95	172
		Right_Tang_Center	125	156
	</landmarks.pixel>
	<landmarks.scaled type=matrix rownames=TRUE colnames=FALSE nrow=4 ncol=2 as.numeric=TRUE >
		Point_Tip	33.333333326777	-30.175438590556
		Left_Tang_Center	23.5087719252006	-54.736842094497
		Base_Center	33.333333326777	-60.3508771811121
		Right_Tang_Center	43.8596491141803	-54.736842094497
	</landmarks.scaled>
	<curves.control type=list>
		<Left_Side type=matrix rownames=FALSE colnames=FALSE nrow=7 ncol=2 as.numeric=TRUE >
			95	86
			93	94
			82	116
			81	121
			77	124
			64	150
			67	156
		</Left_Side>
		<Left_Wing type=matrix rownames=FALSE colnames=FALSE nrow=11 ncol=2 as.numeric=TRUE >
			67	156
			70	158
			73	154
			78	150
			80	148
			84	145
			86	149
			88	155
			89	167
			91	172
			95	172
		</Left_Wing>
		<Right_Wing type=matrix rownames=FALSE colnames=FALSE nrow=9 ncol=2 as.numeric=TRUE >
			95	172
			101	173
			102	168
			104	154
			105	149
			107	146
			111	148
			122	158
			125	156
		</Right_Wing>
		<Right_Side type=matrix rownames=FALSE colnames=FALSE nrow=5 ncol=2 as.numeric=TRUE >
			125	156
			126	152
			122	139
			99	99
			95	86
		</Right_Side>
	</curves.control>
	<curves.pixel type=list>
		<Left_Side type=matrix rownames=FALSE colnames=FALSE nrow=75 ncol=2 as.numeric=TRUE >
			95	86
			95	87
			94	88
			94	89
			94	90
			93	91
			93	92
			92	93
			92	94
			92	95
			92	96
			91	96
			91	97
			90	98
			90	99
			90	100
			89	101
			89	102
			88	103
			88	104
			87	105
			87	106
			86	107
			86	108
			85	109
			85	110
			84	111
			84	112
			83	113
			83	114
			83	115
			82	115
			82	116
			82	117
			81	118
			81	119
			80	120
			80	121
			79	122
			78	123
			77	124
			77	125
			76	126
			76	127
			75	128
			75	129
			74	130
			74	131
			73	132
			73	133
			72	134
			72	135
			71	136
			71	137
			71	138
			70	138
			70	139
			70	140
			69	141
			69	142
			69	143
			68	144
			68	145
			68	146
			67	147
			67	148
			67	149
			67	150
			67	151
			66	152
			66	153
			66	154
			67	154
			67	155
			67	156
		</Left_Side>
		<Left_Wing type=matrix rownames=FALSE colnames=FALSE nrow=48 ncol=2 as.numeric=TRUE >
			67	156
			68	156
			68	157
			69	157
			70	157
			71	156
			72	155
			73	154
			74	153
			75	152
			76	151
			77	151
			78	150
			79	149
			80	148
			81	147
			82	147
			83	147
			84	147
			85	147
			85	148
			86	149
			86	150
			87	151
			87	152
			87	153
			87	154
			88	155
			88	156
			88	157
			88	158
			88	159
			88	160
			88	161
			89	162
			89	163
			89	164
			89	165
			89	166
			89	167
			89	168
			90	168
			90	169
			91	170
			92	171
			93	172
			94	172
			95	172
		</Left_Wing>
		<Right_Wing type=matrix rownames=FALSE colnames=FALSE nrow=51 ncol=2 as.numeric=TRUE >
			95	172
			96	172
			97	172
			98	172
			99	172
			100	171
			101	171
			101	170
			102	169
			102	168
			102	167
			102	166
			102	165
			103	164
			103	163
			103	162
			103	161
			103	160
			103	159
			103	158
			104	157
			104	156
			104	155
			104	154
			104	153
			104	152
			105	151
			105	150
			105	149
			106	148
			107	147
			108	147
			109	147
			110	148
			111	148
			112	149
			113	150
			114	151
			115	152
			116	152
			117	153
			118	154
			119	154
			119	155
			120	155
			121	155
			121	156
			122	156
			123	156
			124	156
			125	156
		</Right_Wing>
		<Right_Side type=matrix rownames=FALSE colnames=FALSE nrow=74 ncol=2 as.numeric=TRUE >
			125	156
			125	155
			125	154
			125	153
			125	152
			125	151
			125	150
			125	149
			124	148
			124	147
			124	146
			124	145
			124	144
			123	144
			123	143
			123	142
			123	141
			122	140
			122	139
			121	138
			121	137
			120	136
			120	135
			119	134
			118	133
			118	132
			117	131
			117	130
			116	129
			116	128
			115	127
			115	126
			114	125
			114	124
			113	123
			113	122
			112	121
			112	120
			111	120
			111	119
			110	118
			110	117
			109	116
			109	115
			108	114
			107	113
			107	112
			106	111
			106	110
			105	109
			105	108
			105	107
			104	106
			103	105
			103	104
			102	103
			102	102
			101	101
			101	100
			100	99
			100	98
			100	97
			99	96
			98	95
			98	94
			98	93
			97	92
			97	91
			97	90
			96	90
			96	89
			96	88
			95	87
			95	86
		</Right_Side>
	</curves.pixel>
	<curves.scaled type=list>
		<Left_Side type=matrix rownames=FALSE colnames=FALSE nrow=75 ncol=2 as.numeric=TRUE >
			33.333333326777	-30.175438590556
			33.333333326777	-30.5263157834695
			32.9824561338636	-30.8771929763829
			32.9824561338636	-31.2280701692964
			32.9824561338636	-31.5789473622098
			32.6315789409501	-31.9298245551232
			32.6315789409501	-32.2807017480367
			32.2807017480367	-32.6315789409501
			32.2807017480367	-32.9824561338636
			32.2807017480367	-33.333333326777
			32.2807017480367	-33.6842105196905
			31.9298245551232	-33.6842105196905
			31.9298245551232	-34.0350877126039
			31.5789473622098	-34.3859649055173
			31.5789473622098	-34.7368420984308
			31.5789473622098	-35.0877192913442
			31.2280701692964	-35.4385964842577
			31.2280701692964	-35.7894736771711
			30.8771929763829	-36.1403508700845
			30.8771929763829	-36.491228062998
			30.5263157834695	-36.8421052559114
			30.5263157834695	-37.1929824488249
			30.175438590556	-37.5438596417383
			30.175438590556	-37.8947368346518
			29.8245613976426	-38.2456140275652
			29.8245613976426	-38.5964912204786
			29.4736842047291	-38.9473684133921
			29.4736842047291	-39.2982456063055
			29.1228070118157	-39.649122799219
			29.1228070118157	-39.9999999921324
			29.1228070118157	-40.3508771850459
			28.7719298189023	-40.3508771850459
			28.7719298189023	-40.7017543779593
			28.7719298189023	-41.0526315708727
			28.4210526259888	-41.4035087637862
			28.4210526259888	-41.7543859566996
			28.0701754330754	-42.1052631496131
			28.0701754330754	-42.4561403425265
			27.7192982401619	-42.80701753544
			27.3684210472485	-43.1578947283534
			27.0175438543351	-43.5087719212668
			27.0175438543351	-43.8596491141803
			26.6666666614216	-44.2105263070937
			26.6666666614216	-44.5614035000072
			26.3157894685082	-44.9122806929206
			26.3157894685082	-45.263157885834
			25.9649122755947	-45.6140350787475
			25.9649122755947	-45.9649122716609
			25.6140350826813	-46.3157894645744
			25.6140350826813	-46.6666666574878
			25.2631578897678	-47.0175438504013
			25.2631578897678	-47.3684210433147
			24.9122806968544	-47.7192982362281
			24.9122806968544	-48.0701754291416
			24.9122806968544	-48.421052622055
			24.561403503941	-48.421052622055
			24.561403503941	-48.7719298149685
			24.561403503941	-49.1228070078819
			24.2105263110275	-49.4736842007954
			24.2105263110275	-49.8245613937088
			24.2105263110275	-50.1754385866222
			23.8596491181141	-50.5263157795357
			23.8596491181141	-50.8771929724491
			23.8596491181141	-51.2280701653626
			23.5087719252006	-51.578947358276
			23.5087719252006	-51.9298245511894
			23.5087719252006	-52.2807017441029
			23.5087719252006	-52.6315789370163
			23.5087719252006	-52.9824561299298
			23.1578947322872	-53.3333333228432
			23.1578947322872	-53.6842105157567
			23.1578947322872	-54.0350877086701
			23.5087719252006	-54.0350877086701
			23.5087719252006	-54.3859649015835
			23.5087719252006	-54.736842094497
		</Left_Side>
		<Left_Wing type=matrix rownames=FALSE colnames=FALSE nrow=48 ncol=2 as.numeric=TRUE >
			23.5087719252006	-54.736842094497
			23.8596491181141	-54.736842094497
			23.8596491181141	-55.0877192874104
			24.2105263110275	-55.0877192874104
			24.561403503941	-55.0877192874104
			24.9122806968544	-54.736842094497
			25.2631578897678	-54.3859649015835
			25.6140350826813	-54.0350877086701
			25.9649122755947	-53.6842105157567
			26.3157894685082	-53.3333333228432
			26.6666666614216	-52.9824561299298
			27.0175438543351	-52.9824561299298
			27.3684210472485	-52.6315789370163
			27.7192982401619	-52.2807017441029
			28.0701754330754	-51.9298245511894
			28.4210526259888	-51.578947358276
			28.7719298189023	-51.578947358276
			29.1228070118157	-51.578947358276
			29.4736842047291	-51.578947358276
			29.8245613976426	-51.578947358276
			29.8245613976426	-51.9298245511894
			30.175438590556	-52.2807017441029
			30.175438590556	-52.6315789370163
			30.5263157834695	-52.9824561299298
			30.5263157834695	-53.3333333228432
			30.5263157834695	-53.6842105157567
			30.5263157834695	-54.0350877086701
			30.8771929763829	-54.3859649015835
			30.8771929763829	-54.736842094497
			30.8771929763829	-55.0877192874104
			30.8771929763829	-55.4385964803239
			30.8771929763829	-55.7894736732373
			30.8771929763829	-56.1403508661508
			30.8771929763829	-56.4912280590642
			31.2280701692964	-56.8421052519776
			31.2280701692964	-57.1929824448911
			31.2280701692964	-57.5438596378045
			31.2280701692964	-57.894736830718
			31.2280701692964	-58.2456140236314
			31.2280701692964	-58.5964912165448
			31.2280701692964	-58.9473684094583
			31.5789473622098	-58.9473684094583
			31.5789473622098	-59.2982456023717
			31.9298245551232	-59.6491227952852
			32.2807017480367	-59.9999999881986
			32.6315789409501	-60.3508771811121
			32.9824561338636	-60.3508771811121
			33.333333326777	-60.3508771811121
		</Left_Wing>
		<Right_Wing type=matrix rownames=FALSE colnames=FALSE nrow=51 ncol=2 as.numeric=TRUE >
			33.333333326777	-60.3508771811121
			33.6842105196905	-60.3508771811121
			34.0350877126039	-60.3508771811121
			34.3859649055173	-60.3508771811121
			34.7368420984308	-60.3508771811121
			35.0877192913442	-59.9999999881986
			35.4385964842577	-59.9999999881986
			35.4385964842577	-59.6491227952852
			35.7894736771711	-59.2982456023717
			35.7894736771711	-58.9473684094583
			35.7894736771711	-58.5964912165448
			35.7894736771711	-58.2456140236314
			35.7894736771711	-57.894736830718
			36.1403508700845	-57.5438596378045
			36.1403508700845	-57.1929824448911
			36.1403508700845	-56.8421052519776
			36.1403508700845	-56.4912280590642
			36.1403508700845	-56.1403508661508
			36.1403508700845	-55.7894736732373
			36.1403508700845	-55.4385964803239
			36.491228062998	-55.0877192874104
			36.491228062998	-54.736842094497
			36.491228062998	-54.3859649015835
			36.491228062998	-54.0350877086701
			36.491228062998	-53.6842105157567
			36.491228062998	-53.3333333228432
			36.8421052559114	-52.9824561299298
			36.8421052559114	-52.6315789370163
			36.8421052559114	-52.2807017441029
			37.1929824488249	-51.9298245511894
			37.5438596417383	-51.578947358276
			37.8947368346518	-51.578947358276
			38.2456140275652	-51.578947358276
			38.5964912204786	-51.9298245511894
			38.9473684133921	-51.9298245511894
			39.2982456063055	-52.2807017441029
			39.649122799219	-52.6315789370163
			39.9999999921324	-52.9824561299298
			40.3508771850459	-53.3333333228432
			40.7017543779593	-53.3333333228432
			41.0526315708727	-53.6842105157567
			41.4035087637862	-54.0350877086701
			41.7543859566996	-54.0350877086701
			41.7543859566996	-54.3859649015835
			42.1052631496131	-54.3859649015835
			42.4561403425265	-54.3859649015835
			42.4561403425265	-54.736842094497
			42.80701753544	-54.736842094497
			43.1578947283534	-54.736842094497
			43.5087719212668	-54.736842094497
			43.8596491141803	-54.736842094497
		</Right_Wing>
		<Right_Side type=matrix rownames=FALSE colnames=FALSE nrow=74 ncol=2 as.numeric=TRUE >
			43.8596491141803	-54.736842094497
			43.8596491141803	-54.3859649015835
			43.8596491141803	-54.0350877086701
			43.8596491141803	-53.6842105157567
			43.8596491141803	-53.3333333228432
			43.8596491141803	-52.9824561299298
			43.8596491141803	-52.6315789370163
			43.8596491141803	-52.2807017441029
			43.5087719212668	-51.9298245511894
			43.5087719212668	-51.578947358276
			43.5087719212668	-51.2280701653626
			43.5087719212668	-50.8771929724491
			43.5087719212668	-50.5263157795357
			43.1578947283534	-50.5263157795357
			43.1578947283534	-50.1754385866222
			43.1578947283534	-49.8245613937088
			43.1578947283534	-49.4736842007954
			42.80701753544	-49.1228070078819
			42.80701753544	-48.7719298149685
			42.4561403425265	-48.421052622055
			42.4561403425265	-48.0701754291416
			42.1052631496131	-47.7192982362281
			42.1052631496131	-47.3684210433147
			41.7543859566996	-47.0175438504013
			41.4035087637862	-46.6666666574878
			41.4035087637862	-46.3157894645744
			41.0526315708727	-45.9649122716609
			41.0526315708727	-45.6140350787475
			40.7017543779593	-45.263157885834
			40.7017543779593	-44.9122806929206
			40.3508771850459	-44.5614035000072
			40.3508771850459	-44.2105263070937
			39.9999999921324	-43.8596491141803
			39.9999999921324	-43.5087719212668
			39.649122799219	-43.1578947283534
			39.649122799219	-42.80701753544
			39.2982456063055	-42.4561403425265
			39.2982456063055	-42.1052631496131
			38.9473684133921	-42.1052631496131
			38.9473684133921	-41.7543859566996
			38.5964912204786	-41.4035087637862
			38.5964912204786	-41.0526315708727
			38.2456140275652	-40.7017543779593
			38.2456140275652	-40.3508771850459
			37.8947368346518	-39.9999999921324
			37.5438596417383	-39.649122799219
			37.5438596417383	-39.2982456063055
			37.1929824488249	-38.9473684133921
			37.1929824488249	-38.5964912204786
			36.8421052559114	-38.2456140275652
			36.8421052559114	-37.8947368346518
			36.8421052559114	-37.5438596417383
			36.491228062998	-37.1929824488249
			36.1403508700845	-36.8421052559114
			36.1403508700845	-36.491228062998
			35.7894736771711	-36.1403508700845
			35.7894736771711	-35.7894736771711
			35.4385964842577	-35.4385964842577
			35.4385964842577	-35.0877192913442
			35.0877192913442	-34.7368420984308
			35.0877192913442	-34.3859649055173
			35.0877192913442	-34.0350877126039
			34.7368420984308	-33.6842105196905
			34.3859649055173	-33.333333326777
			34.3859649055173	-32.9824561338636
			34.3859649055173	-32.6315789409501
			34.0350877126039	-32.2807017480367
			34.0350877126039	-31.9298245551232
			34.0350877126039	-31.5789473622098
			33.6842105196905	-31.5789473622098
			33.6842105196905	-31.2280701692964
			33.6842105196905	-30.8771929763829
			33.333333326777	-30.5263157834695
			33.333333326777	-30.175438590556
		</Right_Side>
	</curves.scaled>
	<ruler.points type=matrix rownames=TRUE colnames=FALSE nrow=3 ncol=2 as.numeric=TRUE >
		Ruler point 1	260	417
		Ruler point 2	288	417
		Ruler point 3	317	417
	</ruler.points>
</shapes>

