<shapes type=list>
	<ruler.pixel type=vector names=FALSE length=1 as.numeric=TRUE >27</ruler.pixel>
	<ruler.interval type=vector names=FALSE length=1 as.numeric=TRUE >10</ruler.interval>
	<scaling.units type=vector names=FALSE length=1 as.numeric=FALSE >mm</scaling.units>
	<scaling type=vector names=FALSE length=1 as.numeric=TRUE >0.37037037037037</scaling>
	<landmarks.pixel type=matrix rownames=TRUE colnames=FALSE nrow=4 ncol=2 as.numeric=TRUE >
		Point_Tip	106	210
		Left_Tang_Center	85	255
		Base_Center	104	273
		Right_Tang_Center	131	257
	</landmarks.pixel>
	<landmarks.scaled type=matrix rownames=TRUE colnames=FALSE nrow=4 ncol=2 as.numeric=TRUE >
		Point_Tip	39.2592592592593	-77.7777777777778
		Left_Tang_Center	31.4814814814815	-94.4444444444444
		Base_Center	38.5185185185185	-101.111111111111
		Right_Tang_Center	48.5185185185185	-95.1851851851852
	</landmarks.scaled>
	<curves.control type=list>
		<Left_Side type=matrix rownames=FALSE colnames=FALSE nrow=9 ncol=2 as.numeric=TRUE >
			106	210
			101	217
			95	229
			94	234
			94	238
			92	242
			88	248
			85	251
			85	255
		</Left_Side>
		<Left_Wing type=matrix rownames=FALSE colnames=FALSE nrow=9 ncol=2 as.numeric=TRUE >
			85	255
			87	257
			91	256
			97	256
			100	269
			101	272
			100	271
			102	273
			104	273
		</Left_Wing>
		<Right_Wing type=matrix rownames=FALSE colnames=FALSE nrow=9 ncol=2 as.numeric=TRUE >
			104	273
			108	271
			111	264
			113	259
			114	257
			120	257
			125	258
			129	259
			131	257
		</Right_Wing>
		<Right_Side type=matrix rownames=FALSE colnames=FALSE nrow=17 ncol=2 as.numeric=TRUE >
			131	257
			131	254
			129	253
			125	251
			126	246
			126	244
			123	240
			121	241
			120	238
			120	235
			118	230
			116	229
			114	229
			114	223
			112	219
			108	214
			106	210
		</Right_Side>
	</curves.control>
	<curves.pixel type=list>
		<Left_Side type=matrix rownames=FALSE colnames=FALSE nrow=49 ncol=2 as.numeric=TRUE >
			106	210
			105	211
			104	212
			104	213
			103	214
			103	215
			102	215
			102	216
			101	217
			101	218
			100	219
			100	220
			99	221
			99	222
			98	223
			98	224
			97	225
			97	226
			96	227
			95	228
			95	229
			95	230
			95	231
			94	232
			94	233
			94	234
			94	235
			94	236
			94	237
			94	238
			93	239
			93	240
			92	241
			92	242
			91	243
			91	244
			90	244
			90	245
			89	246
			89	247
			88	248
			87	249
			86	250
			86	251
			86	252
			85	252
			85	253
			85	254
			85	255
		</Left_Side>
		<Left_Wing type=matrix rownames=FALSE colnames=FALSE nrow=30 ncol=2 as.numeric=TRUE >
			85	255
			86	255
			86	256
			87	256
			88	256
			89	256
			90	256
			91	256
			92	256
			93	256
			94	257
			95	258
			96	258
			96	259
			97	260
			97	261
			98	262
			98	263
			98	264
			99	265
			99	266
			100	267
			100	268
			100	269
			100	270
			100	271
			101	272
			102	272
			103	273
			104	273
		</Left_Wing>
		<Right_Wing type=matrix rownames=FALSE colnames=FALSE nrow=38 ncol=2 as.numeric=TRUE >
			104	273
			105	273
			106	272
			107	271
			107	270
			108	269
			109	268
			110	267
			110	266
			111	265
			111	264
			111	263
			112	263
			112	262
			112	261
			113	260
			113	259
			113	258
			114	258
			114	257
			115	257
			116	257
			117	257
			118	257
			119	257
			120	257
			121	257
			122	257
			122	258
			123	258
			124	258
			125	258
			126	258
			127	258
			128	258
			129	258
			130	258
			131	257
		</Right_Wing>
		<Right_Side type=matrix rownames=FALSE colnames=FALSE nrow=55 ncol=2 as.numeric=TRUE >
			131	257
			131	256
			131	255
			130	254
			130	253
			129	253
			128	252
			127	251
			126	250
			126	249
			126	248
			126	247
			126	246
			126	245
			126	244
			125	243
			124	242
			123	241
			122	240
			121	240
			121	239
			120	238
			120	237
			120	236
			120	235
			119	234
			119	233
			119	232
			118	231
			118	230
			117	230
			117	229
			116	229
			115	229
			114	229
			114	228
			114	227
			114	226
			114	225
			114	224
			113	223
			113	222
			113	221
			113	220
			112	220
			112	219
			111	218
			111	217
			110	216
			109	215
			108	214
			108	213
			107	212
			107	211
			106	210
		</Right_Side>
	</curves.pixel>
	<curves.scaled type=list>
		<Left_Side type=matrix rownames=FALSE colnames=FALSE nrow=49 ncol=2 as.numeric=TRUE >
			39.2592592592593	-77.7777777777778
			38.8888888888889	-78.1481481481481
			38.5185185185185	-78.5185185185185
			38.5185185185185	-78.8888888888889
			38.1481481481481	-79.2592592592593
			38.1481481481481	-79.6296296296296
			37.7777777777778	-79.6296296296296
			37.7777777777778	-80
			37.4074074074074	-80.3703703703704
			37.4074074074074	-80.7407407407407
			37.037037037037	-81.1111111111111
			37.037037037037	-81.4814814814815
			36.6666666666667	-81.8518518518518
			36.6666666666667	-82.2222222222222
			36.2962962962963	-82.5925925925926
			36.2962962962963	-82.962962962963
			35.9259259259259	-83.3333333333333
			35.9259259259259	-83.7037037037037
			35.5555555555556	-84.0740740740741
			35.1851851851852	-84.4444444444444
			35.1851851851852	-84.8148148148148
			35.1851851851852	-85.1851851851852
			35.1851851851852	-85.5555555555556
			34.8148148148148	-85.9259259259259
			34.8148148148148	-86.2962962962963
			34.8148148148148	-86.6666666666667
			34.8148148148148	-87.037037037037
			34.8148148148148	-87.4074074074074
			34.8148148148148	-87.7777777777778
			34.8148148148148	-88.1481481481481
			34.4444444444444	-88.5185185185185
			34.4444444444444	-88.8888888888889
			34.0740740740741	-89.2592592592593
			34.0740740740741	-89.6296296296296
			33.7037037037037	-90
			33.7037037037037	-90.3703703703704
			33.3333333333333	-90.3703703703704
			33.3333333333333	-90.7407407407407
			32.962962962963	-91.1111111111111
			32.962962962963	-91.4814814814815
			32.5925925925926	-91.8518518518518
			32.2222222222222	-92.2222222222222
			31.8518518518519	-92.5925925925926
			31.8518518518519	-92.962962962963
			31.8518518518519	-93.3333333333333
			31.4814814814815	-93.3333333333333
			31.4814814814815	-93.7037037037037
			31.4814814814815	-94.0740740740741
			31.4814814814815	-94.4444444444444
		</Left_Side>
		<Left_Wing type=matrix rownames=FALSE colnames=FALSE nrow=30 ncol=2 as.numeric=TRUE >
			31.4814814814815	-94.4444444444444
			31.8518518518519	-94.4444444444444
			31.8518518518519	-94.8148148148148
			32.2222222222222	-94.8148148148148
			32.5925925925926	-94.8148148148148
			32.962962962963	-94.8148148148148
			33.3333333333333	-94.8148148148148
			33.7037037037037	-94.8148148148148
			34.0740740740741	-94.8148148148148
			34.4444444444444	-94.8148148148148
			34.8148148148148	-95.1851851851852
			35.1851851851852	-95.5555555555556
			35.5555555555556	-95.5555555555556
			35.5555555555556	-95.9259259259259
			35.9259259259259	-96.2962962962963
			35.9259259259259	-96.6666666666667
			36.2962962962963	-97.037037037037
			36.2962962962963	-97.4074074074074
			36.2962962962963	-97.7777777777778
			36.6666666666667	-98.1481481481481
			36.6666666666667	-98.5185185185185
			37.037037037037	-98.8888888888889
			37.037037037037	-99.2592592592593
			37.037037037037	-99.6296296296296
			37.037037037037	-100
			37.037037037037	-100.37037037037
			37.4074074074074	-100.740740740741
			37.7777777777778	-100.740740740741
			38.1481481481481	-101.111111111111
			38.5185185185185	-101.111111111111
		</Left_Wing>
		<Right_Wing type=matrix rownames=FALSE colnames=FALSE nrow=38 ncol=2 as.numeric=TRUE >
			38.5185185185185	-101.111111111111
			38.8888888888889	-101.111111111111
			39.2592592592593	-100.740740740741
			39.6296296296296	-100.37037037037
			39.6296296296296	-100
			40	-99.6296296296296
			40.3703703703704	-99.2592592592593
			40.7407407407407	-98.8888888888889
			40.7407407407407	-98.5185185185185
			41.1111111111111	-98.1481481481481
			41.1111111111111	-97.7777777777778
			41.1111111111111	-97.4074074074074
			41.4814814814815	-97.4074074074074
			41.4814814814815	-97.037037037037
			41.4814814814815	-96.6666666666667
			41.8518518518518	-96.2962962962963
			41.8518518518518	-95.9259259259259
			41.8518518518518	-95.5555555555556
			42.2222222222222	-95.5555555555556
			42.2222222222222	-95.1851851851852
			42.5925925925926	-95.1851851851852
			42.962962962963	-95.1851851851852
			43.3333333333333	-95.1851851851852
			43.7037037037037	-95.1851851851852
			44.0740740740741	-95.1851851851852
			44.4444444444444	-95.1851851851852
			44.8148148148148	-95.1851851851852
			45.1851851851852	-95.1851851851852
			45.1851851851852	-95.5555555555556
			45.5555555555556	-95.5555555555556
			45.9259259259259	-95.5555555555556
			46.2962962962963	-95.5555555555556
			46.6666666666667	-95.5555555555556
			47.037037037037	-95.5555555555556
			47.4074074074074	-95.5555555555556
			47.7777777777778	-95.5555555555556
			48.1481481481481	-95.5555555555556
			48.5185185185185	-95.1851851851852
		</Right_Wing>
		<Right_Side type=matrix rownames=FALSE colnames=FALSE nrow=55 ncol=2 as.numeric=TRUE >
			48.5185185185185	-95.1851851851852
			48.5185185185185	-94.8148148148148
			48.5185185185185	-94.4444444444444
			48.1481481481481	-94.0740740740741
			48.1481481481481	-93.7037037037037
			47.7777777777778	-93.7037037037037
			47.4074074074074	-93.3333333333333
			47.037037037037	-92.962962962963
			46.6666666666667	-92.5925925925926
			46.6666666666667	-92.2222222222222
			46.6666666666667	-91.8518518518518
			46.6666666666667	-91.4814814814815
			46.6666666666667	-91.1111111111111
			46.6666666666667	-90.7407407407407
			46.6666666666667	-90.3703703703704
			46.2962962962963	-90
			45.9259259259259	-89.6296296296296
			45.5555555555556	-89.2592592592593
			45.1851851851852	-88.8888888888889
			44.8148148148148	-88.8888888888889
			44.8148148148148	-88.5185185185185
			44.4444444444444	-88.1481481481481
			44.4444444444444	-87.7777777777778
			44.4444444444444	-87.4074074074074
			44.4444444444444	-87.037037037037
			44.0740740740741	-86.6666666666667
			44.0740740740741	-86.2962962962963
			44.0740740740741	-85.9259259259259
			43.7037037037037	-85.5555555555556
			43.7037037037037	-85.1851851851852
			43.3333333333333	-85.1851851851852
			43.3333333333333	-84.8148148148148
			42.962962962963	-84.8148148148148
			42.5925925925926	-84.8148148148148
			42.2222222222222	-84.8148148148148
			42.2222222222222	-84.4444444444444
			42.2222222222222	-84.0740740740741
			42.2222222222222	-83.7037037037037
			42.2222222222222	-83.3333333333333
			42.2222222222222	-82.962962962963
			41.8518518518518	-82.5925925925926
			41.8518518518518	-82.2222222222222
			41.8518518518518	-81.8518518518518
			41.8518518518518	-81.4814814814815
			41.4814814814815	-81.4814814814815
			41.4814814814815	-81.1111111111111
			41.1111111111111	-80.7407407407407
			41.1111111111111	-80.3703703703704
			40.7407407407407	-80
			40.3703703703704	-79.6296296296296
			40	-79.2592592592593
			40	-78.8888888888889
			39.6296296296296	-78.5185185185185
			39.6296296296296	-78.1481481481481
			39.2592592592593	-77.7777777777778
		</Right_Side>
	</curves.scaled>
	<ruler.points type=matrix rownames=TRUE colnames=FALSE nrow=6 ncol=2 as.numeric=TRUE >
		Ruler point 1	188	525
		Ruler point 2	215	525
		Ruler point 3	242	525
		Ruler point 4	269	525
		Ruler point 5	296	525
		Ruler point 6	323	524
	</ruler.points>
</shapes>

