<shapes type=list>
	<ruler.interval type=vector names=FALSE length=1 as.numeric=TRUE >10</ruler.interval>
	<scaling.units type=vector names=FALSE length=1 as.numeric=FALSE >mm</scaling.units>
	<scaling type=vector names=FALSE length=1 as.numeric=TRUE >0.256388492573731</scaling>
	<landmarks.pixel type=matrix rownames=TRUE colnames=FALSE nrow=4 ncol=2 as.numeric=TRUE >
		Point_Tip	288	85
		Left_Tang_Center	222	210
		Base_Center	293	244
		Right_Tang_Center	343	202
	</landmarks.pixel>
	<landmarks.scaled type=matrix rownames=TRUE colnames=FALSE nrow=4 ncol=2 as.numeric=TRUE >
		Point_Tip	73.8398858612345	-21.7930218687671
		Left_Tang_Center	56.9182453513683	-53.8415834404835
		Base_Center	75.1218283241032	-62.5587921879904
		Right_Tang_Center	87.9412529527898	-51.7904754998937
	</landmarks.scaled>
	<curves.control type=list>
		<Left_Side type=matrix rownames=FALSE colnames=FALSE nrow=31 ncol=2 as.numeric=TRUE >
			288	85
			286	86
			285	88
			284	90
			284	92
			286	97
			280	99
			280	102
			278	104
			278	108
			274	112
			274	116
			270	119
			268	128
			261	150
			259	152
			260	155
			260	160
			257	163
			254	169
			252	176
			244	182
			243	186
			241	190
			231	196
			226	197
			224	199
			223	201
			221	203
			221	207
			222	210
		</Left_Side>
		<Left_Wing type=matrix rownames=FALSE colnames=FALSE nrow=9 ncol=2 as.numeric=TRUE >
			222	210
			224	213
			228	213
			262	206
			268	218
			277	232
			283	241
			287	244
			293	244
		</Left_Wing>
		<Right_Wing type=matrix rownames=FALSE colnames=FALSE nrow=11 ncol=2 as.numeric=TRUE >
			293	244
			299	244
			303	241
			319	217
			320	214
			323	212
			327	209
			332	208
			336	209
			339	203
			343	202
		</Right_Wing>
		<Right_Side type=matrix rownames=FALSE colnames=FALSE nrow=25 ncol=2 as.numeric=TRUE >
			343	202
			343	196
			343	192
			338	189
			329	177
			330	172
			326	169
			324	166
			326	164
			328	161
			324	157
			322	149
			321	139
			314	132
			316	127
			310	124
			310	118
			305	115
			306	109
			301	104
			299	99
			294	96
			292	90
			290	88
			288	85
		</Right_Side>
	</curves.control>
	<curves.pixel type=list>
		<Left_Side type=matrix rownames=FALSE colnames=FALSE nrow=142 ncol=2 as.numeric=TRUE >
			288	85
			287	85
			287	86
			286	87
			285	87
			285	88
			285	89
			284	90
			284	91
			284	92
			284	93
			284	94
			284	95
			284	96
			283	97
			282	98
			281	99
			280	99
			280	100
			280	101
			279	102
			279	103
			278	104
			278	105
			278	106
			277	107
			277	108
			276	109
			276	110
			275	111
			274	112
			274	113
			274	114
			273	115
			273	116
			272	117
			271	118
			270	119
			270	120
			269	121
			269	122
			269	123
			269	124
			269	125
			268	125
			268	126
			268	127
			268	128
			267	129
			267	130
			267	131
			267	132
			266	133
			266	134
			266	135
			265	136
			265	137
			265	138
			264	139
			264	140
			264	141
			263	142
			263	143
			263	144
			263	145
			262	146
			262	147
			262	148
			261	149
			261	150
			260	151
			260	152
			260	153
			260	154
			260	155
			260	156
			260	157
			260	158
			259	159
			259	160
			259	161
			258	162
			257	163
			257	164
			256	165
			255	166
			255	167
			255	168
			254	169
			254	170
			254	171
			253	172
			253	173
			253	174
			252	175
			252	176
			251	177
			250	178
			249	178
			248	179
			247	180
			247	181
			246	181
			245	182
			245	183
			244	183
			244	184
			244	185
			243	185
			243	186
			243	187
			242	188
			241	189
			240	190
			239	190
			238	191
			237	192
			236	193
			235	194
			234	194
			233	195
			232	195
			231	196
			230	196
			229	196
			228	197
			227	197
			226	198
			225	199
			224	199
			223	200
			223	201
			222	202
			221	202
			221	203
			221	204
			221	205
			221	206
			221	207
			222	208
			222	209
			222	210
		</Left_Side>
		<Left_Wing type=matrix rownames=FALSE colnames=FALSE nrow=83 ncol=2 as.numeric=TRUE >
			222	210
			222	211
			223	211
			224	212
			225	212
			226	213
			227	213
			228	213
			229	213
			230	213
			231	212
			232	212
			233	212
			234	212
			235	212
			236	212
			237	211
			238	211
			239	211
			240	211
			241	211
			242	211
			243	211
			244	211
			245	211
			246	211
			247	210
			248	210
			249	210
			250	210
			251	210
			252	210
			253	211
			254	211
			255	211
			256	211
			257	211
			258	211
			259	211
			260	212
			261	212
			262	213
			263	213
			264	213
			264	214
			265	214
			266	215
			267	216
			268	217
			268	218
			269	219
			269	220
			270	221
			271	222
			271	223
			272	224
			272	225
			273	226
			274	227
			275	228
			275	229
			276	230
			277	231
			277	232
			278	233
			278	234
			279	235
			280	236
			280	237
			281	238
			282	239
			282	240
			283	241
			284	242
			285	242
			286	243
			287	243
			288	243
			289	244
			290	244
			291	244
			292	244
			293	244
		</Left_Wing>
		<Right_Wing type=matrix rownames=FALSE colnames=FALSE nrow=65 ncol=2 as.numeric=TRUE >
			293	244
			294	244
			295	244
			296	244
			297	244
			298	243
			299	243
			300	243
			301	242
			302	242
			303	241
			304	240
			304	239
			305	238
			306	237
			306	236
			307	235
			308	234
			308	233
			309	232
			310	231
			310	230
			311	229
			312	228
			312	227
			313	226
			313	225
			314	224
			315	223
			315	222
			316	221
			316	220
			317	220
			317	219
			318	218
			318	217
			319	216
			319	215
			320	215
			320	214
			321	214
			322	213
			322	212
			323	212
			324	211
			325	210
			326	210
			327	209
			328	209
			329	209
			330	209
			331	209
			332	209
			333	209
			334	209
			335	209
			336	208
			337	207
			338	206
			339	205
			339	204
			340	203
			341	203
			342	202
			343	202
		</Right_Wing>
		<Right_Side type=matrix rownames=FALSE colnames=FALSE nrow=127 ncol=2 as.numeric=TRUE >
			343	202
			343	201
			343	200
			343	199
			343	198
			343	197
			343	196
			343	195
			343	194
			343	193
			343	192
			342	191
			341	190
			340	189
			339	189
			338	188
			337	187
			336	186
			335	185
			334	184
			334	183
			333	182
			332	181
			331	180
			330	179
			330	178
			329	177
			329	176
			329	175
			329	174
			329	173
			329	172
			328	171
			328	170
			327	170
			326	169
			326	168
			325	168
			325	167
			325	166
			325	165
			326	164
			327	163
			327	162
			327	161
			326	160
			326	159
			325	158
			324	157
			324	156
			324	155
			323	154
			323	153
			323	152
			323	151
			323	150
			322	150
			322	149
			322	148
			322	147
			322	146
			322	145
			322	144
			321	143
			321	142
			321	141
			321	140
			321	139
			320	138
			319	137
			318	136
			318	135
			317	134
			316	133
			316	132
			316	131
			316	130
			316	129
			316	128
			316	127
			315	127
			315	126
			314	126
			313	125
			312	124
			311	123
			311	122
			310	121
			310	120
			310	119
			310	118
			309	117
			308	117
			307	116
			307	115
			306	114
			306	113
			306	112
			306	111
			306	110
			306	109
			305	108
			304	107
			303	106
			303	105
			302	104
			301	103
			301	102
			300	101
			300	100
			299	99
			298	99
			297	98
			297	97
			296	97
			295	96
			294	95
			294	94
			293	93
			293	92
			292	91
			292	90
			291	89
			290	88
			289	87
			289	86
			288	85
		</Right_Side>
	</curves.pixel>
	<curves.scaled type=list>
		<Left_Side type=matrix rownames=FALSE colnames=FALSE nrow=142 ncol=2 as.numeric=TRUE >
			73.8398858612345	-21.7930218687671
			73.5834973686608	-21.7930218687671
			73.5834973686608	-22.0494103613409
			73.3271088760871	-22.3057988539146
			73.0707203835134	-22.3057988539146
			73.0707203835134	-22.5621873464883
			73.0707203835134	-22.8185758390621
			72.8143318909396	-23.0749643316358
			72.8143318909396	-23.3313528242095
			72.8143318909396	-23.5877413167833
			72.8143318909396	-23.844129809357
			72.8143318909396	-24.1005183019307
			72.8143318909396	-24.3569067945045
			72.8143318909396	-24.6132952870782
			72.5579433983659	-24.8696837796519
			72.3015549057922	-25.1260722722256
			72.0451664132184	-25.3824607647994
			71.7887779206447	-25.3824607647994
			71.7887779206447	-25.6388492573731
			71.7887779206447	-25.8952377499468
			71.532389428071	-26.1516262425206
			71.532389428071	-26.4080147350943
			71.2760009354972	-26.664403227668
			71.2760009354972	-26.9207917202418
			71.2760009354972	-27.1771802128155
			71.0196124429235	-27.4335687053892
			71.0196124429235	-27.689957197963
			70.7632239503498	-27.9463456905367
			70.7632239503498	-28.2027341831104
			70.506835457776	-28.4591226756841
			70.2504469652023	-28.7155111682579
			70.2504469652023	-28.9718996608316
			70.2504469652023	-29.2282881534053
			69.9940584726286	-29.4846766459791
			69.9940584726286	-29.7410651385528
			69.7376699800549	-29.9974536311265
			69.4812814874811	-30.2538421237003
			69.2248929949074	-30.510230616274
			69.2248929949074	-30.7666191088477
			68.9685045023337	-31.0230076014215
			68.9685045023337	-31.2793960939952
			68.9685045023337	-31.5357845865689
			68.9685045023337	-31.7921730791427
			68.9685045023337	-32.0485615717164
			68.7121160097599	-32.0485615717164
			68.7121160097599	-32.3049500642901
			68.7121160097599	-32.5613385568638
			68.7121160097599	-32.8177270494376
			68.4557275171862	-33.0741155420113
			68.4557275171862	-33.330504034585
			68.4557275171862	-33.5868925271588
			68.4557275171862	-33.8432810197325
			68.1993390246125	-34.0996695123062
			68.1993390246125	-34.35605800488
			68.1993390246125	-34.6124464974537
			67.9429505320387	-34.8688349900274
			67.9429505320387	-35.1252234826012
			67.9429505320387	-35.3816119751749
			67.686562039465	-35.6380004677486
			67.686562039465	-35.8943889603224
			67.686562039465	-36.1507774528961
			67.4301735468913	-36.4071659454698
			67.4301735468913	-36.6635544380435
			67.4301735468913	-36.9199429306173
			67.4301735468913	-37.176331423191
			67.1737850543175	-37.4327199157647
			67.1737850543175	-37.6891084083385
			67.1737850543175	-37.9454969009122
			66.9173965617438	-38.2018853934859
			66.9173965617438	-38.4582738860597
			66.6610080691701	-38.7146623786334
			66.6610080691701	-38.9710508712071
			66.6610080691701	-39.2274393637809
			66.6610080691701	-39.4838278563546
			66.6610080691701	-39.7402163489283
			66.6610080691701	-39.996604841502
			66.6610080691701	-40.2529933340758
			66.6610080691701	-40.5093818266495
			66.4046195765963	-40.7657703192232
			66.4046195765963	-41.022158811797
			66.4046195765963	-41.2785473043707
			66.1482310840226	-41.5349357969444
			65.8918425914489	-41.7913242895182
			65.8918425914489	-42.0477127820919
			65.6354540988752	-42.3041012746656
			65.3790656063014	-42.5604897672394
			65.3790656063014	-42.8168782598131
			65.3790656063014	-43.0732667523868
			65.1226771137277	-43.3296552449606
			65.1226771137277	-43.5860437375343
			65.1226771137277	-43.842432230108
			64.866288621154	-44.0988207226817
			64.866288621154	-44.3552092152555
			64.866288621154	-44.6115977078292
			64.6099001285802	-44.8679862004029
			64.6099001285802	-45.1243746929767
			64.3535116360065	-45.3807631855504
			64.0971231434328	-45.6371516781241
			63.840734650859	-45.6371516781241
			63.5843461582853	-45.8935401706979
			63.3279576657116	-46.1499286632716
			63.3279576657116	-46.4063171558453
			63.0715691731378	-46.4063171558453
			62.8151806805641	-46.6627056484191
			62.8151806805641	-46.9190941409928
			62.5587921879904	-46.9190941409928
			62.5587921879904	-47.1754826335665
			62.5587921879904	-47.4318711261403
			62.3024036954167	-47.4318711261403
			62.3024036954167	-47.688259618714
			62.3024036954167	-47.9446481112877
			62.0460152028429	-48.2010366038614
			61.7896267102692	-48.4574250964352
			61.5332382176955	-48.7138135890089
			61.2768497251217	-48.7138135890089
			61.020461232548	-48.9702020815826
			60.7640727399743	-49.2265905741564
			60.5076842474005	-49.4829790667301
			60.2512957548268	-49.7393675593038
			59.9949072622531	-49.7393675593038
			59.7385187696793	-49.9957560518776
			59.4821302771056	-49.9957560518776
			59.2257417845319	-50.2521445444513
			58.9693532919582	-50.2521445444513
			58.7129647993844	-50.2521445444513
			58.4565763068107	-50.508533037025
			58.200187814237	-50.508533037025
			57.9437993216632	-50.7649215295988
			57.6874108290895	-51.0213100221725
			57.4310223365158	-51.0213100221725
			57.174633843942	-51.2776985147462
			57.174633843942	-51.5340870073199
			56.9182453513683	-51.7904754998937
			56.6618568587946	-51.7904754998937
			56.6618568587946	-52.0468639924674
			56.6618568587946	-52.3032524850411
			56.6618568587946	-52.5596409776149
			56.6618568587946	-52.8160294701886
			56.6618568587946	-53.0724179627623
			56.9182453513683	-53.3288064553361
			56.9182453513683	-53.5851949479098
			56.9182453513683	-53.8415834404835
		</Left_Side>
		<Left_Wing type=matrix rownames=FALSE colnames=FALSE nrow=83 ncol=2 as.numeric=TRUE >
			56.9182453513683	-53.8415834404835
			56.9182453513683	-54.0979719330573
			57.174633843942	-54.0979719330573
			57.4310223365158	-54.354360425631
			57.6874108290895	-54.354360425631
			57.9437993216632	-54.6107489182047
			58.200187814237	-54.6107489182047
			58.4565763068107	-54.6107489182047
			58.7129647993844	-54.6107489182047
			58.9693532919582	-54.6107489182047
			59.2257417845319	-54.354360425631
			59.4821302771056	-54.354360425631
			59.7385187696793	-54.354360425631
			59.9949072622531	-54.354360425631
			60.2512957548268	-54.354360425631
			60.5076842474005	-54.354360425631
			60.7640727399743	-54.0979719330573
			61.020461232548	-54.0979719330573
			61.2768497251217	-54.0979719330573
			61.5332382176955	-54.0979719330573
			61.7896267102692	-54.0979719330573
			62.0460152028429	-54.0979719330573
			62.3024036954167	-54.0979719330573
			62.5587921879904	-54.0979719330573
			62.8151806805641	-54.0979719330573
			63.0715691731378	-54.0979719330573
			63.3279576657116	-53.8415834404835
			63.5843461582853	-53.8415834404835
			63.840734650859	-53.8415834404835
			64.0971231434328	-53.8415834404835
			64.3535116360065	-53.8415834404835
			64.6099001285802	-53.8415834404835
			64.866288621154	-54.0979719330573
			65.1226771137277	-54.0979719330573
			65.3790656063014	-54.0979719330573
			65.6354540988752	-54.0979719330573
			65.8918425914489	-54.0979719330573
			66.1482310840226	-54.0979719330573
			66.4046195765963	-54.0979719330573
			66.6610080691701	-54.354360425631
			66.9173965617438	-54.354360425631
			67.1737850543175	-54.6107489182047
			67.4301735468913	-54.6107489182047
			67.686562039465	-54.6107489182047
			67.686562039465	-54.8671374107785
			67.9429505320387	-54.8671374107785
			68.1993390246125	-55.1235259033522
			68.4557275171862	-55.3799143959259
			68.7121160097599	-55.6363028884996
			68.7121160097599	-55.8926913810734
			68.9685045023337	-56.1490798736471
			68.9685045023337	-56.4054683662208
			69.2248929949074	-56.6618568587946
			69.4812814874811	-56.9182453513683
			69.4812814874811	-57.174633843942
			69.7376699800549	-57.4310223365158
			69.7376699800549	-57.6874108290895
			69.9940584726286	-57.9437993216632
			70.2504469652023	-58.200187814237
			70.506835457776	-58.4565763068107
			70.506835457776	-58.7129647993844
			70.7632239503498	-58.9693532919582
			71.0196124429235	-59.2257417845319
			71.0196124429235	-59.4821302771056
			71.2760009354972	-59.7385187696793
			71.2760009354972	-59.9949072622531
			71.532389428071	-60.2512957548268
			71.7887779206447	-60.5076842474005
			71.7887779206447	-60.7640727399743
			72.0451664132184	-61.020461232548
			72.3015549057922	-61.2768497251217
			72.3015549057922	-61.5332382176955
			72.5579433983659	-61.7896267102692
			72.8143318909396	-62.0460152028429
			73.0707203835134	-62.0460152028429
			73.3271088760871	-62.3024036954167
			73.5834973686608	-62.3024036954167
			73.8398858612345	-62.3024036954167
			74.0962743538083	-62.5587921879904
			74.352662846382	-62.5587921879904
			74.6090513389558	-62.5587921879904
			74.8654398315295	-62.5587921879904
			75.1218283241032	-62.5587921879904
		</Left_Wing>
		<Right_Wing type=matrix rownames=FALSE colnames=FALSE nrow=65 ncol=2 as.numeric=TRUE >
			75.1218283241032	-62.5587921879904
			75.3782168166769	-62.5587921879904
			75.6346053092507	-62.5587921879904
			75.8909938018244	-62.5587921879904
			76.1473822943981	-62.5587921879904
			76.4037707869719	-62.3024036954167
			76.6601592795456	-62.3024036954167
			76.9165477721193	-62.3024036954167
			77.1729362646931	-62.0460152028429
			77.4293247572668	-62.0460152028429
			77.6857132498405	-61.7896267102692
			77.9421017424143	-61.5332382176955
			77.9421017424143	-61.2768497251217
			78.198490234988	-61.020461232548
			78.4548787275617	-60.7640727399743
			78.4548787275617	-60.5076842474005
			78.7112672201354	-60.2512957548268
			78.9676557127092	-59.9949072622531
			78.9676557127092	-59.7385187696793
			79.2240442052829	-59.4821302771056
			79.4804326978566	-59.2257417845319
			79.4804326978566	-58.9693532919582
			79.7368211904304	-58.7129647993844
			79.9932096830041	-58.4565763068107
			79.9932096830041	-58.200187814237
			80.2495981755778	-57.9437993216632
			80.2495981755778	-57.6874108290895
			80.5059866681516	-57.4310223365158
			80.7623751607253	-57.174633843942
			80.7623751607253	-56.9182453513683
			81.018763653299	-56.6618568587946
			81.018763653299	-56.4054683662208
			81.2751521458728	-56.4054683662208
			81.2751521458728	-56.1490798736471
			81.5315406384465	-55.8926913810734
			81.5315406384465	-55.6363028884996
			81.7879291310202	-55.3799143959259
			81.7879291310202	-55.1235259033522
			82.0443176235939	-55.1235259033522
			82.0443176235939	-54.8671374107785
			82.3007061161677	-54.8671374107785
			82.5570946087414	-54.6107489182047
			82.5570946087414	-54.354360425631
			82.8134831013151	-54.354360425631
			83.0698715938889	-54.0979719330573
			83.3262600864626	-53.8415834404835
			83.5826485790363	-53.8415834404835
			83.8390370716101	-53.5851949479098
			84.0954255641838	-53.5851949479098
			84.3518140567575	-53.5851949479098
			84.6082025493313	-53.5851949479098
			84.864591041905	-53.5851949479098
			85.1209795344787	-53.5851949479098
			85.3773680270525	-53.5851949479098
			85.6337565196262	-53.5851949479098
			85.8901450121999	-53.5851949479098
			86.1465335047736	-53.3288064553361
			86.4029219973474	-53.0724179627623
			86.6593104899211	-52.8160294701886
			86.9156989824948	-52.5596409776149
			86.9156989824948	-52.3032524850411
			87.1720874750686	-52.0468639924674
			87.4284759676423	-52.0468639924674
			87.684864460216	-51.7904754998937
			87.9412529527898	-51.7904754998937
		</Right_Wing>
		<Right_Side type=matrix rownames=FALSE colnames=FALSE nrow=127 ncol=2 as.numeric=TRUE >
			87.9412529527898	-51.7904754998937
			87.9412529527898	-51.5340870073199
			87.9412529527898	-51.2776985147462
			87.9412529527898	-51.0213100221725
			87.9412529527898	-50.7649215295988
			87.9412529527898	-50.508533037025
			87.9412529527898	-50.2521445444513
			87.9412529527898	-49.9957560518776
			87.9412529527898	-49.7393675593038
			87.9412529527898	-49.4829790667301
			87.9412529527898	-49.2265905741564
			87.684864460216	-48.9702020815826
			87.4284759676423	-48.7138135890089
			87.1720874750686	-48.4574250964352
			86.9156989824948	-48.4574250964352
			86.6593104899211	-48.2010366038614
			86.4029219973474	-47.9446481112877
			86.1465335047736	-47.688259618714
			85.8901450121999	-47.4318711261403
			85.6337565196262	-47.1754826335665
			85.6337565196262	-46.9190941409928
			85.3773680270525	-46.6627056484191
			85.1209795344787	-46.4063171558453
			84.864591041905	-46.1499286632716
			84.6082025493313	-45.8935401706979
			84.6082025493313	-45.6371516781241
			84.3518140567575	-45.3807631855504
			84.3518140567575	-45.1243746929767
			84.3518140567575	-44.8679862004029
			84.3518140567575	-44.6115977078292
			84.3518140567575	-44.3552092152555
			84.3518140567575	-44.0988207226817
			84.0954255641838	-43.842432230108
			84.0954255641838	-43.5860437375343
			83.8390370716101	-43.5860437375343
			83.5826485790363	-43.3296552449606
			83.5826485790363	-43.0732667523868
			83.3262600864626	-43.0732667523868
			83.3262600864626	-42.8168782598131
			83.3262600864626	-42.5604897672394
			83.3262600864626	-42.3041012746656
			83.5826485790363	-42.0477127820919
			83.8390370716101	-41.7913242895182
			83.8390370716101	-41.5349357969444
			83.8390370716101	-41.2785473043707
			83.5826485790363	-41.022158811797
			83.5826485790363	-40.7657703192232
			83.3262600864626	-40.5093818266495
			83.0698715938889	-40.2529933340758
			83.0698715938889	-39.996604841502
			83.0698715938889	-39.7402163489283
			82.8134831013151	-39.4838278563546
			82.8134831013151	-39.2274393637809
			82.8134831013151	-38.9710508712071
			82.8134831013151	-38.7146623786334
			82.8134831013151	-38.4582738860597
			82.5570946087414	-38.4582738860597
			82.5570946087414	-38.2018853934859
			82.5570946087414	-37.9454969009122
			82.5570946087414	-37.6891084083385
			82.5570946087414	-37.4327199157647
			82.5570946087414	-37.176331423191
			82.5570946087414	-36.9199429306173
			82.3007061161677	-36.6635544380435
			82.3007061161677	-36.4071659454698
			82.3007061161677	-36.1507774528961
			82.3007061161677	-35.8943889603224
			82.3007061161677	-35.6380004677486
			82.0443176235939	-35.3816119751749
			81.7879291310202	-35.1252234826012
			81.5315406384465	-34.8688349900274
			81.5315406384465	-34.6124464974537
			81.2751521458728	-34.35605800488
			81.018763653299	-34.0996695123062
			81.018763653299	-33.8432810197325
			81.018763653299	-33.5868925271588
			81.018763653299	-33.330504034585
			81.018763653299	-33.0741155420113
			81.018763653299	-32.8177270494376
			81.018763653299	-32.5613385568638
			80.7623751607253	-32.5613385568638
			80.7623751607253	-32.3049500642901
			80.5059866681516	-32.3049500642901
			80.2495981755778	-32.0485615717164
			79.9932096830041	-31.7921730791427
			79.7368211904304	-31.5357845865689
			79.7368211904304	-31.2793960939952
			79.4804326978566	-31.0230076014215
			79.4804326978566	-30.7666191088477
			79.4804326978566	-30.510230616274
			79.4804326978566	-30.2538421237003
			79.2240442052829	-29.9974536311265
			78.9676557127092	-29.9974536311265
			78.7112672201354	-29.7410651385528
			78.7112672201354	-29.4846766459791
			78.4548787275617	-29.2282881534053
			78.4548787275617	-28.9718996608316
			78.4548787275617	-28.7155111682579
			78.4548787275617	-28.4591226756841
			78.4548787275617	-28.2027341831104
			78.4548787275617	-27.9463456905367
			78.198490234988	-27.689957197963
			77.9421017424143	-27.4335687053892
			77.6857132498405	-27.1771802128155
			77.6857132498405	-26.9207917202418
			77.4293247572668	-26.664403227668
			77.1729362646931	-26.4080147350943
			77.1729362646931	-26.1516262425206
			76.9165477721193	-25.8952377499468
			76.9165477721193	-25.6388492573731
			76.6601592795456	-25.3824607647994
			76.4037707869719	-25.3824607647994
			76.1473822943981	-25.1260722722256
			76.1473822943981	-24.8696837796519
			75.8909938018244	-24.8696837796519
			75.6346053092507	-24.6132952870782
			75.3782168166769	-24.3569067945045
			75.3782168166769	-24.1005183019307
			75.1218283241032	-23.844129809357
			75.1218283241032	-23.5877413167833
			74.8654398315295	-23.3313528242095
			74.8654398315295	-23.0749643316358
			74.6090513389558	-22.8185758390621
			74.352662846382	-22.5621873464883
			74.0962743538083	-22.3057988539146
			74.0962743538083	-22.0494103613409
			73.8398858612345	-21.7930218687671
		</Right_Side>
	</curves.scaled>
	<ruler.points type=matrix rownames=TRUE colnames=FALSE nrow=3 ncol=2 as.numeric=TRUE >
		Ruler point 1	255	315
		Ruler point 2	295	315
		Ruler point 3	333	314
	</ruler.points>
</shapes>

