<shapes type=list>
	<ruler.pixel type=vector names=FALSE length=1 as.numeric=TRUE >27.2166707387606</ruler.pixel>
	<ruler.interval type=vector names=FALSE length=1 as.numeric=TRUE >10</ruler.interval>
	<scaling.units type=vector names=FALSE length=1 as.numeric=FALSE >mm</scaling.units>
	<scaling type=vector names=FALSE length=1 as.numeric=TRUE >0.367421867868596</scaling>
	<landmarks.pixel type=matrix rownames=TRUE colnames=FALSE nrow=4 ncol=2 as.numeric=TRUE >
		Point_Tip	235	157
		Left_Tang_Center	214	195
		Base_Center	233	220
		Right_Tang_Center	253	199
	</landmarks.pixel>
	<landmarks.scaled type=matrix rownames=TRUE colnames=FALSE nrow=4 ncol=2 as.numeric=TRUE >
		Point_Tip	86.3441389491201	-57.6852332553696
		Left_Tang_Center	78.6282797238796	-71.6472642343762
		Base_Center	85.6092952133829	-80.8328109310911
		Right_Tang_Center	92.9577325707548	-73.1169517058506
	</landmarks.scaled>
	<curves.control type=list>
		<Left_Side type=matrix rownames=FALSE colnames=FALSE nrow=13 ncol=2 as.numeric=TRUE >
			235	157
			233	159
			231	163
			230	164
			228	166
			227	168
			226	168
			225	171
			223	173
			214	186
			212	191
			213	193
			214	195
		</Left_Side>
		<Left_Wing type=matrix rownames=FALSE colnames=FALSE nrow=7 ncol=2 as.numeric=TRUE >
			214	195
			215	197
			218	198
			222	198
			224	198
			230	219
			233	220
		</Left_Wing>
		<Right_Wing type=matrix rownames=FALSE colnames=FALSE nrow=7 ncol=2 as.numeric=TRUE >
			233	220
			235	219
			241	204
			241	202
			241	199
			252	201
			253	199
		</Right_Wing>
		<Right_Side type=matrix rownames=FALSE colnames=FALSE nrow=9 ncol=2 as.numeric=TRUE >
			253	199
			253	195
			249	186
			249	182
			247	177
			244	174
			244	170
			240	165
			235	157
		</Right_Side>
	</curves.control>
	<curves.pixel type=list>
		<Left_Side type=matrix rownames=FALSE colnames=FALSE nrow=43 ncol=2 as.numeric=TRUE >
			235	157
			234	158
			233	159
			232	160
			232	161
			232	162
			231	162
			231	163
			230	164
			229	165
			228	166
			228	167
			227	167
			227	168
			226	168
			226	169
			225	170
			224	171
			224	172
			223	173
			222	174
			222	175
			221	176
			220	177
			219	178
			219	179
			218	180
			218	181
			217	182
			216	183
			216	184
			215	185
			214	186
			214	187
			213	188
			213	189
			213	190
			212	190
			212	191
			212	192
			213	193
			213	194
			214	195
		</Left_Side>
		<Left_Wing type=matrix rownames=FALSE colnames=FALSE nrow=34 ncol=2 as.numeric=TRUE >
			214	195
			214	196
			215	196
			216	197
			217	198
			218	198
			219	198
			220	198
			221	198
			222	198
			223	198
			224	198
			224	199
			225	200
			225	201
			225	202
			225	203
			226	204
			226	205
			226	206
			227	207
			227	208
			227	209
			228	210
			228	211
			228	212
			229	213
			229	214
			230	215
			230	216
			231	217
			231	218
			232	219
			233	220
		</Left_Wing>
		<Right_Wing type=matrix rownames=FALSE colnames=FALSE nrow=35 ncol=2 as.numeric=TRUE >
			233	220
			234	219
			235	218
			235	217
			236	216
			236	215
			237	214
			237	213
			238	212
			238	211
			239	210
			239	209
			239	208
			240	207
			240	206
			241	205
			241	204
			241	203
			241	202
			241	201
			241	200
			241	199
			242	199
			243	199
			244	199
			244	200
			245	200
			246	200
			247	200
			248	200
			249	200
			250	200
			251	200
			252	200
			253	199
		</Right_Wing>
		<Right_Side type=matrix rownames=FALSE colnames=FALSE nrow=43 ncol=2 as.numeric=TRUE >
			253	199
			253	198
			253	197
			253	196
			252	195
			252	194
			252	193
			251	192
			251	191
			251	190
			250	189
			250	188
			249	187
			249	186
			249	185
			249	184
			249	183
			249	182
			248	181
			248	180
			248	179
			247	178
			247	177
			246	176
			245	175
			245	174
			244	173
			244	172
			244	171
			244	170
			243	169
			243	168
			242	167
			241	166
			241	165
			240	164
			239	163
			238	162
			238	161
			237	160
			236	159
			235	158
			235	157
		</Right_Side>
	</curves.pixel>
	<curves.scaled type=list>
		<Left_Side type=matrix rownames=FALSE colnames=FALSE nrow=43 ncol=2 as.numeric=TRUE >
			86.3441389491201	-57.6852332553696
			85.9767170812515	-58.0526551232382
			85.6092952133829	-58.4200769911068
			85.2418733455143	-58.7874988589754
			85.2418733455143	-59.154920726844
			85.2418733455143	-59.5223425947126
			84.8744514776457	-59.5223425947126
			84.8744514776457	-59.8897644625812
			84.5070296097771	-60.2571863304498
			84.1396077419085	-60.6246081983184
			83.7721858740399	-60.9920300661869
			83.7721858740399	-61.3594519340555
			83.4047640061713	-61.3594519340555
			83.4047640061713	-61.7268738019241
			83.0373421383027	-61.7268738019241
			83.0373421383027	-62.0942956697927
			82.6699202704341	-62.4617175376613
			82.3024984025655	-62.8291394055299
			82.3024984025655	-63.1965612733985
			81.9350765346969	-63.5639831412671
			81.5676546668283	-63.9314050091357
			81.5676546668283	-64.2988268770043
			81.2002327989597	-64.6662487448729
			80.8328109310911	-65.0336706127415
			80.4653890632225	-65.4010924806101
			80.4653890632225	-65.7685143484787
			80.0979671953539	-66.1359362163473
			80.0979671953539	-66.5033580842159
			79.7305453274854	-66.8707799520845
			79.3631234596168	-67.2382018199531
			79.3631234596168	-67.6056236878217
			78.9957015917482	-67.9730455556903
			78.6282797238796	-68.3404674235589
			78.6282797238796	-68.7078892914275
			78.260857856011	-69.0753111592961
			78.260857856011	-69.4427330271647
			78.260857856011	-69.8101548950333
			77.8934359881424	-69.8101548950333
			77.8934359881424	-70.1775767629019
			77.8934359881424	-70.5449986307705
			78.260857856011	-70.9124204986391
			78.260857856011	-71.2798423665076
			78.6282797238796	-71.6472642343762
		</Left_Side>
		<Left_Wing type=matrix rownames=FALSE colnames=FALSE nrow=34 ncol=2 as.numeric=TRUE >
			78.6282797238796	-71.6472642343762
			78.6282797238796	-72.0146861022448
			78.9957015917482	-72.0146861022448
			79.3631234596168	-72.3821079701134
			79.7305453274854	-72.749529837982
			80.0979671953539	-72.749529837982
			80.4653890632225	-72.749529837982
			80.8328109310911	-72.749529837982
			81.2002327989597	-72.749529837982
			81.5676546668283	-72.749529837982
			81.9350765346969	-72.749529837982
			82.3024984025655	-72.749529837982
			82.3024984025655	-73.1169517058506
			82.6699202704341	-73.4843735737192
			82.6699202704341	-73.8517954415878
			82.6699202704341	-74.2192173094564
			82.6699202704341	-74.586639177325
			83.0373421383027	-74.9540610451936
			83.0373421383027	-75.3214829130622
			83.0373421383027	-75.6889047809308
			83.4047640061713	-76.0563266487994
			83.4047640061713	-76.423748516668
			83.4047640061713	-76.7911703845366
			83.7721858740399	-77.1585922524052
			83.7721858740399	-77.5260141202738
			83.7721858740399	-77.8934359881424
			84.1396077419085	-78.260857856011
			84.1396077419085	-78.6282797238796
			84.5070296097771	-78.9957015917482
			84.5070296097771	-79.3631234596168
			84.8744514776457	-79.7305453274854
			84.8744514776457	-80.0979671953539
			85.2418733455143	-80.4653890632225
			85.6092952133829	-80.8328109310911
		</Left_Wing>
		<Right_Wing type=matrix rownames=FALSE colnames=FALSE nrow=35 ncol=2 as.numeric=TRUE >
			85.6092952133829	-80.8328109310911
			85.9767170812515	-80.4653890632225
			86.3441389491201	-80.0979671953539
			86.3441389491201	-79.7305453274854
			86.7115608169887	-79.3631234596168
			86.7115608169887	-78.9957015917482
			87.0789826848573	-78.6282797238796
			87.0789826848573	-78.260857856011
			87.4464045527259	-77.8934359881424
			87.4464045527259	-77.5260141202738
			87.8138264205945	-77.1585922524052
			87.8138264205945	-76.7911703845366
			87.8138264205945	-76.423748516668
			88.1812482884631	-76.0563266487994
			88.1812482884631	-75.6889047809308
			88.5486701563317	-75.3214829130622
			88.5486701563317	-74.9540610451936
			88.5486701563317	-74.586639177325
			88.5486701563317	-74.2192173094564
			88.5486701563317	-73.8517954415878
			88.5486701563317	-73.4843735737192
			88.5486701563317	-73.1169517058506
			88.9160920242003	-73.1169517058506
			89.2835138920689	-73.1169517058506
			89.6509357599375	-73.1169517058506
			89.6509357599375	-73.4843735737192
			90.018357627806	-73.4843735737192
			90.3857794956746	-73.4843735737192
			90.7532013635432	-73.4843735737192
			91.1206232314118	-73.4843735737192
			91.4880450992804	-73.4843735737192
			91.855466967149	-73.4843735737192
			92.2228888350176	-73.4843735737192
			92.5903107028862	-73.4843735737192
			92.9577325707548	-73.1169517058506
		</Right_Wing>
		<Right_Side type=matrix rownames=FALSE colnames=FALSE nrow=43 ncol=2 as.numeric=TRUE >
			92.9577325707548	-73.1169517058506
			92.9577325707548	-72.749529837982
			92.9577325707548	-72.3821079701134
			92.9577325707548	-72.0146861022448
			92.5903107028862	-71.6472642343762
			92.5903107028862	-71.2798423665076
			92.5903107028862	-70.9124204986391
			92.2228888350176	-70.5449986307705
			92.2228888350176	-70.1775767629019
			92.2228888350176	-69.8101548950333
			91.855466967149	-69.4427330271647
			91.855466967149	-69.0753111592961
			91.4880450992804	-68.7078892914275
			91.4880450992804	-68.3404674235589
			91.4880450992804	-67.9730455556903
			91.4880450992804	-67.6056236878217
			91.4880450992804	-67.2382018199531
			91.4880450992804	-66.8707799520845
			91.1206232314118	-66.5033580842159
			91.1206232314118	-66.1359362163473
			91.1206232314118	-65.7685143484787
			90.7532013635432	-65.4010924806101
			90.7532013635432	-65.0336706127415
			90.3857794956746	-64.6662487448729
			90.018357627806	-64.2988268770043
			90.018357627806	-63.9314050091357
			89.6509357599375	-63.5639831412671
			89.6509357599375	-63.1965612733985
			89.6509357599375	-62.8291394055299
			89.6509357599375	-62.4617175376613
			89.2835138920689	-62.0942956697927
			89.2835138920689	-61.7268738019241
			88.9160920242003	-61.3594519340555
			88.5486701563317	-60.9920300661869
			88.5486701563317	-60.6246081983184
			88.1812482884631	-60.2571863304498
			87.8138264205945	-59.8897644625812
			87.4464045527259	-59.5223425947126
			87.4464045527259	-59.154920726844
			87.0789826848573	-58.7874988589754
			86.7115608169887	-58.4200769911068
			86.3441389491201	-58.0526551232382
			86.3441389491201	-57.6852332553696
		</Right_Side>
	</curves.scaled>
	<ruler.points type=matrix rownames=TRUE colnames=FALSE nrow=6 ncol=2 as.numeric=TRUE >
		Ruler point 1	198	534
		Ruler point 2	225	534
		Ruler point 3	252	534
		Ruler point 4	279	534
		Ruler point 5	307	534
		Ruler point 6	334	534
	</ruler.points>
</shapes>

