<shapes type=list>
	<ruler.pixel type=vector names=FALSE length=1 as.numeric=TRUE >27.199999999947</ruler.pixel>
	<ruler.interval type=vector names=FALSE length=1 as.numeric=TRUE >10</ruler.interval>
	<scaling.units type=vector names=FALSE length=1 as.numeric=FALSE >mm</scaling.units>
	<scaling type=vector names=FALSE length=1 as.numeric=TRUE >0.367647058824245</scaling>
	<landmarks.pixel type=matrix rownames=TRUE colnames=FALSE nrow=4 ncol=2 as.numeric=TRUE >
		Point_Tip	103	66
		Left_Tang_Center	84	107
		Base_Center	101	117
		Right_Tang_Center	121	107
	</landmarks.pixel>
	<landmarks.scaled type=matrix rownames=TRUE colnames=FALSE nrow=4 ncol=2 as.numeric=TRUE >
		Point_Tip	37.8676470588973	-24.2647058824002
		Left_Tang_Center	30.8823529412366	-39.3382352941942
		Base_Center	37.1323529412488	-43.0147058824367
		Right_Tang_Center	44.4852941177337	-39.3382352941942
	</landmarks.scaled>
	<curves.control type=list>
		<Left_Side type=matrix rownames=FALSE colnames=FALSE nrow=7 ncol=2 as.numeric=TRUE >
			103	66
			101	67
			101	69
			92	85
			87	96
			84	101
			84	107
		</Left_Side>
		<Left_Wing type=matrix rownames=FALSE colnames=FALSE nrow=11 ncol=2 as.numeric=TRUE >
			84	107
			88	106
			91	103
			93	101
			95	100
			96	100
			97	100
			97	113
			97	115
			98	116
			101	117
		</Left_Wing>
		<Right_Wing type=matrix rownames=FALSE colnames=FALSE nrow=11 ncol=2 as.numeric=TRUE >
			101	117
			103	117
			106	117
			108	116
			108	114
			108	101
			108	98
			109	98
			110	98
			112	101
			121	107
		</Right_Wing>
		<Right_Side type=matrix rownames=FALSE colnames=FALSE nrow=7 ncol=2 as.numeric=TRUE >
			121	107
			121	106
			121	101
			119	95
			112	84
			105	72
			103	66
		</Right_Side>
	</curves.control>
	<curves.pixel type=list>
		<Left_Side type=matrix rownames=FALSE colnames=FALSE nrow=48 ncol=2 as.numeric=TRUE >
			103	66
			102	67
			101	67
			101	68
			101	69
			100	70
			100	71
			99	72
			99	73
			98	74
			97	75
			97	76
			96	77
			96	78
			95	79
			95	80
			94	81
			94	82
			93	83
			93	84
			92	85
			92	86
			91	87
			91	88
			91	89
			90	89
			90	90
			89	91
			89	92
			89	93
			88	93
			88	94
			87	95
			87	96
			87	97
			86	97
			86	98
			86	99
			85	99
			85	100
			85	101
			85	102
			84	102
			84	103
			84	104
			84	105
			84	106
			84	107
		</Left_Side>
		<Left_Wing type=matrix rownames=FALSE colnames=FALSE nrow=33 ncol=2 as.numeric=TRUE >
			84	107
			85	107
			86	106
			87	106
			88	105
			89	105
			90	104
			91	103
			92	102
			93	101
			94	101
			95	100
			96	100
			97	100
			97	101
			97	102
			97	103
			97	104
			97	105
			97	106
			97	107
			97	108
			97	109
			97	110
			97	111
			97	112
			97	113
			97	114
			97	115
			98	116
			99	116
			100	117
			101	117
		</Left_Wing>
		<Right_Wing type=matrix rownames=FALSE colnames=FALSE nrow=39 ncol=2 as.numeric=TRUE >
			101	117
			102	117
			103	117
			104	117
			105	117
			106	117
			107	116
			108	115
			108	114
			108	113
			108	112
			108	111
			108	110
			108	109
			108	108
			108	107
			108	106
			108	105
			108	104
			108	103
			108	102
			108	101
			108	100
			108	99
			108	98
			109	98
			110	98
			110	99
			111	100
			112	100
			113	101
			114	102
			115	103
			116	103
			117	104
			118	105
			119	106
			120	106
			121	107
		</Right_Wing>
		<Right_Side type=matrix rownames=FALSE colnames=FALSE nrow=42 ncol=2 as.numeric=TRUE >
			121	107
			121	106
			121	105
			121	104
			121	103
			121	102
			121	101
			121	100
			120	99
			120	98
			119	97
			119	96
			118	95
			118	94
			117	93
			117	92
			116	91
			116	90
			115	89
			114	88
			114	87
			113	86
			112	85
			112	84
			111	83
			111	82
			110	81
			110	80
			109	79
			109	78
			108	77
			107	76
			107	75
			106	74
			106	73
			106	72
			105	71
			105	70
			104	69
			104	68
			103	67
			103	66
		</Right_Side>
	</curves.pixel>
	<curves.scaled type=list>
		<Left_Side type=matrix rownames=FALSE colnames=FALSE nrow=48 ncol=2 as.numeric=TRUE >
			37.8676470588973	-24.2647058824002
			37.500000000073	-24.6323529412244
			37.1323529412488	-24.6323529412244
			37.1323529412488	-25.0000000000487
			37.1323529412488	-25.3676470588729
			36.7647058824245	-25.7352941176972
			36.7647058824245	-26.1029411765214
			36.3970588236003	-26.4705882353457
			36.3970588236003	-26.8382352941699
			36.029411764776	-27.2058823529942
			35.6617647059518	-27.5735294118184
			35.6617647059518	-27.9411764706426
			35.2941176471275	-28.3088235294669
			35.2941176471275	-28.6764705882911
			34.9264705883033	-29.0441176471154
			34.9264705883033	-29.4117647059396
			34.5588235294791	-29.7794117647639
			34.5588235294791	-30.1470588235881
			34.1911764706548	-30.5147058824124
			34.1911764706548	-30.8823529412366
			33.8235294118306	-31.2500000000609
			33.8235294118306	-31.6176470588851
			33.4558823530063	-31.9852941177093
			33.4558823530063	-32.3529411765336
			33.4558823530063	-32.7205882353578
			33.0882352941821	-32.7205882353578
			33.0882352941821	-33.0882352941821
			32.7205882353578	-33.4558823530063
			32.7205882353578	-33.8235294118306
			32.7205882353578	-34.1911764706548
			32.3529411765336	-34.1911764706548
			32.3529411765336	-34.5588235294791
			31.9852941177093	-34.9264705883033
			31.9852941177093	-35.2941176471275
			31.9852941177093	-35.6617647059518
			31.6176470588851	-35.6617647059518
			31.6176470588851	-36.029411764776
			31.6176470588851	-36.3970588236003
			31.2500000000609	-36.3970588236003
			31.2500000000609	-36.7647058824245
			31.2500000000609	-37.1323529412488
			31.2500000000609	-37.500000000073
			30.8823529412366	-37.500000000073
			30.8823529412366	-37.8676470588973
			30.8823529412366	-38.2352941177215
			30.8823529412366	-38.6029411765458
			30.8823529412366	-38.97058823537
			30.8823529412366	-39.3382352941942
		</Left_Side>
		<Left_Wing type=matrix rownames=FALSE colnames=FALSE nrow=33 ncol=2 as.numeric=TRUE >
			30.8823529412366	-39.3382352941942
			31.2500000000609	-39.3382352941942
			31.6176470588851	-38.97058823537
			31.9852941177093	-38.97058823537
			32.3529411765336	-38.6029411765458
			32.7205882353578	-38.6029411765458
			33.0882352941821	-38.2352941177215
			33.4558823530063	-37.8676470588973
			33.8235294118306	-37.500000000073
			34.1911764706548	-37.1323529412488
			34.5588235294791	-37.1323529412488
			34.9264705883033	-36.7647058824245
			35.2941176471275	-36.7647058824245
			35.6617647059518	-36.7647058824245
			35.6617647059518	-37.1323529412488
			35.6617647059518	-37.500000000073
			35.6617647059518	-37.8676470588973
			35.6617647059518	-38.2352941177215
			35.6617647059518	-38.6029411765458
			35.6617647059518	-38.97058823537
			35.6617647059518	-39.3382352941942
			35.6617647059518	-39.7058823530185
			35.6617647059518	-40.0735294118427
			35.6617647059518	-40.441176470667
			35.6617647059518	-40.8088235294912
			35.6617647059518	-41.1764705883155
			35.6617647059518	-41.5441176471397
			35.6617647059518	-41.911764705964
			35.6617647059518	-42.2794117647882
			36.029411764776	-42.6470588236125
			36.3970588236003	-42.6470588236125
			36.7647058824245	-43.0147058824367
			37.1323529412488	-43.0147058824367
		</Left_Wing>
		<Right_Wing type=matrix rownames=FALSE colnames=FALSE nrow=39 ncol=2 as.numeric=TRUE >
			37.1323529412488	-43.0147058824367
			37.500000000073	-43.0147058824367
			37.8676470588973	-43.0147058824367
			38.2352941177215	-43.0147058824367
			38.6029411765458	-43.0147058824367
			38.97058823537	-43.0147058824367
			39.3382352941942	-42.6470588236125
			39.7058823530185	-42.2794117647882
			39.7058823530185	-41.911764705964
			39.7058823530185	-41.5441176471397
			39.7058823530185	-41.1764705883155
			39.7058823530185	-40.8088235294912
			39.7058823530185	-40.441176470667
			39.7058823530185	-40.0735294118427
			39.7058823530185	-39.7058823530185
			39.7058823530185	-39.3382352941942
			39.7058823530185	-38.97058823537
			39.7058823530185	-38.6029411765458
			39.7058823530185	-38.2352941177215
			39.7058823530185	-37.8676470588973
			39.7058823530185	-37.500000000073
			39.7058823530185	-37.1323529412488
			39.7058823530185	-36.7647058824245
			39.7058823530185	-36.3970588236003
			39.7058823530185	-36.029411764776
			40.0735294118427	-36.029411764776
			40.441176470667	-36.029411764776
			40.441176470667	-36.3970588236003
			40.8088235294912	-36.7647058824245
			41.1764705883155	-36.7647058824245
			41.5441176471397	-37.1323529412488
			41.911764705964	-37.500000000073
			42.2794117647882	-37.8676470588973
			42.6470588236125	-37.8676470588973
			43.0147058824367	-38.2352941177215
			43.3823529412609	-38.6029411765458
			43.7500000000852	-38.97058823537
			44.1176470589094	-38.97058823537
			44.4852941177337	-39.3382352941942
		</Right_Wing>
		<Right_Side type=matrix rownames=FALSE colnames=FALSE nrow=42 ncol=2 as.numeric=TRUE >
			44.4852941177337	-39.3382352941942
			44.4852941177337	-38.97058823537
			44.4852941177337	-38.6029411765458
			44.4852941177337	-38.2352941177215
			44.4852941177337	-37.8676470588973
			44.4852941177337	-37.500000000073
			44.4852941177337	-37.1323529412488
			44.4852941177337	-36.7647058824245
			44.1176470589094	-36.3970588236003
			44.1176470589094	-36.029411764776
			43.7500000000852	-35.6617647059518
			43.7500000000852	-35.2941176471275
			43.3823529412609	-34.9264705883033
			43.3823529412609	-34.5588235294791
			43.0147058824367	-34.1911764706548
			43.0147058824367	-33.8235294118306
			42.6470588236125	-33.4558823530063
			42.6470588236125	-33.0882352941821
			42.2794117647882	-32.7205882353578
			41.911764705964	-32.3529411765336
			41.911764705964	-31.9852941177093
			41.5441176471397	-31.6176470588851
			41.1764705883155	-31.2500000000609
			41.1764705883155	-30.8823529412366
			40.8088235294912	-30.5147058824124
			40.8088235294912	-30.1470588235881
			40.441176470667	-29.7794117647639
			40.441176470667	-29.4117647059396
			40.0735294118427	-29.0441176471154
			40.0735294118427	-28.6764705882911
			39.7058823530185	-28.3088235294669
			39.3382352941942	-27.9411764706426
			39.3382352941942	-27.5735294118184
			38.97058823537	-27.2058823529942
			38.97058823537	-26.8382352941699
			38.97058823537	-26.4705882353457
			38.6029411765458	-26.1029411765214
			38.6029411765458	-25.7352941176972
			38.2352941177215	-25.3676470588729
			38.2352941177215	-25.0000000000487
			37.8676470588973	-24.6323529412244
			37.8676470588973	-24.2647058824002
		</Right_Side>
	</curves.scaled>
	<ruler.points type=matrix rownames=TRUE colnames=FALSE nrow=6 ncol=2 as.numeric=TRUE >
		Ruler point 1	197	533
		Ruler point 2	225	533
		Ruler point 3	251	533
		Ruler point 4	278	533
		Ruler point 5	306	534
		Ruler point 6	333	533
	</ruler.points>
</shapes>

