<shapes type=list>
	<ruler.pixel type=vector names=FALSE length=1 as.numeric=TRUE >41.4999999999631</ruler.pixel>
	<ruler.interval type=vector names=FALSE length=1 as.numeric=TRUE >10</ruler.interval>
	<scaling.units type=vector names=FALSE length=1 as.numeric=FALSE >mm</scaling.units>
	<scaling type=vector names=FALSE length=1 as.numeric=TRUE >0.240963855421901</scaling>
	<landmarks.pixel type=matrix rownames=TRUE colnames=FALSE nrow=4 ncol=2 as.numeric=TRUE >
		Point_Tip	478	373
		Left_Tang_Center	446	519
		Base_Center	482	569
		Right_Tang_Center	515	512
	</landmarks.pixel>
	<landmarks.scaled type=matrix rownames=TRUE colnames=FALSE nrow=4 ncol=2 as.numeric=TRUE >
		Point_Tip	115.180722891669	-89.879518072369
		Left_Tang_Center	107.469879518168	-125.060240963967
		Base_Center	116.144578313356	-137.108433735062
		Right_Tang_Center	124.096385542279	-123.373493976013
	</landmarks.scaled>
	<curves.control type=list>
		<Left_Side type=matrix rownames=FALSE colnames=FALSE nrow=25 ncol=2 as.numeric=TRUE >
			478	373
			475	374
			476	377
			475	380
			471	391
			469	399
			468	404
			468	409
			466	410
			465	414
			462	423
			462	426
			460	426
			460	434
			458	436
			458	444
			455	449
			454	461
			451	468
			452	479
			447	485
			447	492
			445	498
			443	513
			446	519
		</Left_Side>
		<Left_Wing type=matrix rownames=FALSE colnames=FALSE nrow=13 ncol=2 as.numeric=TRUE >
			446	519
			448	521
			450	522
			464	520
			463	532
			462	536
			464	540
			467	555
			469	565
			472	567
			475	569
			479	569
			482	569
		</Left_Wing>
		<Right_Wing type=matrix rownames=FALSE colnames=FALSE nrow=13 ncol=2 as.numeric=TRUE >
			482	569
			486	569
			490	568
			495	564
			501	558
			500	555
			502	554
			497	543
			503	531
			498	517
			509	515
			515	515
			515	512
		</Right_Wing>
		<Right_Side type=matrix rownames=FALSE colnames=FALSE nrow=27 ncol=2 as.numeric=TRUE >
			515	512
			516	501
			514	498
			515	493
			512	489
			514	480
			509	479
			508	473
			507	470
			509	469
			509	466
			502	465
			505	459
			507	455
			502	452
			499	450
			501	445
			500	440
			496	436
			496	426
			493	419
			491	414
			489	404
			486	399
			482	383
			481	374
			478	373
		</Right_Side>
	</curves.control>
	<curves.pixel type=list>
		<Left_Side type=matrix rownames=FALSE colnames=FALSE nrow=154 ncol=2 as.numeric=TRUE >
			478	373
			477	373
			477	374
			476	374
			476	375
			476	376
			476	377
			476	378
			475	379
			475	380
			475	381
			474	382
			474	383
			473	384
			473	385
			473	386
			472	387
			472	388
			472	389
			471	390
			471	391
			471	392
			470	393
			470	394
			470	395
			470	396
			470	397
			469	398
			469	399
			469	400
			469	401
			468	402
			468	403
			468	404
			468	405
			468	406
			468	407
			467	408
			467	409
			466	410
			466	411
			465	412
			465	413
			465	414
			465	415
			464	416
			464	417
			464	418
			463	419
			463	420
			463	421
			462	422
			462	423
			462	424
			462	425
			461	426
			460	426
			460	427
			460	428
			460	429
			460	430
			460	431
			460	432
			459	433
			459	434
			459	435
			458	436
			458	437
			458	438
			458	439
			458	440
			458	441
			457	442
			457	443
			457	444
			457	445
			457	446
			456	447
			455	448
			455	449
			455	450
			455	451
			455	452
			455	453
			454	454
			454	455
			454	456
			454	457
			454	458
			454	459
			453	460
			453	461
			453	462
			453	463
			452	464
			452	465
			452	466
			452	467
			451	467
			451	468
			451	469
			451	470
			451	471
			451	472
			451	473
			451	474
			451	475
			451	476
			451	477
			450	478
			450	479
			450	480
			450	481
			449	481
			449	482
			449	483
			448	483
			448	484
			447	484
			447	485
			447	486
			447	487
			447	488
			447	489
			447	490
			447	491
			446	492
			446	493
			446	494
			446	495
			446	496
			445	497
			445	498
			445	499
			445	500
			445	501
			445	502
			444	503
			444	504
			444	505
			444	506
			444	507
			444	508
			444	509
			444	510
			444	511
			444	512
			444	513
			445	514
			445	515
			445	516
			445	517
			446	518
			446	519
		</Left_Side>
		<Left_Wing type=matrix rownames=FALSE colnames=FALSE nrow=71 ncol=2 as.numeric=TRUE >
			446	519
			447	520
			448	521
			449	522
			450	522
			451	522
			452	522
			453	522
			454	522
			455	522
			456	522
			457	522
			458	522
			459	523
			460	523
			461	524
			462	525
			462	526
			463	527
			463	528
			463	529
			463	530
			463	531
			463	532
			463	533
			463	534
			463	535
			463	536
			463	537
			463	538
			464	539
			464	540
			464	541
			464	542
			465	543
			465	544
			465	545
			465	546
			465	547
			466	548
			466	549
			466	550
			466	551
			466	552
			467	553
			467	554
			467	555
			467	556
			467	557
			468	558
			468	559
			468	560
			468	561
			468	562
			469	563
			469	564
			469	565
			470	565
			470	566
			471	566
			472	567
			473	568
			474	568
			475	569
			476	569
			477	569
			478	569
			479	569
			480	569
			481	569
			482	569
		</Left_Wing>
		<Right_Wing type=matrix rownames=FALSE colnames=FALSE nrow=75 ncol=2 as.numeric=TRUE >
			482	569
			483	569
			484	569
			485	569
			486	569
			487	569
			488	568
			489	568
			490	568
			491	567
			492	566
			493	566
			493	565
			494	564
			495	564
			496	563
			497	562
			498	561
			499	560
			500	559
			501	558
			501	557
			501	556
			501	555
			502	554
			502	553
			501	552
			501	551
			501	550
			500	549
			500	548
			500	547
			500	546
			500	545
			500	544
			500	543
			500	542
			500	541
			500	540
			500	539
			501	538
			501	537
			501	536
			501	535
			502	534
			502	533
			503	532
			503	531
			503	530
			502	529
			502	528
			502	527
			502	526
			502	525
			501	525
			501	524
			501	523
			502	522
			502	521
			502	520
			502	519
			503	518
			504	517
			505	516
			506	516
			507	516
			508	515
			509	515
			510	515
			511	515
			512	515
			513	514
			514	514
			515	513
			515	512
		</Right_Wing>
		<Right_Side type=matrix rownames=FALSE colnames=FALSE nrow=153 ncol=2 as.numeric=TRUE >
			515	512
			515	511
			515	510
			515	509
			515	508
			515	507
			515	506
			515	505
			515	504
			515	503
			515	502
			515	501
			515	500
			515	499
			514	498
			514	497
			514	496
			514	495
			514	494
			514	493
			514	492
			513	492
			513	491
			513	490
			512	490
			512	489
			512	488
			512	487
			513	486
			513	485
			513	484
			512	483
			512	482
			512	481
			511	480
			510	479
			509	479
			509	478
			509	477
			508	476
			508	475
			508	474
			508	473
			508	472
			507	471
			507	470
			508	469
			509	468
			509	467
			509	466
			508	466
			507	465
			506	465
			505	465
			505	464
			504	463
			504	462
			504	461
			504	460
			505	459
			505	458
			506	457
			505	456
			505	455
			505	454
			504	453
			503	453
			502	452
			501	452
			501	451
			501	450
			500	450
			500	449
			500	448
			500	447
			501	446
			501	445
			501	444
			500	443
			500	442
			500	441
			499	440
			498	439
			498	438
			497	437
			496	436
			496	435
			496	434
			496	433
			496	432
			496	431
			496	430
			496	429
			495	428
			495	427
			495	426
			495	425
			495	424
			494	423
			494	422
			494	421
			494	420
			493	420
			493	419
			493	418
			492	418
			492	417
			492	416
			492	415
			491	414
			491	413
			491	412
			491	411
			490	410
			490	409
			490	408
			490	407
			489	406
			489	405
			489	404
			488	403
			488	402
			487	401
			487	400
			487	399
			486	398
			486	397
			486	396
			485	395
			485	394
			485	393
			484	392
			484	391
			484	390
			484	389
			483	389
			483	388
			483	387
			483	386
			483	385
			482	384
			482	383
			482	382
			482	381
			482	380
			481	379
			481	378
			481	377
			481	376
			480	375
			480	374
			479	374
			478	373
		</Right_Side>
	</curves.pixel>
	<curves.scaled type=list>
		<Left_Side type=matrix rownames=FALSE colnames=FALSE nrow=154 ncol=2 as.numeric=TRUE >
			115.180722891669	-89.879518072369
			114.939759036247	-89.879518072369
			114.939759036247	-90.1204819277909
			114.698795180825	-90.1204819277909
			114.698795180825	-90.3614457832128
			114.698795180825	-90.6024096386347
			114.698795180825	-90.8433734940566
			114.698795180825	-91.0843373494785
			114.457831325403	-91.3253012049004
			114.457831325403	-91.5662650603223
			114.457831325403	-91.8072289157442
			114.216867469981	-92.0481927711661
			114.216867469981	-92.289156626588
			113.975903614559	-92.5301204820099
			113.975903614559	-92.7710843374318
			113.975903614559	-93.0120481928537
			113.734939759137	-93.2530120482756
			113.734939759137	-93.4939759036975
			113.734939759137	-93.7349397591194
			113.493975903715	-93.9759036145413
			113.493975903715	-94.2168674699632
			113.493975903715	-94.4578313253851
			113.253012048293	-94.698795180807
			113.253012048293	-94.9397590362289
			113.253012048293	-95.1807228916508
			113.253012048293	-95.4216867470727
			113.253012048293	-95.6626506024946
			113.012048192871	-95.9036144579165
			113.012048192871	-96.1445783133384
			113.012048192871	-96.3855421687603
			113.012048192871	-96.6265060241822
			112.77108433745	-96.8674698796041
			112.77108433745	-97.108433735026
			112.77108433745	-97.3493975904479
			112.77108433745	-97.5903614458698
			112.77108433745	-97.8313253012917
			112.77108433745	-98.0722891567136
			112.530120482028	-98.3132530121355
			112.530120482028	-98.5542168675574
			112.289156626606	-98.7951807229793
			112.289156626606	-99.0361445784012
			112.048192771184	-99.2771084338231
			112.048192771184	-99.518072289245
			112.048192771184	-99.7590361446669
			112.048192771184	-100.000000000089
			111.807228915762	-100.240963855511
			111.807228915762	-100.481927710933
			111.807228915762	-100.722891566355
			111.56626506034	-100.963855421776
			111.56626506034	-101.204819277198
			111.56626506034	-101.44578313262
			111.325301204918	-101.686746988042
			111.325301204918	-101.927710843464
			111.325301204918	-102.168674698886
			111.325301204918	-102.409638554308
			111.084337349496	-102.65060240973
			110.843373494074	-102.65060240973
			110.843373494074	-102.891566265152
			110.843373494074	-103.132530120574
			110.843373494074	-103.373493975995
			110.843373494074	-103.614457831417
			110.843373494074	-103.855421686839
			110.843373494074	-104.096385542261
			110.602409638652	-104.337349397683
			110.602409638652	-104.578313253105
			110.602409638652	-104.819277108527
			110.361445783231	-105.060240963949
			110.361445783231	-105.301204819371
			110.361445783231	-105.542168674793
			110.361445783231	-105.783132530214
			110.361445783231	-106.024096385636
			110.361445783231	-106.265060241058
			110.120481927809	-106.50602409648
			110.120481927809	-106.746987951902
			110.120481927809	-106.987951807324
			110.120481927809	-107.228915662746
			110.120481927809	-107.469879518168
			109.879518072387	-107.71084337359
			109.638554216965	-107.951807229012
			109.638554216965	-108.192771084433
			109.638554216965	-108.433734939855
			109.638554216965	-108.674698795277
			109.638554216965	-108.915662650699
			109.638554216965	-109.156626506121
			109.397590361543	-109.397590361543
			109.397590361543	-109.638554216965
			109.397590361543	-109.879518072387
			109.397590361543	-110.120481927809
			109.397590361543	-110.361445783231
			109.397590361543	-110.602409638652
			109.156626506121	-110.843373494074
			109.156626506121	-111.084337349496
			109.156626506121	-111.325301204918
			109.156626506121	-111.56626506034
			108.915662650699	-111.807228915762
			108.915662650699	-112.048192771184
			108.915662650699	-112.289156626606
			108.915662650699	-112.530120482028
			108.674698795277	-112.530120482028
			108.674698795277	-112.77108433745
			108.674698795277	-113.012048192871
			108.674698795277	-113.253012048293
			108.674698795277	-113.493975903715
			108.674698795277	-113.734939759137
			108.674698795277	-113.975903614559
			108.674698795277	-114.216867469981
			108.674698795277	-114.457831325403
			108.674698795277	-114.698795180825
			108.674698795277	-114.939759036247
			108.433734939855	-115.180722891669
			108.433734939855	-115.42168674709
			108.433734939855	-115.662650602512
			108.433734939855	-115.903614457934
			108.192771084433	-115.903614457934
			108.192771084433	-116.144578313356
			108.192771084433	-116.385542168778
			107.951807229012	-116.385542168778
			107.951807229012	-116.6265060242
			107.71084337359	-116.6265060242
			107.71084337359	-116.867469879622
			107.71084337359	-117.108433735044
			107.71084337359	-117.349397590466
			107.71084337359	-117.590361445888
			107.71084337359	-117.83132530131
			107.71084337359	-118.072289156731
			107.71084337359	-118.313253012153
			107.469879518168	-118.554216867575
			107.469879518168	-118.795180722997
			107.469879518168	-119.036144578419
			107.469879518168	-119.277108433841
			107.469879518168	-119.518072289263
			107.228915662746	-119.759036144685
			107.228915662746	-120.000000000107
			107.228915662746	-120.240963855529
			107.228915662746	-120.48192771095
			107.228915662746	-120.722891566372
			107.228915662746	-120.963855421794
			106.987951807324	-121.204819277216
			106.987951807324	-121.445783132638
			106.987951807324	-121.68674698806
			106.987951807324	-121.927710843482
			106.987951807324	-122.168674698904
			106.987951807324	-122.409638554326
			106.987951807324	-122.650602409748
			106.987951807324	-122.891566265169
			106.987951807324	-123.132530120591
			106.987951807324	-123.373493976013
			106.987951807324	-123.614457831435
			107.228915662746	-123.855421686857
			107.228915662746	-124.096385542279
			107.228915662746	-124.337349397701
			107.228915662746	-124.578313253123
			107.469879518168	-124.819277108545
			107.469879518168	-125.060240963967
		</Left_Side>
		<Left_Wing type=matrix rownames=FALSE colnames=FALSE nrow=71 ncol=2 as.numeric=TRUE >
			107.469879518168	-125.060240963967
			107.71084337359	-125.301204819388
			107.951807229012	-125.54216867481
			108.192771084433	-125.783132530232
			108.433734939855	-125.783132530232
			108.674698795277	-125.783132530232
			108.915662650699	-125.783132530232
			109.156626506121	-125.783132530232
			109.397590361543	-125.783132530232
			109.638554216965	-125.783132530232
			109.879518072387	-125.783132530232
			110.120481927809	-125.783132530232
			110.361445783231	-125.783132530232
			110.602409638652	-126.024096385654
			110.843373494074	-126.024096385654
			111.084337349496	-126.265060241076
			111.325301204918	-126.506024096498
			111.325301204918	-126.74698795192
			111.56626506034	-126.987951807342
			111.56626506034	-127.228915662764
			111.56626506034	-127.469879518186
			111.56626506034	-127.710843373607
			111.56626506034	-127.951807229029
			111.56626506034	-128.192771084451
			111.56626506034	-128.433734939873
			111.56626506034	-128.674698795295
			111.56626506034	-128.915662650717
			111.56626506034	-129.156626506139
			111.56626506034	-129.397590361561
			111.56626506034	-129.638554216983
			111.807228915762	-129.879518072405
			111.807228915762	-130.120481927826
			111.807228915762	-130.361445783248
			111.807228915762	-130.60240963867
			112.048192771184	-130.843373494092
			112.048192771184	-131.084337349514
			112.048192771184	-131.325301204936
			112.048192771184	-131.566265060358
			112.048192771184	-131.80722891578
			112.289156626606	-132.048192771202
			112.289156626606	-132.289156626624
			112.289156626606	-132.530120482045
			112.289156626606	-132.771084337467
			112.289156626606	-133.012048192889
			112.530120482028	-133.253012048311
			112.530120482028	-133.493975903733
			112.530120482028	-133.734939759155
			112.530120482028	-133.975903614577
			112.530120482028	-134.216867469999
			112.77108433745	-134.457831325421
			112.77108433745	-134.698795180843
			112.77108433745	-134.939759036264
			112.77108433745	-135.180722891686
			112.77108433745	-135.421686747108
			113.012048192871	-135.66265060253
			113.012048192871	-135.903614457952
			113.012048192871	-136.144578313374
			113.253012048293	-136.144578313374
			113.253012048293	-136.385542168796
			113.493975903715	-136.385542168796
			113.734939759137	-136.626506024218
			113.975903614559	-136.86746987964
			114.216867469981	-136.86746987964
			114.457831325403	-137.108433735062
			114.698795180825	-137.108433735062
			114.939759036247	-137.108433735062
			115.180722891669	-137.108433735062
			115.42168674709	-137.108433735062
			115.662650602512	-137.108433735062
			115.903614457934	-137.108433735062
			116.144578313356	-137.108433735062
		</Left_Wing>
		<Right_Wing type=matrix rownames=FALSE colnames=FALSE nrow=75 ncol=2 as.numeric=TRUE >
			116.144578313356	-137.108433735062
			116.385542168778	-137.108433735062
			116.6265060242	-137.108433735062
			116.867469879622	-137.108433735062
			117.108433735044	-137.108433735062
			117.349397590466	-137.108433735062
			117.590361445888	-136.86746987964
			117.83132530131	-136.86746987964
			118.072289156731	-136.86746987964
			118.313253012153	-136.626506024218
			118.554216867575	-136.385542168796
			118.795180722997	-136.385542168796
			118.795180722997	-136.144578313374
			119.036144578419	-135.903614457952
			119.277108433841	-135.903614457952
			119.518072289263	-135.66265060253
			119.759036144685	-135.421686747108
			120.000000000107	-135.180722891686
			120.240963855529	-134.939759036264
			120.48192771095	-134.698795180843
			120.722891566372	-134.457831325421
			120.722891566372	-134.216867469999
			120.722891566372	-133.975903614577
			120.722891566372	-133.734939759155
			120.963855421794	-133.493975903733
			120.963855421794	-133.253012048311
			120.722891566372	-133.012048192889
			120.722891566372	-132.771084337467
			120.722891566372	-132.530120482045
			120.48192771095	-132.289156626624
			120.48192771095	-132.048192771202
			120.48192771095	-131.80722891578
			120.48192771095	-131.566265060358
			120.48192771095	-131.325301204936
			120.48192771095	-131.084337349514
			120.48192771095	-130.843373494092
			120.48192771095	-130.60240963867
			120.48192771095	-130.361445783248
			120.48192771095	-130.120481927826
			120.48192771095	-129.879518072405
			120.722891566372	-129.638554216983
			120.722891566372	-129.397590361561
			120.722891566372	-129.156626506139
			120.722891566372	-128.915662650717
			120.963855421794	-128.674698795295
			120.963855421794	-128.433734939873
			121.204819277216	-128.192771084451
			121.204819277216	-127.951807229029
			121.204819277216	-127.710843373607
			120.963855421794	-127.469879518186
			120.963855421794	-127.228915662764
			120.963855421794	-126.987951807342
			120.963855421794	-126.74698795192
			120.963855421794	-126.506024096498
			120.722891566372	-126.506024096498
			120.722891566372	-126.265060241076
			120.722891566372	-126.024096385654
			120.963855421794	-125.783132530232
			120.963855421794	-125.54216867481
			120.963855421794	-125.301204819388
			120.963855421794	-125.060240963967
			121.204819277216	-124.819277108545
			121.445783132638	-124.578313253123
			121.68674698806	-124.337349397701
			121.927710843482	-124.337349397701
			122.168674698904	-124.337349397701
			122.409638554326	-124.096385542279
			122.650602409748	-124.096385542279
			122.891566265169	-124.096385542279
			123.132530120591	-124.096385542279
			123.373493976013	-124.096385542279
			123.614457831435	-123.855421686857
			123.855421686857	-123.855421686857
			124.096385542279	-123.614457831435
			124.096385542279	-123.373493976013
		</Right_Wing>
		<Right_Side type=matrix rownames=FALSE colnames=FALSE nrow=153 ncol=2 as.numeric=TRUE >
			124.096385542279	-123.373493976013
			124.096385542279	-123.132530120591
			124.096385542279	-122.891566265169
			124.096385542279	-122.650602409748
			124.096385542279	-122.409638554326
			124.096385542279	-122.168674698904
			124.096385542279	-121.927710843482
			124.096385542279	-121.68674698806
			124.096385542279	-121.445783132638
			124.096385542279	-121.204819277216
			124.096385542279	-120.963855421794
			124.096385542279	-120.722891566372
			124.096385542279	-120.48192771095
			124.096385542279	-120.240963855529
			123.855421686857	-120.000000000107
			123.855421686857	-119.759036144685
			123.855421686857	-119.518072289263
			123.855421686857	-119.277108433841
			123.855421686857	-119.036144578419
			123.855421686857	-118.795180722997
			123.855421686857	-118.554216867575
			123.614457831435	-118.554216867575
			123.614457831435	-118.313253012153
			123.614457831435	-118.072289156731
			123.373493976013	-118.072289156731
			123.373493976013	-117.83132530131
			123.373493976013	-117.590361445888
			123.373493976013	-117.349397590466
			123.614457831435	-117.108433735044
			123.614457831435	-116.867469879622
			123.614457831435	-116.6265060242
			123.373493976013	-116.385542168778
			123.373493976013	-116.144578313356
			123.373493976013	-115.903614457934
			123.132530120591	-115.662650602512
			122.891566265169	-115.42168674709
			122.650602409748	-115.42168674709
			122.650602409748	-115.180722891669
			122.650602409748	-114.939759036247
			122.409638554326	-114.698795180825
			122.409638554326	-114.457831325403
			122.409638554326	-114.216867469981
			122.409638554326	-113.975903614559
			122.409638554326	-113.734939759137
			122.168674698904	-113.493975903715
			122.168674698904	-113.253012048293
			122.409638554326	-113.012048192871
			122.650602409748	-112.77108433745
			122.650602409748	-112.530120482028
			122.650602409748	-112.289156626606
			122.409638554326	-112.289156626606
			122.168674698904	-112.048192771184
			121.927710843482	-112.048192771184
			121.68674698806	-112.048192771184
			121.68674698806	-111.807228915762
			121.445783132638	-111.56626506034
			121.445783132638	-111.325301204918
			121.445783132638	-111.084337349496
			121.445783132638	-110.843373494074
			121.68674698806	-110.602409638652
			121.68674698806	-110.361445783231
			121.927710843482	-110.120481927809
			121.68674698806	-109.879518072387
			121.68674698806	-109.638554216965
			121.68674698806	-109.397590361543
			121.445783132638	-109.156626506121
			121.204819277216	-109.156626506121
			120.963855421794	-108.915662650699
			120.722891566372	-108.915662650699
			120.722891566372	-108.674698795277
			120.722891566372	-108.433734939855
			120.48192771095	-108.433734939855
			120.48192771095	-108.192771084433
			120.48192771095	-107.951807229012
			120.48192771095	-107.71084337359
			120.722891566372	-107.469879518168
			120.722891566372	-107.228915662746
			120.722891566372	-106.987951807324
			120.48192771095	-106.746987951902
			120.48192771095	-106.50602409648
			120.48192771095	-106.265060241058
			120.240963855529	-106.024096385636
			120.000000000107	-105.783132530214
			120.000000000107	-105.542168674793
			119.759036144685	-105.301204819371
			119.518072289263	-105.060240963949
			119.518072289263	-104.819277108527
			119.518072289263	-104.578313253105
			119.518072289263	-104.337349397683
			119.518072289263	-104.096385542261
			119.518072289263	-103.855421686839
			119.518072289263	-103.614457831417
			119.518072289263	-103.373493975995
			119.277108433841	-103.132530120574
			119.277108433841	-102.891566265152
			119.277108433841	-102.65060240973
			119.277108433841	-102.409638554308
			119.277108433841	-102.168674698886
			119.036144578419	-101.927710843464
			119.036144578419	-101.686746988042
			119.036144578419	-101.44578313262
			119.036144578419	-101.204819277198
			118.795180722997	-101.204819277198
			118.795180722997	-100.963855421776
			118.795180722997	-100.722891566355
			118.554216867575	-100.722891566355
			118.554216867575	-100.481927710933
			118.554216867575	-100.240963855511
			118.554216867575	-100.000000000089
			118.313253012153	-99.7590361446669
			118.313253012153	-99.518072289245
			118.313253012153	-99.2771084338231
			118.313253012153	-99.0361445784012
			118.072289156731	-98.7951807229793
			118.072289156731	-98.5542168675574
			118.072289156731	-98.3132530121355
			118.072289156731	-98.0722891567136
			117.83132530131	-97.8313253012917
			117.83132530131	-97.5903614458698
			117.83132530131	-97.3493975904479
			117.590361445888	-97.108433735026
			117.590361445888	-96.8674698796041
			117.349397590466	-96.6265060241822
			117.349397590466	-96.3855421687603
			117.349397590466	-96.1445783133384
			117.108433735044	-95.9036144579165
			117.108433735044	-95.6626506024946
			117.108433735044	-95.4216867470727
			116.867469879622	-95.1807228916508
			116.867469879622	-94.9397590362289
			116.867469879622	-94.698795180807
			116.6265060242	-94.4578313253851
			116.6265060242	-94.2168674699632
			116.6265060242	-93.9759036145413
			116.6265060242	-93.7349397591194
			116.385542168778	-93.7349397591194
			116.385542168778	-93.4939759036975
			116.385542168778	-93.2530120482756
			116.385542168778	-93.0120481928537
			116.385542168778	-92.7710843374318
			116.144578313356	-92.5301204820099
			116.144578313356	-92.289156626588
			116.144578313356	-92.0481927711661
			116.144578313356	-91.8072289157442
			116.144578313356	-91.5662650603223
			115.903614457934	-91.3253012049004
			115.903614457934	-91.0843373494785
			115.903614457934	-90.8433734940566
			115.903614457934	-90.6024096386347
			115.662650602512	-90.3614457832128
			115.662650602512	-90.1204819277909
			115.42168674709	-90.1204819277909
			115.180722891669	-89.879518072369
		</Right_Side>
	</curves.scaled>
	<ruler.points type=matrix rownames=TRUE colnames=FALSE nrow=5 ncol=2 as.numeric=TRUE >
		Ruler point 1	112	613
		Ruler point 2	153	613
		Ruler point 3	195	612
		Ruler point 4	237	612
		Ruler point 5	278	613
	</ruler.points>
</shapes>

