<shapes type=list>
	<ruler.pixel type=vector names=FALSE length=1 as.numeric=TRUE >27.249999875809</ruler.pixel>
	<ruler.interval type=vector names=FALSE length=1 as.numeric=TRUE >10</ruler.interval>
	<scaling.units type=vector names=FALSE length=1 as.numeric=FALSE >mm</scaling.units>
	<scaling type=vector names=FALSE length=1 as.numeric=TRUE >0.366972478736685</scaling>
	<landmarks.pixel type=matrix rownames=TRUE colnames=FALSE nrow=4 ncol=2 as.numeric=TRUE >
		Point_Tip	169	67
		Left_Tang_Center	153	98
		Base_Center	168	117
		Right_Tang_Center	182	99
	</landmarks.pixel>
	<landmarks.scaled type=matrix rownames=TRUE colnames=FALSE nrow=4 ncol=2 as.numeric=TRUE >
		Point_Tip	62.0183489064998	-24.5871560753579
		Left_Tang_Center	56.1467892467129	-35.9633029161952
		Base_Center	61.6513764277632	-42.9357800121922
		Right_Tang_Center	66.7889911300768	-36.3302753949319
	</landmarks.scaled>
	<curves.control type=list>
		<Left_Side type=matrix rownames=FALSE colnames=FALSE nrow=7 ncol=2 as.numeric=TRUE >
			169	67
			165	70
			162	76
			161	82
			158	86
			153	94
			153	98
		</Left_Side>
		<Left_Wing type=matrix rownames=FALSE colnames=FALSE nrow=9 ncol=2 as.numeric=TRUE >
			153	98
			155	99
			158	98
			161	93
			162	96
			162	105
			164	111
			165	116
			168	117
		</Left_Wing>
		<Right_Wing type=matrix rownames=FALSE colnames=FALSE nrow=9 ncol=2 as.numeric=TRUE >
			168	117
			173	113
			174	108
			175	101
			175	99
			176	96
			178	98
			180	99
			182	99
		</Right_Wing>
		<Right_Side type=matrix rownames=FALSE colnames=FALSE nrow=15 ncol=2 as.numeric=TRUE >
			182	99
			184	98
			184	96
			183	96
			183	93
			182	93
			182	90
			181	89
			180	85
			179	84
			179	82
			176	77
			174	73
			172	69
			169	67
		</Right_Side>
	</curves.control>
	<curves.pixel type=list>
		<Left_Side type=matrix rownames=FALSE colnames=FALSE nrow=35 ncol=2 as.numeric=TRUE >
			169	67
			168	68
			167	69
			166	70
			165	71
			164	72
			164	73
			163	74
			162	75
			162	76
			162	77
			162	78
			161	78
			161	79
			161	80
			161	81
			160	82
			160	83
			159	84
			159	85
			158	85
			158	86
			157	87
			157	88
			156	89
			156	90
			155	91
			155	92
			154	93
			154	94
			154	95
			153	95
			153	96
			153	97
			153	98
		</Left_Side>
		<Left_Wing type=matrix rownames=FALSE colnames=FALSE nrow=35 ncol=2 as.numeric=TRUE >
			153	98
			154	98
			155	98
			156	98
			157	98
			158	98
			159	97
			159	96
			160	95
			161	95
			162	95
			162	96
			162	97
			162	98
			162	99
			162	100
			162	101
			162	102
			162	103
			162	104
			163	105
			163	106
			163	107
			163	108
			163	109
			164	110
			164	111
			164	112
			164	113
			165	113
			165	114
			165	115
			166	116
			167	116
			168	117
		</Left_Wing>
		<Right_Wing type=matrix rownames=FALSE colnames=FALSE nrow=28 ncol=2 as.numeric=TRUE >
			168	117
			169	116
			170	115
			171	114
			172	113
			172	112
			173	112
			173	111
			173	110
			174	109
			174	108
			174	107
			174	106
			174	105
			174	104
			175	103
			175	102
			175	101
			175	100
			175	99
			175	98
			176	97
			177	97
			178	98
			179	98
			180	99
			181	99
			182	99
		</Right_Wing>
		<Right_Side type=matrix rownames=FALSE colnames=FALSE nrow=37 ncol=2 as.numeric=TRUE >
			182	99
			183	99
			183	98
			184	98
			184	97
			184	96
			183	96
			183	95
			183	94
			183	93
			182	93
			182	92
			182	91
			182	90
			182	89
			181	88
			181	87
			180	86
			180	85
			179	84
			179	83
			179	82
			178	81
			178	80
			177	79
			177	78
			176	77
			176	76
			175	75
			174	74
			174	73
			173	72
			173	71
			172	70
			171	69
			170	68
			169	67
		</Right_Side>
	</curves.pixel>
	<curves.scaled type=list>
		<Left_Side type=matrix rownames=FALSE colnames=FALSE nrow=35 ncol=2 as.numeric=TRUE >
			62.0183489064998	-24.5871560753579
			61.6513764277632	-24.9541285540946
			61.2844039490265	-25.3211010328313
			60.9174314702898	-25.688073511568
			60.5504589915531	-26.0550459903047
			60.1834865128164	-26.4220184690414
			60.1834865128164	-26.788990947778
			59.8165140340797	-27.1559634265147
			59.449541555343	-27.5229359052514
			59.449541555343	-27.8899083839881
			59.449541555343	-28.2568808627248
			59.449541555343	-28.6238533414615
			59.0825690766064	-28.6238533414615
			59.0825690766064	-28.9908258201982
			59.0825690766064	-29.3577982989348
			59.0825690766064	-29.7247707776715
			58.7155965978697	-30.0917432564082
			58.7155965978697	-30.4587157351449
			58.348624119133	-30.8256882138816
			58.348624119133	-31.1926606926183
			57.9816516403963	-31.1926606926183
			57.9816516403963	-31.5596331713549
			57.6146791616596	-31.9266056500916
			57.6146791616596	-32.2935781288283
			57.2477066829229	-32.660550607565
			57.2477066829229	-33.0275230863017
			56.8807342041862	-33.3944955650384
			56.8807342041862	-33.7614680437751
			56.5137617254496	-34.1284405225117
			56.5137617254496	-34.4954130012484
			56.5137617254496	-34.8623854799851
			56.1467892467129	-34.8623854799851
			56.1467892467129	-35.2293579587218
			56.1467892467129	-35.5963304374585
			56.1467892467129	-35.9633029161952
		</Left_Side>
		<Left_Wing type=matrix rownames=FALSE colnames=FALSE nrow=35 ncol=2 as.numeric=TRUE >
			56.1467892467129	-35.9633029161952
			56.5137617254496	-35.9633029161952
			56.8807342041862	-35.9633029161952
			57.2477066829229	-35.9633029161952
			57.6146791616596	-35.9633029161952
			57.9816516403963	-35.9633029161952
			58.348624119133	-35.5963304374585
			58.348624119133	-35.2293579587218
			58.7155965978697	-34.8623854799851
			59.0825690766064	-34.8623854799851
			59.449541555343	-34.8623854799851
			59.449541555343	-35.2293579587218
			59.449541555343	-35.5963304374585
			59.449541555343	-35.9633029161952
			59.449541555343	-36.3302753949319
			59.449541555343	-36.6972478736685
			59.449541555343	-37.0642203524052
			59.449541555343	-37.4311928311419
			59.449541555343	-37.7981653098786
			59.449541555343	-38.1651377886153
			59.8165140340797	-38.532110267352
			59.8165140340797	-38.8990827460887
			59.8165140340797	-39.2660552248253
			59.8165140340797	-39.633027703562
			59.8165140340797	-40.0000001822987
			60.1834865128164	-40.3669726610354
			60.1834865128164	-40.7339451397721
			60.1834865128164	-41.1009176185088
			60.1834865128164	-41.4678900972455
			60.5504589915531	-41.4678900972455
			60.5504589915531	-41.8348625759821
			60.5504589915531	-42.2018350547188
			60.9174314702898	-42.5688075334555
			61.2844039490265	-42.5688075334555
			61.6513764277632	-42.9357800121922
		</Left_Wing>
		<Right_Wing type=matrix rownames=FALSE colnames=FALSE nrow=28 ncol=2 as.numeric=TRUE >
			61.6513764277632	-42.9357800121922
			62.0183489064998	-42.5688075334555
			62.3853213852365	-42.2018350547188
			62.7522938639732	-41.8348625759821
			63.1192663427099	-41.4678900972455
			63.1192663427099	-41.1009176185088
			63.4862388214466	-41.1009176185088
			63.4862388214466	-40.7339451397721
			63.4862388214466	-40.3669726610354
			63.8532113001833	-40.0000001822987
			63.8532113001833	-39.633027703562
			63.8532113001833	-39.2660552248253
			63.8532113001833	-38.8990827460887
			63.8532113001833	-38.532110267352
			63.8532113001833	-38.1651377886153
			64.2201837789199	-37.7981653098786
			64.2201837789199	-37.4311928311419
			64.2201837789199	-37.0642203524052
			64.2201837789199	-36.6972478736685
			64.2201837789199	-36.3302753949319
			64.2201837789199	-35.9633029161952
			64.5871562576566	-35.5963304374585
			64.9541287363933	-35.5963304374585
			65.32110121513	-35.9633029161952
			65.6880736938667	-35.9633029161952
			66.0550461726034	-36.3302753949319
			66.4220186513401	-36.3302753949319
			66.7889911300768	-36.3302753949319
		</Right_Wing>
		<Right_Side type=matrix rownames=FALSE colnames=FALSE nrow=37 ncol=2 as.numeric=TRUE >
			66.7889911300768	-36.3302753949319
			67.1559636088134	-36.3302753949319
			67.1559636088134	-35.9633029161952
			67.5229360875501	-35.9633029161952
			67.5229360875501	-35.5963304374585
			67.5229360875501	-35.2293579587218
			67.1559636088134	-35.2293579587218
			67.1559636088134	-34.8623854799851
			67.1559636088134	-34.4954130012484
			67.1559636088134	-34.1284405225117
			66.7889911300768	-34.1284405225117
			66.7889911300768	-33.7614680437751
			66.7889911300768	-33.3944955650384
			66.7889911300768	-33.0275230863017
			66.7889911300768	-32.660550607565
			66.4220186513401	-32.2935781288283
			66.4220186513401	-31.9266056500916
			66.0550461726034	-31.5596331713549
			66.0550461726034	-31.1926606926183
			65.6880736938667	-30.8256882138816
			65.6880736938667	-30.4587157351449
			65.6880736938667	-30.0917432564082
			65.32110121513	-29.7247707776715
			65.32110121513	-29.3577982989348
			64.9541287363933	-28.9908258201982
			64.9541287363933	-28.6238533414615
			64.5871562576566	-28.2568808627248
			64.5871562576566	-27.8899083839881
			64.2201837789199	-27.5229359052514
			63.8532113001833	-27.1559634265147
			63.8532113001833	-26.788990947778
			63.4862388214466	-26.4220184690414
			63.4862388214466	-26.0550459903047
			63.1192663427099	-25.688073511568
			62.7522938639732	-25.3211010328313
			62.3853213852365	-24.9541285540946
			62.0183489064998	-24.5871560753579
		</Right_Side>
	</curves.scaled>
	<ruler.points type=matrix rownames=TRUE colnames=FALSE nrow=6 ncol=2 as.numeric=TRUE >
		Ruler point 1	198	533
		Ruler point 2	224	533
		Ruler point 3	251	533
		Ruler point 4	278	535
		Ruler point 5	306	533
		Ruler point 6	333	533
	</ruler.points>
</shapes>

