<shapes type=list>
	<ruler.pixel type=vector names=FALSE length=1 as.numeric=TRUE >27</ruler.pixel>
	<ruler.interval type=vector names=FALSE length=1 as.numeric=TRUE >10</ruler.interval>
	<scaling.units type=vector names=FALSE length=1 as.numeric=FALSE >mm</scaling.units>
	<scaling type=vector names=FALSE length=1 as.numeric=TRUE >0.37037037037037</scaling>
	<landmarks.pixel type=matrix rownames=TRUE colnames=FALSE nrow=4 ncol=2 as.numeric=TRUE >
		Point_Tip	435	268
		Left_Tang_Center	416	318
		Base_Center	437	346
		Right_Tang_Center	456	321
	</landmarks.pixel>
	<landmarks.scaled type=matrix rownames=TRUE colnames=FALSE nrow=4 ncol=2 as.numeric=TRUE >
		Point_Tip	161.111111111111	-99.2592592592592
		Left_Tang_Center	154.074074074074	-117.777777777778
		Base_Center	161.851851851852	-128.148148148148
		Right_Tang_Center	168.888888888889	-118.888888888889
	</landmarks.scaled>
	<curves.control type=list>
		<Left_Side type=matrix rownames=FALSE colnames=FALSE nrow=17 ncol=2 as.numeric=TRUE >
			435	268
			434	269
			433	271
			431	273
			431	276
			430	280
			426	284
			425	285
			425	288
			423	293
			420	299
			421	304
			419	304
			415	309
			415	313
			415	316
			416	318
		</Left_Side>
		<Left_Wing type=matrix rownames=FALSE colnames=FALSE nrow=15 ncol=2 as.numeric=TRUE >
			416	318
			419	320
			421	319
			424	317
			427	318
			430	319
			429	324
			428	327
			428	329
			430	331
			431	337
			432	342
			434	345
			435	346
			437	346
		</Left_Wing>
		<Right_Wing type=matrix rownames=FALSE colnames=FALSE nrow=9 ncol=2 as.numeric=TRUE >
			437	346
			440	346
			442	344
			444	342
			445	333
			445	323
			446	320
			450	320
			456	321
		</Right_Wing>
		<Right_Side type=matrix rownames=FALSE colnames=FALSE nrow=13 ncol=2 as.numeric=TRUE >
			456	321
			457	319
			457	317
			454	311
			453	304
			449	298
			448	291
			445	289
			445	286
			441	279
			439	271
			437	268
			435	268
		</Right_Side>
	</curves.control>
	<curves.pixel type=list>
		<Left_Side type=matrix rownames=FALSE colnames=FALSE nrow=52 ncol=2 as.numeric=TRUE >
			435	268
			434	269
			433	270
			433	271
			432	272
			432	273
			431	274
			431	275
			431	276
			431	277
			430	278
			430	279
			429	280
			429	281
			428	282
			427	283
			426	284
			426	285
			425	285
			425	286
			425	287
			425	288
			425	289
			424	290
			424	291
			423	292
			423	293
			422	294
			422	295
			421	296
			421	297
			420	298
			420	299
			420	300
			420	301
			420	302
			420	303
			420	304
			419	305
			418	306
			417	307
			416	308
			416	309
			415	310
			415	311
			415	312
			415	313
			415	314
			415	315
			415	316
			416	317
			416	318
		</Left_Side>
		<Left_Wing type=matrix rownames=FALSE colnames=FALSE nrow=42 ncol=2 as.numeric=TRUE >
			416	318
			417	319
			418	319
			419	319
			420	319
			421	319
			422	318
			423	318
			424	318
			425	318
			426	318
			427	318
			428	319
			429	320
			429	321
			429	322
			429	323
			429	324
			429	325
			428	326
			428	327
			428	328
			428	329
			429	330
			429	331
			430	332
			430	333
			430	334
			431	335
			431	336
			431	337
			431	338
			431	339
			432	340
			432	341
			433	342
			433	343
			433	344
			434	345
			435	346
			436	346
			437	346
		</Left_Wing>
		<Right_Wing type=matrix rownames=FALSE colnames=FALSE nrow=41 ncol=2 as.numeric=TRUE >
			437	346
			438	346
			439	346
			440	346
			441	345
			442	344
			443	343
			443	342
			444	341
			444	340
			444	339
			444	338
			444	337
			445	336
			445	335
			445	334
			445	333
			445	332
			445	331
			445	330
			445	329
			445	328
			445	327
			445	326
			445	325
			445	324
			445	323
			446	322
			446	321
			446	320
			447	320
			448	320
			449	320
			450	320
			451	320
			452	320
			453	320
			453	321
			454	321
			455	321
			456	321
		</Right_Wing>
		<Right_Side type=matrix rownames=FALSE colnames=FALSE nrow=62 ncol=2 as.numeric=TRUE >
			456	321
			456	320
			457	319
			457	318
			457	317
			456	316
			456	315
			456	314
			455	313
			455	312
			455	311
			454	311
			454	310
			454	309
			454	308
			454	307
			453	306
			453	305
			453	304
			452	303
			452	302
			451	301
			451	300
			450	299
			450	298
			449	297
			449	296
			449	295
			449	294
			448	293
			448	292
			448	291
			447	291
			447	290
			446	290
			446	289
			445	288
			445	287
			445	286
			444	285
			444	284
			443	283
			443	282
			443	281
			442	281
			442	280
			442	279
			441	278
			441	277
			441	276
			440	276
			440	275
			440	274
			440	273
			439	272
			439	271
			439	270
			438	270
			438	269
			437	269
			436	268
			435	268
		</Right_Side>
	</curves.pixel>
	<curves.scaled type=list>
		<Left_Side type=matrix rownames=FALSE colnames=FALSE nrow=52 ncol=2 as.numeric=TRUE >
			161.111111111111	-99.2592592592592
			160.740740740741	-99.6296296296296
			160.37037037037	-100
			160.37037037037	-100.37037037037
			160	-100.740740740741
			160	-101.111111111111
			159.62962962963	-101.481481481481
			159.62962962963	-101.851851851852
			159.62962962963	-102.222222222222
			159.62962962963	-102.592592592593
			159.259259259259	-102.962962962963
			159.259259259259	-103.333333333333
			158.888888888889	-103.703703703704
			158.888888888889	-104.074074074074
			158.518518518518	-104.444444444444
			158.148148148148	-104.814814814815
			157.777777777778	-105.185185185185
			157.777777777778	-105.555555555556
			157.407407407407	-105.555555555556
			157.407407407407	-105.925925925926
			157.407407407407	-106.296296296296
			157.407407407407	-106.666666666667
			157.407407407407	-107.037037037037
			157.037037037037	-107.407407407407
			157.037037037037	-107.777777777778
			156.666666666667	-108.148148148148
			156.666666666667	-108.518518518518
			156.296296296296	-108.888888888889
			156.296296296296	-109.259259259259
			155.925925925926	-109.62962962963
			155.925925925926	-110
			155.555555555556	-110.37037037037
			155.555555555556	-110.740740740741
			155.555555555556	-111.111111111111
			155.555555555556	-111.481481481481
			155.555555555556	-111.851851851852
			155.555555555556	-112.222222222222
			155.555555555556	-112.592592592593
			155.185185185185	-112.962962962963
			154.814814814815	-113.333333333333
			154.444444444444	-113.703703703704
			154.074074074074	-114.074074074074
			154.074074074074	-114.444444444444
			153.703703703704	-114.814814814815
			153.703703703704	-115.185185185185
			153.703703703704	-115.555555555556
			153.703703703704	-115.925925925926
			153.703703703704	-116.296296296296
			153.703703703704	-116.666666666667
			153.703703703704	-117.037037037037
			154.074074074074	-117.407407407407
			154.074074074074	-117.777777777778
		</Left_Side>
		<Left_Wing type=matrix rownames=FALSE colnames=FALSE nrow=42 ncol=2 as.numeric=TRUE >
			154.074074074074	-117.777777777778
			154.444444444444	-118.148148148148
			154.814814814815	-118.148148148148
			155.185185185185	-118.148148148148
			155.555555555556	-118.148148148148
			155.925925925926	-118.148148148148
			156.296296296296	-117.777777777778
			156.666666666667	-117.777777777778
			157.037037037037	-117.777777777778
			157.407407407407	-117.777777777778
			157.777777777778	-117.777777777778
			158.148148148148	-117.777777777778
			158.518518518518	-118.148148148148
			158.888888888889	-118.518518518518
			158.888888888889	-118.888888888889
			158.888888888889	-119.259259259259
			158.888888888889	-119.62962962963
			158.888888888889	-120
			158.888888888889	-120.37037037037
			158.518518518518	-120.740740740741
			158.518518518518	-121.111111111111
			158.518518518518	-121.481481481481
			158.518518518518	-121.851851851852
			158.888888888889	-122.222222222222
			158.888888888889	-122.592592592593
			159.259259259259	-122.962962962963
			159.259259259259	-123.333333333333
			159.259259259259	-123.703703703704
			159.62962962963	-124.074074074074
			159.62962962963	-124.444444444444
			159.62962962963	-124.814814814815
			159.62962962963	-125.185185185185
			159.62962962963	-125.555555555556
			160	-125.925925925926
			160	-126.296296296296
			160.37037037037	-126.666666666667
			160.37037037037	-127.037037037037
			160.37037037037	-127.407407407407
			160.740740740741	-127.777777777778
			161.111111111111	-128.148148148148
			161.481481481481	-128.148148148148
			161.851851851852	-128.148148148148
		</Left_Wing>
		<Right_Wing type=matrix rownames=FALSE colnames=FALSE nrow=41 ncol=2 as.numeric=TRUE >
			161.851851851852	-128.148148148148
			162.222222222222	-128.148148148148
			162.592592592593	-128.148148148148
			162.962962962963	-128.148148148148
			163.333333333333	-127.777777777778
			163.703703703704	-127.407407407407
			164.074074074074	-127.037037037037
			164.074074074074	-126.666666666667
			164.444444444444	-126.296296296296
			164.444444444444	-125.925925925926
			164.444444444444	-125.555555555556
			164.444444444444	-125.185185185185
			164.444444444444	-124.814814814815
			164.814814814815	-124.444444444444
			164.814814814815	-124.074074074074
			164.814814814815	-123.703703703704
			164.814814814815	-123.333333333333
			164.814814814815	-122.962962962963
			164.814814814815	-122.592592592593
			164.814814814815	-122.222222222222
			164.814814814815	-121.851851851852
			164.814814814815	-121.481481481481
			164.814814814815	-121.111111111111
			164.814814814815	-120.740740740741
			164.814814814815	-120.37037037037
			164.814814814815	-120
			164.814814814815	-119.62962962963
			165.185185185185	-119.259259259259
			165.185185185185	-118.888888888889
			165.185185185185	-118.518518518518
			165.555555555556	-118.518518518518
			165.925925925926	-118.518518518518
			166.296296296296	-118.518518518518
			166.666666666667	-118.518518518518
			167.037037037037	-118.518518518518
			167.407407407407	-118.518518518518
			167.777777777778	-118.518518518518
			167.777777777778	-118.888888888889
			168.148148148148	-118.888888888889
			168.518518518518	-118.888888888889
			168.888888888889	-118.888888888889
		</Right_Wing>
		<Right_Side type=matrix rownames=FALSE colnames=FALSE nrow=62 ncol=2 as.numeric=TRUE >
			168.888888888889	-118.888888888889
			168.888888888889	-118.518518518518
			169.259259259259	-118.148148148148
			169.259259259259	-117.777777777778
			169.259259259259	-117.407407407407
			168.888888888889	-117.037037037037
			168.888888888889	-116.666666666667
			168.888888888889	-116.296296296296
			168.518518518518	-115.925925925926
			168.518518518518	-115.555555555556
			168.518518518518	-115.185185185185
			168.148148148148	-115.185185185185
			168.148148148148	-114.814814814815
			168.148148148148	-114.444444444444
			168.148148148148	-114.074074074074
			168.148148148148	-113.703703703704
			167.777777777778	-113.333333333333
			167.777777777778	-112.962962962963
			167.777777777778	-112.592592592593
			167.407407407407	-112.222222222222
			167.407407407407	-111.851851851852
			167.037037037037	-111.481481481481
			167.037037037037	-111.111111111111
			166.666666666667	-110.740740740741
			166.666666666667	-110.37037037037
			166.296296296296	-110
			166.296296296296	-109.62962962963
			166.296296296296	-109.259259259259
			166.296296296296	-108.888888888889
			165.925925925926	-108.518518518518
			165.925925925926	-108.148148148148
			165.925925925926	-107.777777777778
			165.555555555556	-107.777777777778
			165.555555555556	-107.407407407407
			165.185185185185	-107.407407407407
			165.185185185185	-107.037037037037
			164.814814814815	-106.666666666667
			164.814814814815	-106.296296296296
			164.814814814815	-105.925925925926
			164.444444444444	-105.555555555556
			164.444444444444	-105.185185185185
			164.074074074074	-104.814814814815
			164.074074074074	-104.444444444444
			164.074074074074	-104.074074074074
			163.703703703704	-104.074074074074
			163.703703703704	-103.703703703704
			163.703703703704	-103.333333333333
			163.333333333333	-102.962962962963
			163.333333333333	-102.592592592593
			163.333333333333	-102.222222222222
			162.962962962963	-102.222222222222
			162.962962962963	-101.851851851852
			162.962962962963	-101.481481481481
			162.962962962963	-101.111111111111
			162.592592592593	-100.740740740741
			162.592592592593	-100.37037037037
			162.592592592593	-100
			162.222222222222	-100
			162.222222222222	-99.6296296296296
			161.851851851852	-99.6296296296296
			161.481481481481	-99.2592592592592
			161.111111111111	-99.2592592592592
		</Right_Side>
	</curves.scaled>
	<ruler.points type=matrix rownames=TRUE colnames=FALSE nrow=6 ncol=2 as.numeric=TRUE >
		Ruler point 1	198	532
		Ruler point 2	225	533
		Ruler point 3	251	533
		Ruler point 4	279	533
		Ruler point 5	306	533
		Ruler point 6	334	533
	</ruler.points>
</shapes>

