<shapes type=list>
	<ruler.pixel type=vector names=FALSE length=1 as.numeric=TRUE >45.0017778291569</ruler.pixel>
	<ruler.interval type=vector names=FALSE length=1 as.numeric=TRUE >10</ruler.interval>
	<scaling.units type=vector names=FALSE length=1 as.numeric=FALSE >mm</scaling.units>
	<scaling type=vector names=FALSE length=1 as.numeric=TRUE >0.222213443165815</scaling>
	<landmarks.pixel type=matrix rownames=TRUE colnames=FALSE nrow=4 ncol=2 as.numeric=TRUE >
		Point_Tip	292	27
		Left_Tang_Center	263	112
		Base_Center	309	166
		Right_Tang_Center	334	104
	</landmarks.pixel>
	<landmarks.scaled type=matrix rownames=TRUE colnames=FALSE nrow=4 ncol=2 as.numeric=TRUE >
		Point_Tip	64.886325404418	-5.99976296547701
		Left_Tang_Center	58.4421355526094	-24.8879056345713
		Base_Center	68.6639539382369	-36.8874315655253
		Right_Tang_Center	74.2192900173823	-23.1101980892448
	</landmarks.scaled>
	<curves.control type=list>
		<Left_Side type=matrix rownames=FALSE colnames=FALSE nrow=39 ncol=2 as.numeric=TRUE >
			292	27
			290	27
			289	29
			288	31
			287	34
			287	36
			284	38
			286	43
			281	43
			282	47
			280	48
			280	53
			278	53
			276	57
			278	58
			277	61
			274	61
			274	66
			272	68
			271	72
			272	73
			272	75
			270	76
			271	78
			269	80
			270	83
			268	83
			268	88
			266	88
			268	92
			265	92
			263	96
			263	99
			266	100
			263	101
			263	103
			264	105
			262	106
			263	112
		</Left_Side>
		<Left_Wing type=matrix rownames=FALSE colnames=FALSE nrow=27 ncol=2 as.numeric=TRUE >
			263	112
			266	113
			268	114
			271	114
			275	114
			277	113
			278	113
			280	113
			282	113
			285	109
			285	107
			287	106
			289	106
			290	109
			292	111
			293	117
			294	128
			296	132
			295	136
			298	144
			300	152
			302	153
			302	157
			304	159
			304	162
			306	164
			309	166
		</Left_Wing>
		<Right_Wing type=matrix rownames=FALSE colnames=FALSE nrow=17 ncol=2 as.numeric=TRUE >
			309	166
			313	162
			313	155
			312	153
			315	146
			316	128
			314	119
			313	104
			315	103
			316	102
			320	106
			324	106
			325	108
			328	109
			329	107
			331	105
			334	104
		</Right_Wing>
		<Right_Side type=matrix rownames=FALSE colnames=FALSE nrow=19 ncol=2 as.numeric=TRUE >
			334	104
			339	101
			339	99
			337	97
			339	94
			337	91
			334	87
			332	84
			332	79
			329	79
			331	75
			330	71
			327	71
			325	70
			325	66
			320	58
			310	44
			300	29
			292	27
		</Right_Side>
	</curves.control>
	<curves.pixel type=list>
		<Left_Side type=matrix rownames=FALSE colnames=FALSE nrow=96 ncol=2 as.numeric=TRUE >
			292	27
			291	27
			290	28
			289	29
			288	30
			288	31
			288	32
			287	33
			287	34
			287	35
			287	36
			286	37
			285	37
			284	38
			284	39
			285	40
			285	41
			284	41
			284	42
			283	43
			282	43
			281	44
			281	45
			281	46
			281	47
			280	48
			280	49
			280	50
			280	51
			279	52
			279	53
			278	53
			277	54
			277	55
			277	56
			277	57
			278	58
			278	59
			277	60
			276	60
			275	61
			274	61
			274	62
			274	63
			274	64
			274	65
			273	66
			273	67
			272	68
			272	69
			272	70
			272	71
			272	72
			272	73
			272	74
			271	75
			270	76
			270	77
			270	78
			270	79
			269	80
			269	81
			269	82
			269	83
			268	83
			268	84
			268	85
			268	86
			267	87
			267	88
			267	89
			267	90
			267	91
			266	92
			265	92
			264	93
			264	94
			264	95
			263	96
			263	97
			263	98
			263	99
			264	99
			264	100
			264	101
			263	102
			263	103
			264	104
			264	105
			263	106
			263	107
			263	108
			263	109
			263	110
			263	111
			263	112
		</Left_Side>
		<Left_Wing type=matrix rownames=FALSE colnames=FALSE nrow=96 ncol=2 as.numeric=TRUE >
			263	112
			264	112
			265	113
			266	113
			267	114
			268	114
			269	114
			270	114
			271	114
			272	114
			273	114
			274	114
			275	114
			276	114
			276	113
			277	113
			278	113
			279	113
			280	113
			281	113
			282	113
			283	112
			283	111
			284	111
			284	110
			284	109
			285	109
			285	108
			285	107
			286	107
			286	106
			287	106
			288	106
			289	106
			289	107
			290	108
			290	109
			291	110
			292	111
			292	112
			292	113
			292	114
			293	115
			293	116
			293	117
			293	118
			293	119
			293	120
			293	121
			293	122
			294	123
			294	124
			294	125
			294	126
			294	127
			294	128
			294	129
			295	130
			295	131
			295	132
			295	133
			295	134
			295	135
			295	136
			295	137
			296	138
			296	139
			296	140
			297	141
			297	142
			298	143
			298	144
			298	145
			298	146
			299	147
			299	148
			299	149
			300	150
			300	151
			300	152
			301	152
			301	153
			302	154
			302	155
			302	156
			302	157
			303	158
			303	159
			304	160
			304	161
			304	162
			305	163
			306	164
			307	164
			308	165
			309	166
		</Left_Wing>
		<Right_Wing type=matrix rownames=FALSE colnames=FALSE nrow=86 ncol=2 as.numeric=TRUE >
			309	166
			310	165
			310	164
			311	164
			311	163
			312	162
			312	161
			312	160
			313	159
			313	158
			313	157
			313	156
			313	155
			313	154
			313	153
			313	152
			313	151
			314	150
			314	149
			314	148
			315	147
			315	146
			315	145
			315	144
			315	143
			315	142
			315	141
			315	140
			315	139
			315	138
			315	137
			315	136
			315	135
			315	134
			315	133
			315	132
			315	131
			315	130
			315	129
			315	128
			315	127
			315	126
			315	125
			315	124
			315	123
			315	122
			314	121
			314	120
			314	119
			314	118
			314	117
			314	116
			314	115
			314	114
			314	113
			314	112
			314	111
			314	110
			314	109
			314	108
			314	107
			314	106
			314	105
			314	104
			315	104
			315	103
			316	103
			317	104
			318	104
			319	105
			320	106
			321	106
			322	106
			323	106
			324	107
			325	107
			326	108
			327	108
			328	108
			329	108
			329	107
			330	106
			331	105
			332	105
			333	104
			334	104
		</Right_Wing>
		<Right_Side type=matrix rownames=FALSE colnames=FALSE nrow=91 ncol=2 as.numeric=TRUE >
			334	104
			335	103
			336	103
			336	102
			337	102
			338	101
			339	100
			339	99
			338	98
			338	97
			338	96
			339	95
			339	94
			338	93
			338	92
			337	91
			336	90
			336	89
			335	88
			334	87
			334	86
			333	86
			333	85
			333	84
			332	83
			332	82
			332	81
			332	80
			332	79
			331	79
			330	78
			330	77
			331	76
			331	75
			331	74
			330	73
			330	72
			329	72
			328	71
			327	71
			326	71
			326	70
			325	69
			325	68
			325	67
			325	66
			324	65
			324	64
			323	63
			323	62
			322	61
			321	60
			321	59
			320	58
			319	57
			319	56
			318	55
			317	54
			316	53
			315	52
			315	51
			314	50
			314	49
			313	49
			313	48
			312	47
			312	46
			311	46
			311	45
			310	44
			309	43
			309	42
			308	41
			307	40
			306	39
			306	38
			305	37
			304	36
			303	35
			302	34
			301	33
			301	32
			300	32
			299	31
			298	30
			297	29
			296	28
			295	28
			294	28
			293	27
			292	27
		</Right_Side>
	</curves.pixel>
	<curves.scaled type=list>
		<Left_Side type=matrix rownames=FALSE colnames=FALSE nrow=96 ncol=2 as.numeric=TRUE >
			64.886325404418	-5.99976296547701
			64.6641119612522	-5.99976296547701
			64.4418985180864	-6.22197640864283
			64.2196850749206	-6.44418985180864
			63.9974716317548	-6.66640329497446
			63.9974716317548	-6.88861673814027
			63.9974716317548	-7.11083018130609
			63.775258188589	-7.3330436244719
			63.775258188589	-7.55525706763772
			63.775258188589	-7.77747051080353
			63.775258188589	-7.99968395396935
			63.5530447454232	-8.22189739713516
			63.3308313022573	-8.22189739713516
			63.1086178590915	-8.44411084030098
			63.1086178590915	-8.66632428346679
			63.3308313022573	-8.88853772663261
			63.3308313022573	-9.11075116979842
			63.1086178590915	-9.11075116979842
			63.1086178590915	-9.33296461296424
			62.8864044159257	-9.55517805613005
			62.6641909727599	-9.55517805613005
			62.4419775295941	-9.77739149929587
			62.4419775295941	-9.99960494246168
			62.4419775295941	-10.2218183856275
			62.4419775295941	-10.4440318287933
			62.2197640864283	-10.6662452719591
			62.2197640864283	-10.8884587151249
			62.2197640864283	-11.1106721582908
			62.2197640864283	-11.3328856014566
			61.9975506432624	-11.5550990446224
			61.9975506432624	-11.7773124877882
			61.7753372000966	-11.7773124877882
			61.5531237569308	-11.999525930954
			61.5531237569308	-12.2217393741198
			61.5531237569308	-12.4439528172857
			61.5531237569308	-12.6661662604515
			61.7753372000966	-12.8883797036173
			61.7753372000966	-13.1105931467831
			61.5531237569308	-13.3328065899489
			61.330910313765	-13.3328065899489
			61.1086968705992	-13.5550200331147
			60.8864834274334	-13.5550200331147
			60.8864834274334	-13.7772334762805
			60.8864834274334	-13.9994469194464
			60.8864834274334	-14.2216603626122
			60.8864834274334	-14.443873805778
			60.6642699842675	-14.6660872489438
			60.6642699842675	-14.8883006921096
			60.4420565411017	-15.1105141352754
			60.4420565411017	-15.3327275784412
			60.4420565411017	-15.5549410216071
			60.4420565411017	-15.7771544647729
			60.4420565411017	-15.9993679079387
			60.4420565411017	-16.2215813511045
			60.4420565411017	-16.4437947942703
			60.2198430979359	-16.6660082374361
			59.9976296547701	-16.888221680602
			59.9976296547701	-17.1104351237678
			59.9976296547701	-17.3326485669336
			59.9976296547701	-17.5548620100994
			59.7754162116043	-17.7770754532652
			59.7754162116043	-17.999288896431
			59.7754162116043	-18.2215023395968
			59.7754162116043	-18.4437157827627
			59.5532027684385	-18.4437157827627
			59.5532027684385	-18.6659292259285
			59.5532027684385	-18.8881426690943
			59.5532027684385	-19.1103561122601
			59.3309893252727	-19.3325695554259
			59.3309893252727	-19.5547829985917
			59.3309893252727	-19.7769964417576
			59.3309893252727	-19.9992098849234
			59.3309893252727	-20.2214233280892
			59.1087758821068	-20.443636771255
			58.886562438941	-20.443636771255
			58.6643489957752	-20.6658502144208
			58.6643489957752	-20.8880636575866
			58.6643489957752	-21.1102771007524
			58.4421355526094	-21.3324905439183
			58.4421355526094	-21.5547039870841
			58.4421355526094	-21.7769174302499
			58.4421355526094	-21.9991308734157
			58.6643489957752	-21.9991308734157
			58.6643489957752	-22.2213443165815
			58.6643489957752	-22.4435577597473
			58.4421355526094	-22.6657712029132
			58.4421355526094	-22.887984646079
			58.6643489957752	-23.1101980892448
			58.6643489957752	-23.3324115324106
			58.4421355526094	-23.5546249755764
			58.4421355526094	-23.7768384187422
			58.4421355526094	-23.999051861908
			58.4421355526094	-24.2212653050739
			58.4421355526094	-24.4434787482397
			58.4421355526094	-24.6656921914055
			58.4421355526094	-24.8879056345713
		</Left_Side>
		<Left_Wing type=matrix rownames=FALSE colnames=FALSE nrow=96 ncol=2 as.numeric=TRUE >
			58.4421355526094	-24.8879056345713
			58.6643489957752	-24.8879056345713
			58.886562438941	-25.1101190777371
			59.1087758821068	-25.1101190777371
			59.3309893252727	-25.3323325209029
			59.5532027684385	-25.3323325209029
			59.7754162116043	-25.3323325209029
			59.9976296547701	-25.3323325209029
			60.2198430979359	-25.3323325209029
			60.4420565411017	-25.3323325209029
			60.6642699842675	-25.3323325209029
			60.8864834274334	-25.3323325209029
			61.1086968705992	-25.3323325209029
			61.330910313765	-25.3323325209029
			61.330910313765	-25.1101190777371
			61.5531237569308	-25.1101190777371
			61.7753372000966	-25.1101190777371
			61.9975506432624	-25.1101190777371
			62.2197640864283	-25.1101190777371
			62.4419775295941	-25.1101190777371
			62.6641909727599	-25.1101190777371
			62.8864044159257	-24.8879056345713
			62.8864044159257	-24.6656921914055
			63.1086178590915	-24.6656921914055
			63.1086178590915	-24.4434787482397
			63.1086178590915	-24.2212653050739
			63.3308313022573	-24.2212653050739
			63.3308313022573	-23.999051861908
			63.3308313022573	-23.7768384187422
			63.5530447454232	-23.7768384187422
			63.5530447454232	-23.5546249755764
			63.775258188589	-23.5546249755764
			63.9974716317548	-23.5546249755764
			64.2196850749206	-23.5546249755764
			64.2196850749206	-23.7768384187422
			64.4418985180864	-23.999051861908
			64.4418985180864	-24.2212653050739
			64.6641119612522	-24.4434787482397
			64.886325404418	-24.6656921914055
			64.886325404418	-24.8879056345713
			64.886325404418	-25.1101190777371
			64.886325404418	-25.3323325209029
			65.1085388475839	-25.5545459640687
			65.1085388475839	-25.7767594072346
			65.1085388475839	-25.9989728504004
			65.1085388475839	-26.2211862935662
			65.1085388475839	-26.443399736732
			65.1085388475839	-26.6656131798978
			65.1085388475839	-26.8878266230636
			65.1085388475839	-27.1100400662295
			65.3307522907497	-27.3322535093953
			65.3307522907497	-27.5544669525611
			65.3307522907497	-27.7766803957269
			65.3307522907497	-27.9988938388927
			65.3307522907497	-28.2211072820585
			65.3307522907497	-28.4433207252243
			65.3307522907497	-28.6655341683902
			65.5529657339155	-28.887747611556
			65.5529657339155	-29.1099610547218
			65.5529657339155	-29.3321744978876
			65.5529657339155	-29.5543879410534
			65.5529657339155	-29.7766013842192
			65.5529657339155	-29.9988148273851
			65.5529657339155	-30.2210282705509
			65.5529657339155	-30.4432417137167
			65.7751791770813	-30.6654551568825
			65.7751791770813	-30.8876686000483
			65.7751791770813	-31.1098820432141
			65.9973926202471	-31.3320954863799
			65.9973926202471	-31.5543089295458
			66.2196060634129	-31.7765223727116
			66.2196060634129	-31.9987358158774
			66.2196060634129	-32.2209492590432
			66.2196060634129	-32.443162702209
			66.4418195065788	-32.6653761453748
			66.4418195065788	-32.8875895885406
			66.4418195065788	-33.1098030317065
			66.6640329497446	-33.3320164748723
			66.6640329497446	-33.5542299180381
			66.6640329497446	-33.7764433612039
			66.8862463929104	-33.7764433612039
			66.8862463929104	-33.9986568043697
			67.1084598360762	-34.2208702475355
			67.1084598360762	-34.4430836907014
			67.1084598360762	-34.6652971338672
			67.1084598360762	-34.887510577033
			67.330673279242	-35.1097240201988
			67.330673279242	-35.3319374633646
			67.5528867224078	-35.5541509065304
			67.5528867224078	-35.7763643496963
			67.5528867224078	-35.9985777928621
			67.7751001655736	-36.2207912360279
			67.9973136087394	-36.4430046791937
			68.2195270519053	-36.4430046791937
			68.4417404950711	-36.6652181223595
			68.6639539382369	-36.8874315655253
		</Left_Wing>
		<Right_Wing type=matrix rownames=FALSE colnames=FALSE nrow=86 ncol=2 as.numeric=TRUE >
			68.6639539382369	-36.8874315655253
			68.8861673814027	-36.6652181223595
			68.8861673814027	-36.4430046791937
			69.1083808245685	-36.4430046791937
			69.1083808245685	-36.2207912360279
			69.3305942677343	-35.9985777928621
			69.3305942677343	-35.7763643496963
			69.3305942677343	-35.5541509065304
			69.5528077109002	-35.3319374633646
			69.5528077109002	-35.1097240201988
			69.5528077109002	-34.887510577033
			69.5528077109002	-34.6652971338672
			69.5528077109002	-34.4430836907014
			69.5528077109002	-34.2208702475355
			69.5528077109002	-33.9986568043697
			69.5528077109002	-33.7764433612039
			69.5528077109002	-33.5542299180381
			69.775021154066	-33.3320164748723
			69.775021154066	-33.1098030317065
			69.775021154066	-32.8875895885406
			69.9972345972318	-32.6653761453748
			69.9972345972318	-32.443162702209
			69.9972345972318	-32.2209492590432
			69.9972345972318	-31.9987358158774
			69.9972345972318	-31.7765223727116
			69.9972345972318	-31.5543089295458
			69.9972345972318	-31.3320954863799
			69.9972345972318	-31.1098820432141
			69.9972345972318	-30.8876686000483
			69.9972345972318	-30.6654551568825
			69.9972345972318	-30.4432417137167
			69.9972345972318	-30.2210282705509
			69.9972345972318	-29.9988148273851
			69.9972345972318	-29.7766013842192
			69.9972345972318	-29.5543879410534
			69.9972345972318	-29.3321744978876
			69.9972345972318	-29.1099610547218
			69.9972345972318	-28.887747611556
			69.9972345972318	-28.6655341683902
			69.9972345972318	-28.4433207252243
			69.9972345972318	-28.2211072820585
			69.9972345972318	-27.9988938388927
			69.9972345972318	-27.7766803957269
			69.9972345972318	-27.5544669525611
			69.9972345972318	-27.3322535093953
			69.9972345972318	-27.1100400662295
			69.775021154066	-26.8878266230636
			69.775021154066	-26.6656131798978
			69.775021154066	-26.443399736732
			69.775021154066	-26.2211862935662
			69.775021154066	-25.9989728504004
			69.775021154066	-25.7767594072346
			69.775021154066	-25.5545459640687
			69.775021154066	-25.3323325209029
			69.775021154066	-25.1101190777371
			69.775021154066	-24.8879056345713
			69.775021154066	-24.6656921914055
			69.775021154066	-24.4434787482397
			69.775021154066	-24.2212653050739
			69.775021154066	-23.999051861908
			69.775021154066	-23.7768384187422
			69.775021154066	-23.5546249755764
			69.775021154066	-23.3324115324106
			69.775021154066	-23.1101980892448
			69.9972345972318	-23.1101980892448
			69.9972345972318	-22.887984646079
			70.2194480403976	-22.887984646079
			70.4416614835634	-23.1101980892448
			70.6638749267292	-23.1101980892448
			70.886088369895	-23.3324115324106
			71.1083018130609	-23.5546249755764
			71.3305152562267	-23.5546249755764
			71.5527286993925	-23.5546249755764
			71.7749421425583	-23.5546249755764
			71.9971555857241	-23.7768384187422
			72.2193690288899	-23.7768384187422
			72.4415824720558	-23.999051861908
			72.6637959152216	-23.999051861908
			72.8860093583874	-23.999051861908
			73.1082228015532	-23.999051861908
			73.1082228015532	-23.7768384187422
			73.330436244719	-23.5546249755764
			73.5526496878848	-23.3324115324106
			73.7748631310507	-23.3324115324106
			73.9970765742165	-23.1101980892448
			74.2192900173823	-23.1101980892448
		</Right_Wing>
		<Right_Side type=matrix rownames=FALSE colnames=FALSE nrow=91 ncol=2 as.numeric=TRUE >
			74.2192900173823	-23.1101980892448
			74.4415034605481	-22.887984646079
			74.6637169037139	-22.887984646079
			74.6637169037139	-22.6657712029132
			74.8859303468797	-22.6657712029132
			75.1081437900455	-22.4435577597473
			75.3303572332114	-22.2213443165815
			75.3303572332114	-21.9991308734157
			75.1081437900455	-21.7769174302499
			75.1081437900455	-21.5547039870841
			75.1081437900455	-21.3324905439183
			75.3303572332114	-21.1102771007524
			75.3303572332114	-20.8880636575866
			75.1081437900455	-20.6658502144208
			75.1081437900455	-20.443636771255
			74.8859303468797	-20.2214233280892
			74.6637169037139	-19.9992098849234
			74.6637169037139	-19.7769964417576
			74.4415034605481	-19.5547829985917
			74.2192900173823	-19.3325695554259
			74.2192900173823	-19.1103561122601
			73.9970765742165	-19.1103561122601
			73.9970765742165	-18.8881426690943
			73.9970765742165	-18.6659292259285
			73.7748631310507	-18.4437157827627
			73.7748631310507	-18.2215023395968
			73.7748631310507	-17.999288896431
			73.7748631310507	-17.7770754532652
			73.7748631310507	-17.5548620100994
			73.5526496878848	-17.5548620100994
			73.330436244719	-17.3326485669336
			73.330436244719	-17.1104351237678
			73.5526496878848	-16.888221680602
			73.5526496878848	-16.6660082374361
			73.5526496878848	-16.4437947942703
			73.330436244719	-16.2215813511045
			73.330436244719	-15.9993679079387
			73.1082228015532	-15.9993679079387
			72.8860093583874	-15.7771544647729
			72.6637959152216	-15.7771544647729
			72.4415824720558	-15.7771544647729
			72.4415824720558	-15.5549410216071
			72.2193690288899	-15.3327275784412
			72.2193690288899	-15.1105141352754
			72.2193690288899	-14.8883006921096
			72.2193690288899	-14.6660872489438
			71.9971555857241	-14.443873805778
			71.9971555857241	-14.2216603626122
			71.7749421425583	-13.9994469194464
			71.7749421425583	-13.7772334762805
			71.5527286993925	-13.5550200331147
			71.3305152562267	-13.3328065899489
			71.3305152562267	-13.1105931467831
			71.1083018130609	-12.8883797036173
			70.886088369895	-12.6661662604515
			70.886088369895	-12.4439528172857
			70.6638749267292	-12.2217393741198
			70.4416614835634	-11.999525930954
			70.2194480403976	-11.7773124877882
			69.9972345972318	-11.5550990446224
			69.9972345972318	-11.3328856014566
			69.775021154066	-11.1106721582908
			69.775021154066	-10.8884587151249
			69.5528077109002	-10.8884587151249
			69.5528077109002	-10.6662452719591
			69.3305942677343	-10.4440318287933
			69.3305942677343	-10.2218183856275
			69.1083808245685	-10.2218183856275
			69.1083808245685	-9.99960494246168
			68.8861673814027	-9.77739149929587
			68.6639539382369	-9.55517805613005
			68.6639539382369	-9.33296461296424
			68.4417404950711	-9.11075116979842
			68.2195270519053	-8.88853772663261
			67.9973136087394	-8.66632428346679
			67.9973136087394	-8.44411084030098
			67.7751001655736	-8.22189739713516
			67.5528867224078	-7.99968395396935
			67.330673279242	-7.77747051080353
			67.1084598360762	-7.55525706763772
			66.8862463929104	-7.3330436244719
			66.8862463929104	-7.11083018130609
			66.6640329497446	-7.11083018130609
			66.4418195065788	-6.88861673814027
			66.2196060634129	-6.66640329497446
			65.9973926202471	-6.44418985180864
			65.7751791770813	-6.22197640864283
			65.5529657339155	-6.22197640864283
			65.3307522907497	-6.22197640864283
			65.1085388475839	-5.99976296547701
			64.886325404418	-5.99976296547701
		</Right_Side>
	</curves.scaled>
	<ruler.points type=matrix rownames=TRUE colnames=FALSE nrow=6 ncol=2 as.numeric=TRUE >
		Ruler point 1	172	242
		Ruler point 2	218	242
		Ruler point 3	263	243
		Ruler point 4	309	243
		Ruler point 5	353	244
		Ruler point 6	398	244
	</ruler.points>
</shapes>

