<shapes type=list>
	<ruler.pixel type=vector names=FALSE length=1 as.numeric=TRUE >30.4999999963233</ruler.pixel>
	<ruler.interval type=vector names=FALSE length=1 as.numeric=TRUE >10</ruler.interval>
	<scaling.units type=vector names=FALSE length=1 as.numeric=FALSE >mm</scaling.units>
	<scaling type=vector names=FALSE length=1 as.numeric=TRUE >0.32786885249854</scaling>
	<landmarks.pixel type=matrix rownames=TRUE colnames=FALSE nrow=4 ncol=2 as.numeric=TRUE >
		Point_Tip	110	200
		Left_Tang_Center	83	248
		Base_Center	112	270
		Right_Tang_Center	136	248
	</landmarks.pixel>
	<landmarks.scaled type=matrix rownames=TRUE colnames=FALSE nrow=4 ncol=2 as.numeric=TRUE >
		Point_Tip	36.0655737748394	-65.5737704997081
		Left_Tang_Center	27.2131147573789	-81.311475419638
		Base_Center	36.7213114798365	-88.5245901746059
		Right_Tang_Center	44.5901639398015	-81.311475419638
	</landmarks.scaled>
	<curves.control type=list>
		<Left_Side type=matrix rownames=FALSE colnames=FALSE nrow=11 ncol=2 as.numeric=TRUE >
			110	200
			109	204
			106	208
			106	222
			94	233
			91	239
			85	240
			85	242
			83	243
			82	246
			83	248
		</Left_Side>
		<Left_Wing type=matrix rownames=FALSE colnames=FALSE nrow=9 ncol=2 as.numeric=TRUE >
			83	248
			88	250
			92	247
			98	244
			101	246
			104	256
			104	264
			108	270
			112	270
		</Left_Wing>
		<Right_Wing type=matrix rownames=FALSE colnames=FALSE nrow=13 ncol=2 as.numeric=TRUE >
			112	270
			115	269
			117	267
			118	264
			118	262
			119	259
			118	256
			118	252
			121	249
			129	249
			131	249
			134	249
			136	248
		</Right_Wing>
		<Right_Side type=matrix rownames=FALSE colnames=FALSE nrow=11 ncol=2 as.numeric=TRUE >
			136	248
			136	246
			136	244
			131	239
			129	235
			126	232
			125	227
			122	217
			119	217
			116	208
			110	200
		</Right_Side>
	</curves.control>
	<curves.pixel type=list>
		<Left_Side type=matrix rownames=FALSE colnames=FALSE nrow=53 ncol=2 as.numeric=TRUE >
			110	200
			110	201
			109	202
			109	203
			108	204
			108	205
			107	206
			107	207
			106	208
			106	209
			106	210
			106	211
			106	212
			106	213
			105	214
			105	215
			105	216
			105	217
			104	218
			104	219
			104	220
			103	221
			103	222
			102	223
			102	224
			101	225
			100	226
			99	227
			98	228
			97	229
			97	230
			96	231
			95	232
			94	233
			94	234
			93	234
			93	235
			92	236
			91	237
			90	238
			89	239
			88	239
			87	240
			86	240
			85	240
			85	241
			84	242
			83	243
			83	244
			83	245
			83	246
			83	247
			83	248
		</Left_Side>
		<Left_Wing type=matrix rownames=FALSE colnames=FALSE nrow=48 ncol=2 as.numeric=TRUE >
			83	248
			84	248
			85	249
			86	249
			87	249
			88	249
			89	249
			90	248
			91	248
			92	247
			93	247
			94	246
			95	246
			96	245
			97	245
			98	245
			99	245
			100	246
			101	247
			102	248
			102	249
			102	250
			102	251
			103	252
			103	253
			103	254
			103	255
			103	256
			103	257
			104	258
			104	259
			104	260
			104	261
			104	262
			104	263
			104	264
			105	265
			105	266
			106	266
			106	267
			107	267
			107	268
			108	268
			108	269
			109	269
			110	269
			111	270
			112	270
		</Left_Wing>
		<Right_Wing type=matrix rownames=FALSE colnames=FALSE nrow=40 ncol=2 as.numeric=TRUE >
			112	270
			113	270
			114	269
			115	268
			116	268
			117	267
			117	266
			118	265
			118	264
			118	263
			118	262
			118	261
			118	260
			118	259
			118	258
			118	257
			118	256
			118	255
			118	254
			119	253
			119	252
			119	251
			120	251
			120	250
			121	249
			122	249
			123	249
			124	249
			125	249
			126	249
			127	249
			128	249
			129	249
			130	249
			131	249
			132	249
			133	249
			134	249
			135	248
			136	248
		</Right_Wing>
		<Right_Side type=matrix rownames=FALSE colnames=FALSE nrow=53 ncol=2 as.numeric=TRUE >
			136	248
			136	247
			136	246
			136	245
			136	244
			135	243
			134	242
			133	241
			132	240
			132	239
			131	239
			131	238
			130	237
			129	236
			129	235
			128	234
			127	233
			127	232
			126	231
			126	230
			125	229
			125	228
			125	227
			125	226
			124	225
			124	224
			124	223
			123	222
			123	221
			122	220
			122	219
			121	219
			121	218
			120	218
			120	217
			119	217
			119	216
			118	215
			118	214
			118	213
			117	212
			117	211
			116	210
			116	209
			115	208
			115	207
			114	206
			113	205
			113	204
			112	203
			112	202
			111	201
			110	200
		</Right_Side>
	</curves.pixel>
	<curves.scaled type=list>
		<Left_Side type=matrix rownames=FALSE colnames=FALSE nrow=53 ncol=2 as.numeric=TRUE >
			36.0655737748394	-65.5737704997081
			36.0655737748394	-65.9016393522066
			35.7377049223409	-66.2295082047052
			35.7377049223409	-66.5573770572037
			35.4098360698424	-66.8852459097022
			35.4098360698424	-67.2131147622008
			35.0819672173438	-67.5409836146993
			35.0819672173438	-67.8688524671979
			34.7540983648453	-68.1967213196964
			34.7540983648453	-68.5245901721949
			34.7540983648453	-68.8524590246935
			34.7540983648453	-69.180327877192
			34.7540983648453	-69.5081967296906
			34.7540983648453	-69.8360655821891
			34.4262295123467	-70.1639344346876
			34.4262295123467	-70.4918032871862
			34.4262295123467	-70.8196721396847
			34.4262295123467	-71.1475409921833
			34.0983606598482	-71.4754098446818
			34.0983606598482	-71.8032786971803
			34.0983606598482	-72.1311475496789
			33.7704918073497	-72.4590164021774
			33.7704918073497	-72.786885254676
			33.4426229548511	-73.1147541071745
			33.4426229548511	-73.442622959673
			33.1147541023526	-73.7704918121716
			32.786885249854	-74.0983606646701
			32.4590163973555	-74.4262295171687
			32.131147544857	-74.7540983696672
			31.8032786923584	-75.0819672221657
			31.8032786923584	-75.4098360746643
			31.4754098398599	-75.7377049271628
			31.1475409873613	-76.0655737796614
			30.8196721348628	-76.3934426321599
			30.8196721348628	-76.7213114846584
			30.4918032823643	-76.7213114846584
			30.4918032823643	-77.049180337157
			30.1639344298657	-77.3770491896555
			29.8360655773672	-77.7049180421541
			29.5081967248686	-78.0327868946526
			29.1803278723701	-78.3606557471511
			28.8524590198716	-78.3606557471511
			28.524590167373	-78.6885245996497
			28.1967213148745	-78.6885245996497
			27.8688524623759	-78.6885245996497
			27.8688524623759	-79.0163934521482
			27.5409836098774	-79.3442623046468
			27.2131147573789	-79.6721311571453
			27.2131147573789	-80.0000000096439
			27.2131147573789	-80.3278688621424
			27.2131147573789	-80.6557377146409
			27.2131147573789	-80.9836065671395
			27.2131147573789	-81.311475419638
		</Left_Side>
		<Left_Wing type=matrix rownames=FALSE colnames=FALSE nrow=48 ncol=2 as.numeric=TRUE >
			27.2131147573789	-81.311475419638
			27.5409836098774	-81.311475419638
			27.8688524623759	-81.6393442721366
			28.1967213148745	-81.6393442721366
			28.524590167373	-81.6393442721366
			28.8524590198716	-81.6393442721366
			29.1803278723701	-81.6393442721366
			29.5081967248686	-81.311475419638
			29.8360655773672	-81.311475419638
			30.1639344298657	-80.9836065671395
			30.4918032823643	-80.9836065671395
			30.8196721348628	-80.6557377146409
			31.1475409873613	-80.6557377146409
			31.4754098398599	-80.3278688621424
			31.8032786923584	-80.3278688621424
			32.131147544857	-80.3278688621424
			32.4590163973555	-80.3278688621424
			32.786885249854	-80.6557377146409
			33.1147541023526	-80.9836065671395
			33.4426229548511	-81.311475419638
			33.4426229548511	-81.6393442721366
			33.4426229548511	-81.9672131246351
			33.4426229548511	-82.2950819771336
			33.7704918073497	-82.6229508296322
			33.7704918073497	-82.9508196821307
			33.7704918073497	-83.2786885346293
			33.7704918073497	-83.6065573871278
			33.7704918073497	-83.9344262396263
			33.7704918073497	-84.2622950921249
			34.0983606598482	-84.5901639446234
			34.0983606598482	-84.918032797122
			34.0983606598482	-85.2459016496205
			34.0983606598482	-85.573770502119
			34.0983606598482	-85.9016393546176
			34.0983606598482	-86.2295082071161
			34.0983606598482	-86.5573770596147
			34.4262295123467	-86.8852459121132
			34.4262295123467	-87.2131147646117
			34.7540983648453	-87.2131147646117
			34.7540983648453	-87.5409836171103
			35.0819672173438	-87.5409836171103
			35.0819672173438	-87.8688524696088
			35.4098360698424	-87.8688524696088
			35.4098360698424	-88.1967213221074
			35.7377049223409	-88.1967213221074
			36.0655737748394	-88.1967213221074
			36.393442627338	-88.5245901746059
			36.7213114798365	-88.5245901746059
		</Left_Wing>
		<Right_Wing type=matrix rownames=FALSE colnames=FALSE nrow=40 ncol=2 as.numeric=TRUE >
			36.7213114798365	-88.5245901746059
			37.0491803323351	-88.5245901746059
			37.3770491848336	-88.1967213221074
			37.7049180373321	-87.8688524696088
			38.0327868898307	-87.8688524696088
			38.3606557423292	-87.5409836171103
			38.3606557423292	-87.2131147646117
			38.6885245948278	-86.8852459121132
			38.6885245948278	-86.5573770596147
			38.6885245948278	-86.2295082071161
			38.6885245948278	-85.9016393546176
			38.6885245948278	-85.573770502119
			38.6885245948278	-85.2459016496205
			38.6885245948278	-84.918032797122
			38.6885245948278	-84.5901639446234
			38.6885245948278	-84.2622950921249
			38.6885245948278	-83.9344262396263
			38.6885245948278	-83.6065573871278
			38.6885245948278	-83.2786885346293
			39.0163934473263	-82.9508196821307
			39.0163934473263	-82.6229508296322
			39.0163934473263	-82.2950819771336
			39.3442622998248	-82.2950819771336
			39.3442622998248	-81.9672131246351
			39.6721311523234	-81.6393442721366
			40.0000000048219	-81.6393442721366
			40.3278688573205	-81.6393442721366
			40.655737709819	-81.6393442721366
			40.9836065623175	-81.6393442721366
			41.3114754148161	-81.6393442721366
			41.6393442673146	-81.6393442721366
			41.9672131198132	-81.6393442721366
			42.2950819723117	-81.6393442721366
			42.6229508248102	-81.6393442721366
			42.9508196773088	-81.6393442721366
			43.2786885298073	-81.6393442721366
			43.6065573823059	-81.6393442721366
			43.9344262348044	-81.6393442721366
			44.262295087303	-81.311475419638
			44.5901639398015	-81.311475419638
		</Right_Wing>
		<Right_Side type=matrix rownames=FALSE colnames=FALSE nrow=53 ncol=2 as.numeric=TRUE >
			44.5901639398015	-81.311475419638
			44.5901639398015	-80.9836065671395
			44.5901639398015	-80.6557377146409
			44.5901639398015	-80.3278688621424
			44.5901639398015	-80.0000000096439
			44.262295087303	-79.6721311571453
			43.9344262348044	-79.3442623046468
			43.6065573823059	-79.0163934521482
			43.2786885298073	-78.6885245996497
			43.2786885298073	-78.3606557471511
			42.9508196773088	-78.3606557471511
			42.9508196773088	-78.0327868946526
			42.6229508248102	-77.7049180421541
			42.2950819723117	-77.3770491896555
			42.2950819723117	-77.049180337157
			41.9672131198132	-76.7213114846584
			41.6393442673146	-76.3934426321599
			41.6393442673146	-76.0655737796614
			41.3114754148161	-75.7377049271628
			41.3114754148161	-75.4098360746643
			40.9836065623175	-75.0819672221657
			40.9836065623175	-74.7540983696672
			40.9836065623175	-74.4262295171687
			40.9836065623175	-74.0983606646701
			40.655737709819	-73.7704918121716
			40.655737709819	-73.442622959673
			40.655737709819	-73.1147541071745
			40.3278688573205	-72.786885254676
			40.3278688573205	-72.4590164021774
			40.0000000048219	-72.1311475496789
			40.0000000048219	-71.8032786971803
			39.6721311523234	-71.8032786971803
			39.6721311523234	-71.4754098446818
			39.3442622998248	-71.4754098446818
			39.3442622998248	-71.1475409921833
			39.0163934473263	-71.1475409921833
			39.0163934473263	-70.8196721396847
			38.6885245948278	-70.4918032871862
			38.6885245948278	-70.1639344346876
			38.6885245948278	-69.8360655821891
			38.3606557423292	-69.5081967296906
			38.3606557423292	-69.180327877192
			38.0327868898307	-68.8524590246935
			38.0327868898307	-68.5245901721949
			37.7049180373321	-68.1967213196964
			37.7049180373321	-67.8688524671979
			37.3770491848336	-67.5409836146993
			37.0491803323351	-67.2131147622008
			37.0491803323351	-66.8852459097022
			36.7213114798365	-66.5573770572037
			36.7213114798365	-66.2295082047052
			36.393442627338	-65.9016393522066
			36.0655737748394	-65.5737704997081
		</Right_Side>
	</curves.scaled>
	<ruler.points type=matrix rownames=TRUE colnames=FALSE nrow=3 ncol=2 as.numeric=TRUE >
		Ruler point 1	296	502
		Ruler point 2	328	502
		Ruler point 3	357	502
	</ruler.points>
</shapes>

