<shapes type=list>
	<ruler.pixel type=vector names=FALSE length=1 as.numeric=TRUE >25.8806940291745</ruler.pixel>
	<ruler.interval type=vector names=FALSE length=1 as.numeric=TRUE >10</ruler.interval>
	<scaling.units type=vector names=FALSE length=1 as.numeric=FALSE >mm</scaling.units>
	<scaling type=vector names=FALSE length=1 as.numeric=TRUE >0.386388401668337</scaling>
	<landmarks.pixel type=matrix rownames=TRUE colnames=FALSE nrow=4 ncol=2 as.numeric=TRUE >
		Point_Tip	464	317
		Left_Tang_Center	439	375
		Base_Center	462	394
		Right_Tang_Center	487	378
	</landmarks.pixel>
	<landmarks.scaled type=matrix rownames=TRUE colnames=FALSE nrow=4 ncol=2 as.numeric=TRUE >
		Point_Tip	179.284218374108	-122.485123328863
		Left_Tang_Center	169.6245083324	-144.895650625626
		Base_Center	178.511441570772	-152.237030257325
		Right_Tang_Center	188.17115161248	-146.054815830631
	</landmarks.scaled>
	<curves.control type=list>
		<Left_Side type=matrix rownames=FALSE colnames=FALSE nrow=17 ncol=2 as.numeric=TRUE >
			464	317
			462	317
			460	321
			456	324
			456	326
			456	332
			450	333
			447	339
			442	348
			444	354
			441	357
			440	359
			440	362
			440	364
			438	366
			438	372
			439	375
		</Left_Side>
		<Left_Wing type=matrix rownames=FALSE colnames=FALSE nrow=9 ncol=2 as.numeric=TRUE >
			439	375
			441	376
			443	374
			445	372
			449	374
			454	376
			455	383
			457	391
			462	394
		</Left_Wing>
		<Right_Wing type=matrix rownames=FALSE colnames=FALSE nrow=9 ncol=2 as.numeric=TRUE >
			462	394
			468	391
			471	387
			472	383
			474	376
			477	372
			481	375
			485	379
			487	378
		</Right_Wing>
		<Right_Side type=matrix rownames=FALSE colnames=FALSE nrow=13 ncol=2 as.numeric=TRUE >
			487	378
			489	369
			484	358
			484	352
			480	348
			480	343
			479	341
			474	336
			470	329
			469	326
			468	322
			466	318
			464	317
		</Right_Side>
	</curves.control>
	<curves.pixel type=list>
		<Left_Side type=matrix rownames=FALSE colnames=FALSE nrow=65 ncol=2 as.numeric=TRUE >
			464	317
			463	317
			462	318
			461	319
			461	320
			460	321
			459	322
			458	323
			457	323
			457	324
			456	325
			456	326
			456	327
			456	328
			456	329
			455	330
			455	331
			454	331
			453	332
			452	332
			451	333
			450	333
			449	334
			449	335
			448	336
			448	337
			447	338
			447	339
			447	340
			446	341
			446	342
			445	343
			444	344
			444	345
			443	346
			443	347
			442	348
			442	349
			443	350
			443	351
			443	352
			443	353
			443	354
			442	355
			442	356
			441	357
			441	358
			440	359
			440	360
			440	361
			440	362
			440	363
			440	364
			439	364
			439	365
			438	366
			438	367
			438	368
			438	369
			438	370
			438	371
			438	372
			439	373
			439	374
			439	375
		</Left_Side>
		<Left_Wing type=matrix rownames=FALSE colnames=FALSE nrow=34 ncol=2 as.numeric=TRUE >
			439	375
			440	375
			441	375
			442	375
			443	374
			444	374
			445	373
			446	373
			447	373
			448	374
			449	374
			450	374
			451	375
			452	376
			453	377
			454	378
			454	379
			454	380
			455	381
			455	382
			455	383
			455	384
			456	385
			456	386
			456	387
			457	388
			457	389
			458	390
			458	391
			459	391
			459	392
			460	392
			461	393
			462	394
		</Left_Wing>
		<Right_Wing type=matrix rownames=FALSE colnames=FALSE nrow=34 ncol=2 as.numeric=TRUE >
			462	394
			463	393
			464	393
			465	392
			466	392
			467	391
			468	390
			469	389
			470	388
			471	387
			471	386
			471	385
			472	384
			472	383
			472	382
			473	381
			473	380
			473	379
			473	378
			474	377
			474	376
			475	375
			476	374
			477	374
			478	374
			479	374
			480	374
			481	375
			482	376
			483	377
			484	378
			485	378
			486	378
			487	378
		</Right_Wing>
		<Right_Side type=matrix rownames=FALSE colnames=FALSE nrow=66 ncol=2 as.numeric=TRUE >
			487	378
			487	377
			487	376
			487	375
			488	374
			488	373
			488	372
			488	371
			487	370
			487	369
			487	368
			487	367
			487	366
			486	365
			486	364
			486	363
			486	362
			485	361
			485	360
			484	359
			484	358
			484	357
			484	356
			484	355
			483	354
			483	353
			483	352
			482	351
			482	350
			481	349
			480	348
			480	347
			480	346
			480	345
			480	344
			480	343
			479	342
			479	341
			478	340
			477	339
			476	338
			476	337
			475	336
			474	336
			474	335
			473	334
			472	333
			472	332
			471	331
			471	330
			470	330
			470	329
			470	328
			469	327
			469	326
			469	325
			469	324
			468	323
			468	322
			467	321
			467	320
			466	319
			466	318
			465	318
			465	317
			464	317
		</Right_Side>
	</curves.pixel>
	<curves.scaled type=list>
		<Left_Side type=matrix rownames=FALSE colnames=FALSE nrow=65 ncol=2 as.numeric=TRUE >
			179.284218374108	-122.485123328863
			178.89782997244	-122.485123328863
			178.511441570772	-122.871511730531
			178.125053169103	-123.257900132199
			178.125053169103	-123.644288533868
			177.738664767435	-124.030676935536
			177.352276365767	-124.417065337204
			176.965887964098	-124.803453738873
			176.57949956243	-124.803453738873
			176.57949956243	-125.189842140541
			176.193111160762	-125.576230542209
			176.193111160762	-125.962618943878
			176.193111160762	-126.349007345546
			176.193111160762	-126.735395747214
			176.193111160762	-127.121784148883
			175.806722759093	-127.508172550551
			175.806722759093	-127.894560952219
			175.420334357425	-127.894560952219
			175.033945955757	-128.280949353888
			174.647557554088	-128.280949353888
			174.26116915242	-128.667337755556
			173.874780750752	-128.667337755556
			173.488392349083	-129.053726157225
			173.488392349083	-129.440114558893
			173.102003947415	-129.826502960561
			173.102003947415	-130.212891362229
			172.715615545747	-130.599279763898
			172.715615545747	-130.985668165566
			172.715615545747	-131.372056567235
			172.329227144078	-131.758444968903
			172.329227144078	-132.144833370571
			171.94283874241	-132.53122177224
			171.556450340742	-132.917610173908
			171.556450340742	-133.303998575576
			171.170061939073	-133.690386977245
			171.170061939073	-134.076775378913
			170.783673537405	-134.463163780581
			170.783673537405	-134.84955218225
			171.170061939073	-135.235940583918
			171.170061939073	-135.622328985586
			171.170061939073	-136.008717387255
			171.170061939073	-136.395105788923
			171.170061939073	-136.781494190591
			170.783673537405	-137.16788259226
			170.783673537405	-137.554270993928
			170.397285135737	-137.940659395596
			170.397285135737	-138.327047797265
			170.010896734068	-138.713436198933
			170.010896734068	-139.099824600601
			170.010896734068	-139.48621300227
			170.010896734068	-139.872601403938
			170.010896734068	-140.258989805606
			170.010896734068	-140.645378207275
			169.6245083324	-140.645378207275
			169.6245083324	-141.031766608943
			169.238119930732	-141.418155010611
			169.238119930732	-141.80454341228
			169.238119930732	-142.190931813948
			169.238119930732	-142.577320215616
			169.238119930732	-142.963708617285
			169.238119930732	-143.350097018953
			169.238119930732	-143.736485420621
			169.6245083324	-144.12287382229
			169.6245083324	-144.509262223958
			169.6245083324	-144.895650625626
		</Left_Side>
		<Left_Wing type=matrix rownames=FALSE colnames=FALSE nrow=34 ncol=2 as.numeric=TRUE >
			169.6245083324	-144.895650625626
			170.010896734068	-144.895650625626
			170.397285135737	-144.895650625626
			170.783673537405	-144.895650625626
			171.170061939073	-144.509262223958
			171.556450340742	-144.509262223958
			171.94283874241	-144.12287382229
			172.329227144078	-144.12287382229
			172.715615545747	-144.12287382229
			173.102003947415	-144.509262223958
			173.488392349083	-144.509262223958
			173.874780750752	-144.509262223958
			174.26116915242	-144.895650625626
			174.647557554088	-145.282039027295
			175.033945955757	-145.668427428963
			175.420334357425	-146.054815830631
			175.420334357425	-146.4412042323
			175.420334357425	-146.827592633968
			175.806722759093	-147.213981035636
			175.806722759093	-147.600369437305
			175.806722759093	-147.986757838973
			175.806722759093	-148.373146240641
			176.193111160762	-148.75953464231
			176.193111160762	-149.145923043978
			176.193111160762	-149.532311445646
			176.57949956243	-149.918699847315
			176.57949956243	-150.305088248983
			176.965887964098	-150.691476650651
			176.965887964098	-151.07786505232
			177.352276365767	-151.07786505232
			177.352276365767	-151.464253453988
			177.738664767435	-151.464253453988
			178.125053169103	-151.850641855656
			178.511441570772	-152.237030257325
		</Left_Wing>
		<Right_Wing type=matrix rownames=FALSE colnames=FALSE nrow=34 ncol=2 as.numeric=TRUE >
			178.511441570772	-152.237030257325
			178.89782997244	-151.850641855656
			179.284218374108	-151.850641855656
			179.670606775777	-151.464253453988
			180.056995177445	-151.464253453988
			180.443383579113	-151.07786505232
			180.829771980782	-150.691476650651
			181.21616038245	-150.305088248983
			181.602548784118	-149.918699847315
			181.988937185787	-149.532311445646
			181.988937185787	-149.145923043978
			181.988937185787	-148.75953464231
			182.375325587455	-148.373146240641
			182.375325587455	-147.986757838973
			182.375325587455	-147.600369437305
			182.761713989123	-147.213981035636
			182.761713989123	-146.827592633968
			182.761713989123	-146.4412042323
			182.761713989123	-146.054815830631
			183.148102390792	-145.668427428963
			183.148102390792	-145.282039027295
			183.53449079246	-144.895650625626
			183.920879194128	-144.509262223958
			184.307267595797	-144.509262223958
			184.693655997465	-144.509262223958
			185.080044399133	-144.509262223958
			185.466432800802	-144.509262223958
			185.85282120247	-144.895650625626
			186.239209604138	-145.282039027295
			186.625598005807	-145.668427428963
			187.011986407475	-146.054815830631
			187.398374809143	-146.054815830631
			187.784763210812	-146.054815830631
			188.17115161248	-146.054815830631
		</Right_Wing>
		<Right_Side type=matrix rownames=FALSE colnames=FALSE nrow=66 ncol=2 as.numeric=TRUE >
			188.17115161248	-146.054815830631
			188.17115161248	-145.668427428963
			188.17115161248	-145.282039027295
			188.17115161248	-144.895650625626
			188.557540014148	-144.509262223958
			188.557540014148	-144.12287382229
			188.557540014148	-143.736485420621
			188.557540014148	-143.350097018953
			188.17115161248	-142.963708617285
			188.17115161248	-142.577320215616
			188.17115161248	-142.190931813948
			188.17115161248	-141.80454341228
			188.17115161248	-141.418155010611
			187.784763210812	-141.031766608943
			187.784763210812	-140.645378207275
			187.784763210812	-140.258989805606
			187.784763210812	-139.872601403938
			187.398374809143	-139.48621300227
			187.398374809143	-139.099824600601
			187.011986407475	-138.713436198933
			187.011986407475	-138.327047797265
			187.011986407475	-137.940659395596
			187.011986407475	-137.554270993928
			187.011986407475	-137.16788259226
			186.625598005807	-136.781494190591
			186.625598005807	-136.395105788923
			186.625598005807	-136.008717387255
			186.239209604138	-135.622328985586
			186.239209604138	-135.235940583918
			185.85282120247	-134.84955218225
			185.466432800802	-134.463163780581
			185.466432800802	-134.076775378913
			185.466432800802	-133.690386977245
			185.466432800802	-133.303998575576
			185.466432800802	-132.917610173908
			185.466432800802	-132.53122177224
			185.080044399133	-132.144833370571
			185.080044399133	-131.758444968903
			184.693655997465	-131.372056567235
			184.307267595797	-130.985668165566
			183.920879194128	-130.599279763898
			183.920879194128	-130.212891362229
			183.53449079246	-129.826502960561
			183.148102390792	-129.826502960561
			183.148102390792	-129.440114558893
			182.761713989123	-129.053726157225
			182.375325587455	-128.667337755556
			182.375325587455	-128.280949353888
			181.988937185787	-127.894560952219
			181.988937185787	-127.508172550551
			181.602548784118	-127.508172550551
			181.602548784118	-127.121784148883
			181.602548784118	-126.735395747214
			181.21616038245	-126.349007345546
			181.21616038245	-125.962618943878
			181.21616038245	-125.576230542209
			181.21616038245	-125.189842140541
			180.829771980782	-124.803453738873
			180.829771980782	-124.417065337204
			180.443383579113	-124.030676935536
			180.443383579113	-123.644288533868
			180.056995177445	-123.257900132199
			180.056995177445	-122.871511730531
			179.670606775777	-122.871511730531
			179.670606775777	-122.485123328863
			179.284218374108	-122.485123328863
		</Right_Side>
	</curves.scaled>
	<ruler.points type=matrix rownames=TRUE colnames=FALSE nrow=6 ncol=2 as.numeric=TRUE >
		Ruler point 1	304	437
		Ruler point 2	329	437
		Ruler point 3	355	437
		Ruler point 4	381	438
		Ruler point 5	408	438
		Ruler point 6	433	437
	</ruler.points>
</shapes>

