<shapes type=list>
	<ruler.pixel type=vector names=FALSE length=1 as.numeric=TRUE >30.51197180988</ruler.pixel>
	<ruler.interval type=vector names=FALSE length=1 as.numeric=TRUE >10</ruler.interval>
	<scaling.units type=vector names=FALSE length=1 as.numeric=FALSE >mm</scaling.units>
	<scaling type=vector names=FALSE length=1 as.numeric=TRUE >0.32774020841098</scaling>
	<landmarks.pixel type=matrix rownames=TRUE colnames=FALSE nrow=4 ncol=2 as.numeric=TRUE >
		Point_Tip	300	277
		Left_Tang_Center	285	322
		Base_Center	301	341
		Right_Tang_Center	320	326
	</landmarks.pixel>
	<landmarks.scaled type=matrix rownames=TRUE colnames=FALSE nrow=4 ncol=2 as.numeric=TRUE >
		Point_Tip	98.322062523294	-90.7840377298414
		Left_Tang_Center	93.4059593971293	-105.532347108336
		Base_Center	98.6498027317049	-111.759411068144
		Right_Tang_Center	104.876866691514	-106.843307941979
	</landmarks.scaled>
	<curves.control type=list>
		<Left_Side type=matrix rownames=FALSE colnames=FALSE nrow=15 ncol=2 as.numeric=TRUE >
			300	277
			298	278
			299	280
			297	281
			295	283
			294	288
			294	293
			292	295
			292	301
			288	309
			287	311
			286	316
			285	317
			284	320
			285	322
		</Left_Side>
		<Left_Wing type=matrix rownames=FALSE colnames=FALSE nrow=9 ncol=2 as.numeric=TRUE >
			285	322
			286	324
			288	324
			291	326
			293	328
			294	334
			295	337
			296	339
			301	341
		</Left_Wing>
		<Right_Wing type=matrix rownames=FALSE colnames=FALSE nrow=9 ncol=2 as.numeric=TRUE >
			301	341
			305	341
			308	336
			308	330
			310	328
			314	328
			317	328
			320	328
			320	326
		</Right_Wing>
		<Right_Side type=matrix rownames=FALSE colnames=FALSE nrow=7 ncol=2 as.numeric=TRUE >
			320	326
			320	321
			317	312
			315	308
			311	296
			303	277
			300	277
		</Right_Side>
	</curves.control>
	<curves.pixel type=list>
		<Left_Side type=matrix rownames=FALSE colnames=FALSE nrow=48 ncol=2 as.numeric=TRUE >
			300	277
			299	277
			299	278
			299	279
			298	280
			297	281
			296	282
			295	283
			295	284
			295	285
			294	286
			294	287
			294	288
			294	289
			294	290
			294	291
			294	292
			294	293
			293	294
			293	295
			292	296
			292	297
			292	298
			292	299
			292	300
			292	301
			292	302
			291	303
			291	304
			290	304
			290	305
			289	306
			289	307
			288	308
			288	309
			287	310
			287	311
			287	312
			287	313
			286	314
			286	315
			286	316
			285	317
			285	318
			285	319
			285	320
			285	321
			285	322
		</Left_Side>
		<Left_Wing type=matrix rownames=FALSE colnames=FALSE nrow=26 ncol=2 as.numeric=TRUE >
			285	322
			285	323
			286	323
			287	324
			288	324
			289	325
			290	325
			291	326
			292	327
			293	328
			293	329
			293	330
			294	331
			294	332
			294	333
			294	334
			294	335
			295	336
			295	337
			295	338
			296	339
			297	339
			298	340
			299	340
			300	341
			301	341
		</Left_Wing>
		<Right_Wing type=matrix rownames=FALSE colnames=FALSE nrow=28 ncol=2 as.numeric=TRUE >
			301	341
			302	341
			303	341
			304	340
			305	339
			306	339
			307	338
			307	337
			308	336
			308	335
			308	334
			308	333
			308	332
			309	331
			309	330
			309	329
			310	328
			311	328
			312	328
			313	328
			314	328
			315	328
			316	328
			317	328
			318	328
			319	328
			319	327
			320	326
		</Right_Wing>
		<Right_Side type=matrix rownames=FALSE colnames=FALSE nrow=54 ncol=2 as.numeric=TRUE >
			320	326
			320	325
			320	324
			320	323
			320	322
			319	321
			319	320
			319	319
			319	318
			319	317
			318	316
			318	315
			318	314
			317	313
			317	312
			317	311
			316	311
			316	310
			316	309
			315	308
			315	307
			315	306
			314	305
			314	304
			313	303
			313	302
			313	301
			312	300
			312	299
			312	298
			311	297
			311	296
			311	295
			310	294
			310	293
			309	292
			309	291
			309	290
			308	289
			308	288
			307	288
			307	287
			307	286
			306	285
			305	284
			305	283
			304	282
			304	281
			303	280
			302	279
			302	278
			301	278
			301	277
			300	277
		</Right_Side>
	</curves.pixel>
	<curves.scaled type=list>
		<Left_Side type=matrix rownames=FALSE colnames=FALSE nrow=48 ncol=2 as.numeric=TRUE >
			98.322062523294	-90.7840377298414
			97.994322314883	-90.7840377298414
			97.994322314883	-91.1117779382524
			97.994322314883	-91.4395181466634
			97.666582106472	-91.7672583550744
			97.338841898061	-92.0949985634853
			97.01110168965	-92.4227387718963
			96.683361481239	-92.7504789803073
			96.683361481239	-93.0782191887183
			96.683361481239	-93.4059593971293
			96.3556212728281	-93.7336996055402
			96.3556212728281	-94.0614398139512
			96.3556212728281	-94.3891800223622
			96.3556212728281	-94.7169202307732
			96.3556212728281	-95.0446604391842
			96.3556212728281	-95.3724006475951
			96.3556212728281	-95.7001408560061
			96.3556212728281	-96.0278810644171
			96.0278810644171	-96.3556212728281
			96.0278810644171	-96.683361481239
			95.7001408560061	-97.01110168965
			95.7001408560061	-97.338841898061
			95.7001408560061	-97.666582106472
			95.7001408560061	-97.994322314883
			95.7001408560061	-98.322062523294
			95.7001408560061	-98.6498027317049
			95.7001408560061	-98.9775429401159
			95.3724006475951	-99.3052831485269
			95.3724006475951	-99.6330233569379
			95.0446604391842	-99.6330233569379
			95.0446604391842	-99.9607635653489
			94.7169202307732	-100.28850377376
			94.7169202307732	-100.616243982171
			94.3891800223622	-100.943984190582
			94.3891800223622	-101.271724398993
			94.0614398139512	-101.599464607404
			94.0614398139512	-101.927204815815
			94.0614398139512	-102.254945024226
			94.0614398139512	-102.582685232637
			93.7336996055402	-102.910425441048
			93.7336996055402	-103.238165649459
			93.7336996055402	-103.56590585787
			93.4059593971293	-103.893646066281
			93.4059593971293	-104.221386274692
			93.4059593971293	-104.549126483103
			93.4059593971293	-104.876866691514
			93.4059593971293	-105.204606899925
			93.4059593971293	-105.532347108336
		</Left_Side>
		<Left_Wing type=matrix rownames=FALSE colnames=FALSE nrow=26 ncol=2 as.numeric=TRUE >
			93.4059593971293	-105.532347108336
			93.4059593971293	-105.860087316746
			93.7336996055402	-105.860087316746
			94.0614398139512	-106.187827525157
			94.3891800223622	-106.187827525157
			94.7169202307732	-106.515567733568
			95.0446604391842	-106.515567733568
			95.3724006475951	-106.843307941979
			95.7001408560061	-107.17104815039
			96.0278810644171	-107.498788358801
			96.0278810644171	-107.826528567212
			96.0278810644171	-108.154268775623
			96.3556212728281	-108.482008984034
			96.3556212728281	-108.809749192445
			96.3556212728281	-109.137489400856
			96.3556212728281	-109.465229609267
			96.3556212728281	-109.792969817678
			96.683361481239	-110.120710026089
			96.683361481239	-110.4484502345
			96.683361481239	-110.776190442911
			97.01110168965	-111.103930651322
			97.338841898061	-111.103930651322
			97.666582106472	-111.431670859733
			97.994322314883	-111.431670859733
			98.322062523294	-111.759411068144
			98.6498027317049	-111.759411068144
		</Left_Wing>
		<Right_Wing type=matrix rownames=FALSE colnames=FALSE nrow=28 ncol=2 as.numeric=TRUE >
			98.6498027317049	-111.759411068144
			98.9775429401159	-111.759411068144
			99.3052831485269	-111.759411068144
			99.6330233569379	-111.431670859733
			99.9607635653489	-111.103930651322
			100.28850377376	-111.103930651322
			100.616243982171	-110.776190442911
			100.616243982171	-110.4484502345
			100.943984190582	-110.120710026089
			100.943984190582	-109.792969817678
			100.943984190582	-109.465229609267
			100.943984190582	-109.137489400856
			100.943984190582	-108.809749192445
			101.271724398993	-108.482008984034
			101.271724398993	-108.154268775623
			101.271724398993	-107.826528567212
			101.599464607404	-107.498788358801
			101.927204815815	-107.498788358801
			102.254945024226	-107.498788358801
			102.582685232637	-107.498788358801
			102.910425441048	-107.498788358801
			103.238165649459	-107.498788358801
			103.56590585787	-107.498788358801
			103.893646066281	-107.498788358801
			104.221386274692	-107.498788358801
			104.549126483103	-107.498788358801
			104.549126483103	-107.17104815039
			104.876866691514	-106.843307941979
		</Right_Wing>
		<Right_Side type=matrix rownames=FALSE colnames=FALSE nrow=54 ncol=2 as.numeric=TRUE >
			104.876866691514	-106.843307941979
			104.876866691514	-106.515567733568
			104.876866691514	-106.187827525157
			104.876866691514	-105.860087316746
			104.876866691514	-105.532347108336
			104.549126483103	-105.204606899925
			104.549126483103	-104.876866691514
			104.549126483103	-104.549126483103
			104.549126483103	-104.221386274692
			104.549126483103	-103.893646066281
			104.221386274692	-103.56590585787
			104.221386274692	-103.238165649459
			104.221386274692	-102.910425441048
			103.893646066281	-102.582685232637
			103.893646066281	-102.254945024226
			103.893646066281	-101.927204815815
			103.56590585787	-101.927204815815
			103.56590585787	-101.599464607404
			103.56590585787	-101.271724398993
			103.238165649459	-100.943984190582
			103.238165649459	-100.616243982171
			103.238165649459	-100.28850377376
			102.910425441048	-99.9607635653489
			102.910425441048	-99.6330233569379
			102.582685232637	-99.3052831485269
			102.582685232637	-98.9775429401159
			102.582685232637	-98.6498027317049
			102.254945024226	-98.322062523294
			102.254945024226	-97.994322314883
			102.254945024226	-97.666582106472
			101.927204815815	-97.338841898061
			101.927204815815	-97.01110168965
			101.927204815815	-96.683361481239
			101.599464607404	-96.3556212728281
			101.599464607404	-96.0278810644171
			101.271724398993	-95.7001408560061
			101.271724398993	-95.3724006475951
			101.271724398993	-95.0446604391842
			100.943984190582	-94.7169202307732
			100.943984190582	-94.3891800223622
			100.616243982171	-94.3891800223622
			100.616243982171	-94.0614398139512
			100.616243982171	-93.7336996055402
			100.28850377376	-93.4059593971293
			99.9607635653489	-93.0782191887183
			99.9607635653489	-92.7504789803073
			99.6330233569379	-92.4227387718963
			99.6330233569379	-92.0949985634853
			99.3052831485269	-91.7672583550744
			98.9775429401159	-91.4395181466634
			98.9775429401159	-91.1117779382524
			98.6498027317049	-91.1117779382524
			98.6498027317049	-90.7840377298414
			98.322062523294	-90.7840377298414
		</Right_Side>
	</curves.scaled>
	<ruler.points type=matrix rownames=TRUE colnames=FALSE nrow=6 ncol=2 as.numeric=TRUE >
		Ruler point 1	281	536
		Ruler point 2	310	535
		Ruler point 3	340	534
		Ruler point 4	371	533
		Ruler point 5	400	532
		Ruler point 6	432	531
	</ruler.points>
</shapes>

