<shapes type=list>
	<ruler.interval type=vector names=FALSE length=1 as.numeric=TRUE >10</ruler.interval>
	<scaling.units type=vector names=FALSE length=1 as.numeric=FALSE >mm</scaling.units>
	<scaling type=vector names=FALSE length=1 as.numeric=TRUE >0.3125</scaling>
	<landmarks.pixel type=matrix rownames=TRUE colnames=FALSE nrow=4 ncol=2 as.numeric=TRUE >
		Point_Tip	502	279
		Left_Tang_Center	452	385
		Base_Center	506	418
		Right_Tang_Center	544	374
	</landmarks.pixel>
	<landmarks.scaled type=matrix rownames=TRUE colnames=FALSE nrow=4 ncol=2 as.numeric=TRUE >
		Point_Tip	156.875	-87.1875
		Left_Tang_Center	141.25	-120.3125
		Base_Center	158.125	-130.625
		Right_Tang_Center	170	-116.875
	</landmarks.scaled>
	<curves.control type=list>
		<Left_Side type=matrix rownames=FALSE colnames=FALSE nrow=31 ncol=2 as.numeric=TRUE >
			502	279
			500	280
			498	287
			496	289
			496	296
			495	299
			493	302
			493	307
			489	310
			491	318
			486	321
			485	327
			483	331
			478	334
			476	338
			475	341
			475	343
			472	345
			472	350
			469	352
			467	360
			463	359
			462	364
			461	368
			458	369
			457	372
			455	374
			454	377
			452	378
			452	382
			452	385
		</Left_Side>
		<Left_Wing type=matrix rownames=FALSE colnames=FALSE nrow=21 ncol=2 as.numeric=TRUE >
			452	385
			454	386
			460	385
			464	381
			467	381
			470	380
			472	379
			472	376
			475	377
			476	374
			480	374
			485	374
			487	375
			490	379
			491	382
			492	392
			494	400
			496	404
			497	409
			502	415
			506	418
		</Left_Wing>
		<Right_Wing type=matrix rownames=FALSE colnames=FALSE nrow=19 ncol=2 as.numeric=TRUE >
			506	418
			509	418
			511	409
			513	400
			516	393
			516	388
			517	386
			517	382
			519	377
			521	374
			521	371
			524	369
			526	369
			529	370
			533	373
			536	375
			539	375
			542	375
			544	374
		</Right_Wing>
		<Right_Side type=matrix rownames=FALSE colnames=FALSE nrow=25 ncol=2 as.numeric=TRUE >
			544	374
			544	370
			543	367
			540	363
			539	359
			536	358
			535	353
			528	349
			526	344
			525	340
			522	337
			521	334
			521	329
			518	327
			516	319
			515	315
			514	310
			512	307
			513	304
			512	302
			511	300
			507	293
			506	286
			504	280
			502	279
		</Right_Side>
	</curves.control>
	<curves.pixel type=list>
		<Left_Side type=matrix rownames=FALSE colnames=FALSE nrow=114 ncol=2 as.numeric=TRUE >
			502	279
			501	280
			500	281
			500	282
			499	283
			499	284
			499	285
			498	286
			498	287
			497	288
			497	289
			497	290
			496	291
			496	292
			496	293
			496	294
			496	295
			496	296
			496	297
			495	298
			495	299
			494	300
			494	301
			493	302
			493	303
			493	304
			493	305
			492	306
			492	307
			491	307
			491	308
			490	309
			489	310
			489	311
			489	312
			490	313
			490	314
			490	315
			489	316
			489	317
			489	318
			488	319
			487	320
			486	321
			486	322
			486	323
			485	324
			485	325
			485	326
			485	327
			484	328
			484	329
			484	330
			483	330
			483	331
			482	332
			481	332
			480	333
			479	334
			478	335
			477	336
			476	337
			476	338
			476	339
			475	340
			475	341
			475	342
			475	343
			474	344
			473	345
			473	346
			472	347
			472	348
			472	349
			472	350
			471	351
			470	352
			469	353
			469	354
			468	355
			468	356
			468	357
			467	358
			467	359
			467	360
			466	360
			465	360
			464	360
			463	361
			463	362
			462	363
			462	364
			462	365
			461	366
			461	367
			460	368
			459	369
			458	369
			458	370
			457	371
			457	372
			456	373
			455	374
			455	375
			454	376
			453	377
			452	378
			452	379
			452	380
			452	381
			452	382
			452	383
			452	384
			452	385
		</Left_Side>
		<Left_Wing type=matrix rownames=FALSE colnames=FALSE nrow=88 ncol=2 as.numeric=TRUE >
			452	385
			453	385
			454	385
			455	385
			456	385
			457	385
			458	385
			459	385
			460	385
			461	384
			462	383
			463	382
			464	382
			465	381
			466	381
			467	381
			468	381
			469	380
			470	380
			471	380
			471	379
			472	379
			472	378
			472	377
			473	377
			474	377
			475	376
			476	375
			477	375
			478	374
			479	374
			480	374
			481	374
			482	374
			483	374
			484	374
			485	374
			486	374
			486	375
			487	375
			488	376
			489	377
			489	378
			490	379
			490	380
			491	381
			491	382
			491	383
			491	384
			491	385
			491	386
			492	387
			492	388
			492	389
			492	390
			492	391
			492	392
			492	393
			493	394
			493	395
			493	396
			493	397
			494	398
			494	399
			494	400
			494	401
			495	401
			495	402
			495	403
			496	404
			496	405
			496	406
			497	407
			497	408
			497	409
			498	410
			498	411
			499	412
			500	412
			501	413
			501	414
			502	414
			503	415
			503	416
			504	416
			504	417
			505	417
			506	418
		</Left_Wing>
		<Right_Wing type=matrix rownames=FALSE colnames=FALSE nrow=76 ncol=2 as.numeric=TRUE >
			506	418
			507	418
			507	417
			508	417
			509	416
			509	415
			510	414
			510	413
			510	412
			511	411
			511	410
			511	409
			511	408
			511	407
			512	406
			512	405
			512	404
			512	403
			513	402
			513	401
			513	400
			514	399
			514	398
			514	397
			515	396
			515	395
			516	394
			516	393
			516	392
			516	391
			516	390
			516	389
			516	388
			517	387
			517	386
			517	385
			517	384
			517	383
			518	382
			518	381
			518	380
			518	379
			518	378
			519	378
			519	377
			519	376
			520	376
			520	375
			520	374
			521	373
			521	372
			521	371
			522	370
			523	370
			524	369
			525	369
			526	369
			527	369
			528	370
			529	370
			530	371
			531	371
			532	372
			533	373
			534	373
			534	374
			535	374
			536	374
			537	375
			538	375
			539	375
			540	375
			541	375
			542	375
			543	374
			544	374
		</Right_Wing>
		<Right_Side type=matrix rownames=FALSE colnames=FALSE nrow=102 ncol=2 as.numeric=TRUE >
			544	374
			544	373
			544	372
			544	371
			544	370
			544	369
			543	368
			543	367
			542	366
			542	365
			541	364
			541	363
			540	362
			540	361
			539	360
			539	359
			538	359
			537	358
			537	357
			536	357
			536	356
			535	355
			535	354
			535	353
			534	352
			533	352
			532	351
			531	350
			530	350
			529	349
			529	348
			528	347
			527	346
			526	345
			526	344
			526	343
			525	342
			525	341
			524	340
			524	339
			523	339
			523	338
			522	337
			522	336
			521	335
			521	334
			521	333
			521	332
			521	331
			521	330
			521	329
			520	328
			519	327
			518	326
			518	325
			518	324
			517	323
			517	322
			517	321
			516	320
			516	319
			516	318
			516	317
			515	316
			515	315
			515	314
			515	313
			514	312
			514	311
			514	310
			514	309
			513	308
			513	307
			513	306
			513	305
			513	304
			513	303
			512	302
			511	301
			511	300
			510	299
			510	298
			509	297
			509	296
			508	295
			508	294
			508	293
			507	292
			507	291
			507	290
			507	289
			506	288
			506	287
			506	286
			506	285
			505	284
			505	283
			504	282
			504	281
			503	280
			503	279
			502	279
		</Right_Side>
	</curves.pixel>
	<curves.scaled type=list>
		<Left_Side type=matrix rownames=FALSE colnames=FALSE nrow=114 ncol=2 as.numeric=TRUE >
			156.875	-87.1875
			156.5625	-87.5
			156.25	-87.8125
			156.25	-88.125
			155.9375	-88.4375
			155.9375	-88.75
			155.9375	-89.0625
			155.625	-89.375
			155.625	-89.6875
			155.3125	-90
			155.3125	-90.3125
			155.3125	-90.625
			155	-90.9375
			155	-91.25
			155	-91.5625
			155	-91.875
			155	-92.1875
			155	-92.5
			155	-92.8125
			154.6875	-93.125
			154.6875	-93.4375
			154.375	-93.75
			154.375	-94.0625
			154.0625	-94.375
			154.0625	-94.6875
			154.0625	-95
			154.0625	-95.3125
			153.75	-95.625
			153.75	-95.9375
			153.4375	-95.9375
			153.4375	-96.25
			153.125	-96.5625
			152.8125	-96.875
			152.8125	-97.1875
			152.8125	-97.5
			153.125	-97.8125
			153.125	-98.125
			153.125	-98.4375
			152.8125	-98.75
			152.8125	-99.0625
			152.8125	-99.375
			152.5	-99.6875
			152.1875	-100
			151.875	-100.3125
			151.875	-100.625
			151.875	-100.9375
			151.5625	-101.25
			151.5625	-101.5625
			151.5625	-101.875
			151.5625	-102.1875
			151.25	-102.5
			151.25	-102.8125
			151.25	-103.125
			150.9375	-103.125
			150.9375	-103.4375
			150.625	-103.75
			150.3125	-103.75
			150	-104.0625
			149.6875	-104.375
			149.375	-104.6875
			149.0625	-105
			148.75	-105.3125
			148.75	-105.625
			148.75	-105.9375
			148.4375	-106.25
			148.4375	-106.5625
			148.4375	-106.875
			148.4375	-107.1875
			148.125	-107.5
			147.8125	-107.8125
			147.8125	-108.125
			147.5	-108.4375
			147.5	-108.75
			147.5	-109.0625
			147.5	-109.375
			147.1875	-109.6875
			146.875	-110
			146.5625	-110.3125
			146.5625	-110.625
			146.25	-110.9375
			146.25	-111.25
			146.25	-111.5625
			145.9375	-111.875
			145.9375	-112.1875
			145.9375	-112.5
			145.625	-112.5
			145.3125	-112.5
			145	-112.5
			144.6875	-112.8125
			144.6875	-113.125
			144.375	-113.4375
			144.375	-113.75
			144.375	-114.0625
			144.0625	-114.375
			144.0625	-114.6875
			143.75	-115
			143.4375	-115.3125
			143.125	-115.3125
			143.125	-115.625
			142.8125	-115.9375
			142.8125	-116.25
			142.5	-116.5625
			142.1875	-116.875
			142.1875	-117.1875
			141.875	-117.5
			141.5625	-117.8125
			141.25	-118.125
			141.25	-118.4375
			141.25	-118.75
			141.25	-119.0625
			141.25	-119.375
			141.25	-119.6875
			141.25	-120
			141.25	-120.3125
		</Left_Side>
		<Left_Wing type=matrix rownames=FALSE colnames=FALSE nrow=88 ncol=2 as.numeric=TRUE >
			141.25	-120.3125
			141.5625	-120.3125
			141.875	-120.3125
			142.1875	-120.3125
			142.5	-120.3125
			142.8125	-120.3125
			143.125	-120.3125
			143.4375	-120.3125
			143.75	-120.3125
			144.0625	-120
			144.375	-119.6875
			144.6875	-119.375
			145	-119.375
			145.3125	-119.0625
			145.625	-119.0625
			145.9375	-119.0625
			146.25	-119.0625
			146.5625	-118.75
			146.875	-118.75
			147.1875	-118.75
			147.1875	-118.4375
			147.5	-118.4375
			147.5	-118.125
			147.5	-117.8125
			147.8125	-117.8125
			148.125	-117.8125
			148.4375	-117.5
			148.75	-117.1875
			149.0625	-117.1875
			149.375	-116.875
			149.6875	-116.875
			150	-116.875
			150.3125	-116.875
			150.625	-116.875
			150.9375	-116.875
			151.25	-116.875
			151.5625	-116.875
			151.875	-116.875
			151.875	-117.1875
			152.1875	-117.1875
			152.5	-117.5
			152.8125	-117.8125
			152.8125	-118.125
			153.125	-118.4375
			153.125	-118.75
			153.4375	-119.0625
			153.4375	-119.375
			153.4375	-119.6875
			153.4375	-120
			153.4375	-120.3125
			153.4375	-120.625
			153.75	-120.9375
			153.75	-121.25
			153.75	-121.5625
			153.75	-121.875
			153.75	-122.1875
			153.75	-122.5
			153.75	-122.8125
			154.0625	-123.125
			154.0625	-123.4375
			154.0625	-123.75
			154.0625	-124.0625
			154.375	-124.375
			154.375	-124.6875
			154.375	-125
			154.375	-125.3125
			154.6875	-125.3125
			154.6875	-125.625
			154.6875	-125.9375
			155	-126.25
			155	-126.5625
			155	-126.875
			155.3125	-127.1875
			155.3125	-127.5
			155.3125	-127.8125
			155.625	-128.125
			155.625	-128.4375
			155.9375	-128.75
			156.25	-128.75
			156.5625	-129.0625
			156.5625	-129.375
			156.875	-129.375
			157.1875	-129.6875
			157.1875	-130
			157.5	-130
			157.5	-130.3125
			157.8125	-130.3125
			158.125	-130.625
		</Left_Wing>
		<Right_Wing type=matrix rownames=FALSE colnames=FALSE nrow=76 ncol=2 as.numeric=TRUE >
			158.125	-130.625
			158.4375	-130.625
			158.4375	-130.3125
			158.75	-130.3125
			159.0625	-130
			159.0625	-129.6875
			159.375	-129.375
			159.375	-129.0625
			159.375	-128.75
			159.6875	-128.4375
			159.6875	-128.125
			159.6875	-127.8125
			159.6875	-127.5
			159.6875	-127.1875
			160	-126.875
			160	-126.5625
			160	-126.25
			160	-125.9375
			160.3125	-125.625
			160.3125	-125.3125
			160.3125	-125
			160.625	-124.6875
			160.625	-124.375
			160.625	-124.0625
			160.9375	-123.75
			160.9375	-123.4375
			161.25	-123.125
			161.25	-122.8125
			161.25	-122.5
			161.25	-122.1875
			161.25	-121.875
			161.25	-121.5625
			161.25	-121.25
			161.5625	-120.9375
			161.5625	-120.625
			161.5625	-120.3125
			161.5625	-120
			161.5625	-119.6875
			161.875	-119.375
			161.875	-119.0625
			161.875	-118.75
			161.875	-118.4375
			161.875	-118.125
			162.1875	-118.125
			162.1875	-117.8125
			162.1875	-117.5
			162.5	-117.5
			162.5	-117.1875
			162.5	-116.875
			162.8125	-116.5625
			162.8125	-116.25
			162.8125	-115.9375
			163.125	-115.625
			163.4375	-115.625
			163.75	-115.3125
			164.0625	-115.3125
			164.375	-115.3125
			164.6875	-115.3125
			165	-115.625
			165.3125	-115.625
			165.625	-115.9375
			165.9375	-115.9375
			166.25	-116.25
			166.5625	-116.5625
			166.875	-116.5625
			166.875	-116.875
			167.1875	-116.875
			167.5	-116.875
			167.8125	-117.1875
			168.125	-117.1875
			168.4375	-117.1875
			168.75	-117.1875
			169.0625	-117.1875
			169.375	-117.1875
			169.6875	-116.875
			170	-116.875
		</Right_Wing>
		<Right_Side type=matrix rownames=FALSE colnames=FALSE nrow=102 ncol=2 as.numeric=TRUE >
			170	-116.875
			170	-116.5625
			170	-116.25
			170	-115.9375
			170	-115.625
			170	-115.3125
			169.6875	-115
			169.6875	-114.6875
			169.375	-114.375
			169.375	-114.0625
			169.0625	-113.75
			169.0625	-113.4375
			168.75	-113.125
			168.75	-112.8125
			168.4375	-112.5
			168.4375	-112.1875
			168.125	-112.1875
			167.8125	-111.875
			167.8125	-111.5625
			167.5	-111.5625
			167.5	-111.25
			167.1875	-110.9375
			167.1875	-110.625
			167.1875	-110.3125
			166.875	-110
			166.5625	-110
			166.25	-109.6875
			165.9375	-109.375
			165.625	-109.375
			165.3125	-109.0625
			165.3125	-108.75
			165	-108.4375
			164.6875	-108.125
			164.375	-107.8125
			164.375	-107.5
			164.375	-107.1875
			164.0625	-106.875
			164.0625	-106.5625
			163.75	-106.25
			163.75	-105.9375
			163.4375	-105.9375
			163.4375	-105.625
			163.125	-105.3125
			163.125	-105
			162.8125	-104.6875
			162.8125	-104.375
			162.8125	-104.0625
			162.8125	-103.75
			162.8125	-103.4375
			162.8125	-103.125
			162.8125	-102.8125
			162.5	-102.5
			162.1875	-102.1875
			161.875	-101.875
			161.875	-101.5625
			161.875	-101.25
			161.5625	-100.9375
			161.5625	-100.625
			161.5625	-100.3125
			161.25	-100
			161.25	-99.6875
			161.25	-99.375
			161.25	-99.0625
			160.9375	-98.75
			160.9375	-98.4375
			160.9375	-98.125
			160.9375	-97.8125
			160.625	-97.5
			160.625	-97.1875
			160.625	-96.875
			160.625	-96.5625
			160.3125	-96.25
			160.3125	-95.9375
			160.3125	-95.625
			160.3125	-95.3125
			160.3125	-95
			160.3125	-94.6875
			160	-94.375
			159.6875	-94.0625
			159.6875	-93.75
			159.375	-93.4375
			159.375	-93.125
			159.0625	-92.8125
			159.0625	-92.5
			158.75	-92.1875
			158.75	-91.875
			158.75	-91.5625
			158.4375	-91.25
			158.4375	-90.9375
			158.4375	-90.625
			158.4375	-90.3125
			158.125	-90
			158.125	-89.6875
			158.125	-89.375
			158.125	-89.0625
			157.8125	-88.75
			157.8125	-88.4375
			157.5	-88.125
			157.5	-87.8125
			157.1875	-87.5
			157.1875	-87.1875
			156.875	-87.1875
		</Right_Side>
	</curves.scaled>
	<ruler.points type=matrix rownames=TRUE colnames=FALSE nrow=3 ncol=2 as.numeric=TRUE >
		Ruler point 1	365	473
		Ruler point 2	397	473
		Ruler point 3	429	473
	</ruler.points>
</shapes>

