<shapes type=list>
	<ruler.pixel type=vector names=FALSE length=1 as.numeric=TRUE >32.0068896484038</ruler.pixel>
	<ruler.interval type=vector names=FALSE length=1 as.numeric=TRUE >10</ruler.interval>
	<scaling.units type=vector names=FALSE length=1 as.numeric=FALSE >mm</scaling.units>
	<scaling type=vector names=FALSE length=1 as.numeric=TRUE >0.312432732760046</scaling>
	<landmarks.pixel type=matrix rownames=TRUE colnames=FALSE nrow=4 ncol=2 as.numeric=TRUE >
		Point_Tip	580	224
		Left_Tang_Center	567	277
		Base_Center	578	298
		Right_Tang_Center	592	273
	</landmarks.pixel>
	<landmarks.scaled type=matrix rownames=TRUE colnames=FALSE nrow=4 ncol=2 as.numeric=TRUE >
		Point_Tip	181.210985000826	-69.9849321382502
		Left_Tang_Center	177.149359474946	-86.5438669745326
		Base_Center	180.586119535306	-93.1049543624936
		Right_Tang_Center	184.960177793947	-85.2941360434924
	</landmarks.scaled>
	<curves.control type=list>
		<Left_Side type=matrix rownames=FALSE colnames=FALSE nrow=13 ncol=2 as.numeric=TRUE >
			580	224
			577	225
			577	229
			576	233
			576	238
			572	248
			573	250
			569	255
			569	258
			569	267
			567	269
			567	273
			567	277
		</Left_Side>
		<Left_Wing type=matrix rownames=FALSE colnames=FALSE nrow=9 ncol=2 as.numeric=TRUE >
			567	277
			569	279
			571	280
			573	287
			573	290
			575	292
			574	296
			575	298
			578	298
		</Left_Wing>
		<Right_Wing type=matrix rownames=FALSE colnames=FALSE nrow=9 ncol=2 as.numeric=TRUE >
			578	298
			581	297
			582	295
			584	293
			584	290
			586	283
			585	280
			587	276
			592	273
		</Right_Wing>
		<Right_Side type=matrix rownames=FALSE colnames=FALSE nrow=17 ncol=2 as.numeric=TRUE >
			592	273
			592	271
			590	269
			591	265
			588	264
			589	259
			587	258
			588	254
			586	252
			587	248
			585	246
			586	242
			584	238
			585	234
			584	231
			583	224
			580	224
		</Right_Side>
	</curves.control>
	<curves.pixel type=list>
		<Left_Side type=matrix rownames=FALSE colnames=FALSE nrow=57 ncol=2 as.numeric=TRUE >
			580	224
			579	224
			579	225
			578	225
			578	226
			577	227
			577	228
			577	229
			577	230
			577	231
			576	232
			576	233
			576	234
			576	235
			576	236
			576	237
			576	238
			576	239
			575	240
			575	241
			574	242
			574	243
			574	244
			574	245
			573	245
			573	246
			573	247
			573	248
			573	249
			573	250
			572	251
			571	252
			571	253
			570	254
			570	255
			569	256
			569	257
			569	258
			569	259
			569	260
			569	261
			569	262
			569	263
			569	264
			569	265
			568	266
			568	267
			568	268
			567	269
			567	270
			567	271
			567	272
			567	273
			567	274
			567	275
			567	276
			567	277
		</Left_Side>
		<Left_Wing type=matrix rownames=FALSE colnames=FALSE nrow=26 ncol=2 as.numeric=TRUE >
			567	277
			568	278
			569	279
			570	279
			571	280
			571	281
			572	282
			572	283
			572	284
			572	285
			572	286
			573	286
			573	287
			573	288
			573	289
			573	290
			574	291
			574	292
			574	293
			574	294
			574	295
			574	296
			575	297
			576	298
			577	298
			578	298
		</Left_Wing>
		<Right_Wing type=matrix rownames=FALSE colnames=FALSE nrow=31 ncol=2 as.numeric=TRUE >
			578	298
			579	298
			579	297
			580	297
			581	297
			581	296
			582	295
			583	294
			583	293
			584	292
			584	291
			584	290
			584	289
			585	288
			585	287
			585	286
			585	285
			585	284
			585	283
			585	282
			585	281
			585	280
			585	279
			586	279
			586	278
			587	277
			588	276
			589	275
			590	275
			591	274
			592	273
		</Right_Wing>
		<Right_Side type=matrix rownames=FALSE colnames=FALSE nrow=51 ncol=2 as.numeric=TRUE >
			592	273
			592	272
			592	271
			591	270
			590	269
			590	268
			590	267
			590	266
			590	265
			589	264
			588	263
			588	262
			588	261
			588	260
			588	259
			587	258
			587	257
			587	256
			587	255
			587	254
			587	253
			586	252
			586	251
			586	250
			586	249
			586	248
			586	247
			585	246
			585	245
			585	244
			585	243
			585	242
			585	241
			585	240
			584	239
			584	238
			584	237
			584	236
			584	235
			584	234
			584	233
			584	232
			584	231
			584	230
			584	229
			583	228
			583	227
			583	226
			582	225
			581	224
			580	224
		</Right_Side>
	</curves.pixel>
	<curves.scaled type=list>
		<Left_Side type=matrix rownames=FALSE colnames=FALSE nrow=57 ncol=2 as.numeric=TRUE >
			181.210985000826	-69.9849321382502
			180.898552268066	-69.9849321382502
			180.898552268066	-70.2973648710102
			180.586119535306	-70.2973648710102
			180.586119535306	-70.6097976037703
			180.273686802546	-70.9222303365303
			180.273686802546	-71.2346630692904
			180.273686802546	-71.5470958020504
			180.273686802546	-71.8595285348105
			180.273686802546	-72.1719612675705
			179.961254069786	-72.4843940003306
			179.961254069786	-72.7968267330906
			179.961254069786	-73.1092594658507
			179.961254069786	-73.4216921986107
			179.961254069786	-73.7341249313707
			179.961254069786	-74.0465576641308
			179.961254069786	-74.3589903968908
			179.961254069786	-74.6714231296509
			179.648821337026	-74.9838558624109
			179.648821337026	-75.296288595171
			179.336388604266	-75.608721327931
			179.336388604266	-75.9211540606911
			179.336388604266	-76.2335867934511
			179.336388604266	-76.5460195262112
			179.023955871506	-76.5460195262112
			179.023955871506	-76.8584522589712
			179.023955871506	-77.1708849917312
			179.023955871506	-77.4833177244913
			179.023955871506	-77.7957504572513
			179.023955871506	-78.1081831900114
			178.711523138746	-78.4206159227714
			178.399090405986	-78.7330486555315
			178.399090405986	-79.0454813882915
			178.086657673226	-79.3579141210516
			178.086657673226	-79.6703468538116
			177.774224940466	-79.9827795865717
			177.774224940466	-80.2952123193317
			177.774224940466	-80.6076450520917
			177.774224940466	-80.9200777848518
			177.774224940466	-81.2325105176118
			177.774224940466	-81.5449432503719
			177.774224940466	-81.8573759831319
			177.774224940466	-82.169808715892
			177.774224940466	-82.482241448652
			177.774224940466	-82.7946741814121
			177.461792207706	-83.1071069141721
			177.461792207706	-83.4195396469322
			177.461792207706	-83.7319723796922
			177.149359474946	-84.0444051124522
			177.149359474946	-84.3568378452123
			177.149359474946	-84.6692705779723
			177.149359474946	-84.9817033107324
			177.149359474946	-85.2941360434924
			177.149359474946	-85.6065687762525
			177.149359474946	-85.9190015090125
			177.149359474946	-86.2314342417726
			177.149359474946	-86.5438669745326
		</Left_Side>
		<Left_Wing type=matrix rownames=FALSE colnames=FALSE nrow=26 ncol=2 as.numeric=TRUE >
			177.149359474946	-86.5438669745326
			177.461792207706	-86.8562997072926
			177.774224940466	-87.1687324400527
			178.086657673226	-87.1687324400527
			178.399090405986	-87.4811651728128
			178.399090405986	-87.7935979055728
			178.711523138746	-88.1060306383328
			178.711523138746	-88.4184633710929
			178.711523138746	-88.7308961038529
			178.711523138746	-89.043328836613
			178.711523138746	-89.355761569373
			179.023955871506	-89.355761569373
			179.023955871506	-89.6681943021331
			179.023955871506	-89.9806270348931
			179.023955871506	-90.2930597676531
			179.023955871506	-90.6054925004132
			179.336388604266	-90.9179252331732
			179.336388604266	-91.2303579659333
			179.336388604266	-91.5427906986933
			179.336388604266	-91.8552234314534
			179.336388604266	-92.1676561642134
			179.336388604266	-92.4800888969735
			179.648821337026	-92.7925216297335
			179.961254069786	-93.1049543624936
			180.273686802546	-93.1049543624936
			180.586119535306	-93.1049543624936
		</Left_Wing>
		<Right_Wing type=matrix rownames=FALSE colnames=FALSE nrow=31 ncol=2 as.numeric=TRUE >
			180.586119535306	-93.1049543624936
			180.898552268066	-93.1049543624936
			180.898552268066	-92.7925216297335
			181.210985000826	-92.7925216297335
			181.523417733586	-92.7925216297335
			181.523417733586	-92.4800888969735
			181.835850466346	-92.1676561642134
			182.148283199107	-91.8552234314534
			182.148283199107	-91.5427906986933
			182.460715931867	-91.2303579659333
			182.460715931867	-90.9179252331732
			182.460715931867	-90.6054925004132
			182.460715931867	-90.2930597676531
			182.773148664627	-89.9806270348931
			182.773148664627	-89.6681943021331
			182.773148664627	-89.355761569373
			182.773148664627	-89.043328836613
			182.773148664627	-88.7308961038529
			182.773148664627	-88.4184633710929
			182.773148664627	-88.1060306383328
			182.773148664627	-87.7935979055728
			182.773148664627	-87.4811651728128
			182.773148664627	-87.1687324400527
			183.085581397387	-87.1687324400527
			183.085581397387	-86.8562997072926
			183.398014130147	-86.5438669745326
			183.710446862907	-86.2314342417726
			184.022879595667	-85.9190015090125
			184.335312328427	-85.9190015090125
			184.647745061187	-85.6065687762525
			184.960177793947	-85.2941360434924
		</Right_Wing>
		<Right_Side type=matrix rownames=FALSE colnames=FALSE nrow=51 ncol=2 as.numeric=TRUE >
			184.960177793947	-85.2941360434924
			184.960177793947	-84.9817033107324
			184.960177793947	-84.6692705779723
			184.647745061187	-84.3568378452123
			184.335312328427	-84.0444051124522
			184.335312328427	-83.7319723796922
			184.335312328427	-83.4195396469322
			184.335312328427	-83.1071069141721
			184.335312328427	-82.7946741814121
			184.022879595667	-82.482241448652
			183.710446862907	-82.169808715892
			183.710446862907	-81.8573759831319
			183.710446862907	-81.5449432503719
			183.710446862907	-81.2325105176118
			183.710446862907	-80.9200777848518
			183.398014130147	-80.6076450520917
			183.398014130147	-80.2952123193317
			183.398014130147	-79.9827795865717
			183.398014130147	-79.6703468538116
			183.398014130147	-79.3579141210516
			183.398014130147	-79.0454813882915
			183.085581397387	-78.7330486555315
			183.085581397387	-78.4206159227714
			183.085581397387	-78.1081831900114
			183.085581397387	-77.7957504572513
			183.085581397387	-77.4833177244913
			183.085581397387	-77.1708849917312
			182.773148664627	-76.8584522589712
			182.773148664627	-76.5460195262112
			182.773148664627	-76.2335867934511
			182.773148664627	-75.9211540606911
			182.773148664627	-75.608721327931
			182.773148664627	-75.296288595171
			182.773148664627	-74.9838558624109
			182.460715931867	-74.6714231296509
			182.460715931867	-74.3589903968908
			182.460715931867	-74.0465576641308
			182.460715931867	-73.7341249313707
			182.460715931867	-73.4216921986107
			182.460715931867	-73.1092594658507
			182.460715931867	-72.7968267330906
			182.460715931867	-72.4843940003306
			182.460715931867	-72.1719612675705
			182.460715931867	-71.8595285348105
			182.460715931867	-71.5470958020504
			182.148283199107	-71.2346630692904
			182.148283199107	-70.9222303365303
			182.148283199107	-70.6097976037703
			181.835850466346	-70.2973648710102
			181.523417733586	-69.9849321382502
			181.210985000826	-69.9849321382502
		</Right_Side>
	</curves.scaled>
	<ruler.points type=matrix rownames=TRUE colnames=FALSE nrow=6 ncol=2 as.numeric=TRUE >
		Ruler point 1	319	352
		Ruler point 2	351	352
		Ruler point 3	383	351
		Ruler point 4	415	350
		Ruler point 5	446	350
		Ruler point 6	479	349
	</ruler.points>
</shapes>

