<shapes type=list>
	<ruler.pixel type=vector names=FALSE length=1 as.numeric=TRUE >41.258822834864</ruler.pixel>
	<ruler.interval type=vector names=FALSE length=1 as.numeric=TRUE >10</ruler.interval>
	<scaling.units type=vector names=FALSE length=1 as.numeric=FALSE >mm</scaling.units>
	<scaling type=vector names=FALSE length=1 as.numeric=TRUE >0.242372402141099</scaling>
	<landmarks.pixel type=matrix rownames=TRUE colnames=FALSE nrow=4 ncol=2 as.numeric=TRUE >
		Point_Tip	596	372
		Left_Tang_Center	545	523
		Base_Center	602	575
		Right_Tang_Center	647	517
	</landmarks.pixel>
	<landmarks.scaled type=matrix rownames=TRUE colnames=FALSE nrow=4 ncol=2 as.numeric=TRUE >
		Point_Tip	144.453951676095	-90.1625335964887
		Left_Tang_Center	132.092959166899	-126.760766319795
		Base_Center	145.908186088941	-139.364131231132
		Right_Tang_Center	156.814944185291	-125.306531906948
	</landmarks.scaled>
	<curves.control type=list>
		<Left_Side type=matrix rownames=FALSE colnames=FALSE nrow=19 ncol=2 as.numeric=TRUE >
			596	372
			586	377
			584	383
			583	396
			579	397
			578	405
			574	416
			575	419
			573	429
			572	436
			563	446
			562	455
			557	476
			561	486
			552	488
			547	497
			543	511
			541	519
			545	523
		</Left_Side>
		<Left_Wing type=matrix rownames=FALSE colnames=FALSE nrow=17 ncol=2 as.numeric=TRUE >
			545	523
			547	526
			552	530
			558	530
			563	530
			576	526
			577	538
			578	545
			578	553
			583	558
			583	566
			584	570
			589	572
			592	573
			595	575
			598	576
			602	575
		</Left_Wing>
		<Right_Wing type=matrix rownames=FALSE colnames=FALSE nrow=21 ncol=2 as.numeric=TRUE >
			602	575
			608	576
			615	572
			615	569
			619	565
			616	560
			620	557
			620	554
			621	550
			618	547
			618	540
			621	539
			621	536
			621	529
			624	526
			627	526
			630	526
			634	522
			641	523
			642	519
			647	517
		</Right_Wing>
		<Right_Side type=matrix rownames=FALSE colnames=FALSE nrow=21 ncol=2 as.numeric=TRUE >
			647	517
			646	513
			645	509
			645	502
			644	499
			637	494
			638	483
			637	479
			634	478
			624	475
			629	463
			617	461
			617	438
			614	435
			615	422
			613	414
			609	400
			603	389
			601	382
			599	373
			596	372
		</Right_Side>
	</curves.control>
	<curves.pixel type=list>
		<Left_Side type=matrix rownames=FALSE colnames=FALSE nrow=163 ncol=2 as.numeric=TRUE >
			596	372
			595	373
			594	373
			593	374
			592	374
			591	375
			590	375
			590	376
			589	376
			588	377
			588	378
			587	378
			586	379
			586	380
			585	381
			584	382
			584	383
			584	384
			584	385
			584	386
			584	387
			583	388
			583	389
			583	390
			583	391
			583	392
			582	393
			582	394
			581	395
			581	396
			580	396
			579	397
			579	398
			579	399
			579	400
			578	401
			578	402
			578	403
			578	404
			577	405
			577	406
			577	407
			577	408
			576	409
			576	410
			576	411
			575	412
			575	413
			575	414
			574	415
			574	416
			574	417
			574	418
			574	419
			574	420
			574	421
			574	422
			574	423
			574	424
			574	425
			574	426
			573	427
			573	428
			573	429
			573	430
			572	431
			572	432
			572	433
			571	434
			571	435
			570	436
			570	437
			569	438
			569	439
			568	440
			567	441
			566	442
			565	443
			565	444
			564	445
			563	446
			563	447
			563	448
			563	449
			562	450
			562	451
			562	452
			562	453
			562	454
			562	455
			561	456
			561	457
			561	458
			561	459
			561	460
			560	461
			560	462
			560	463
			560	464
			559	465
			559	466
			559	467
			559	468
			559	469
			558	470
			558	471
			558	472
			558	473
			558	474
			557	475
			557	476
			557	477
			558	478
			558	479
			558	480
			558	481
			558	482
			558	483
			558	484
			557	485
			557	486
			556	486
			555	487
			554	487
			553	488
			552	488
			552	489
			551	490
			550	491
			550	492
			549	493
			549	494
			549	495
			548	495
			548	496
			548	497
			547	498
			547	499
			547	500
			546	500
			546	501
			546	502
			545	503
			545	504
			545	505
			545	506
			544	507
			544	508
			544	509
			543	510
			543	511
			543	512
			543	513
			542	514
			542	515
			542	516
			542	517
			542	518
			543	519
			543	520
			544	521
			544	522
			545	523
		</Left_Side>
		<Left_Wing type=matrix rownames=FALSE colnames=FALSE nrow=90 ncol=2 as.numeric=TRUE >
			545	523
			545	524
			546	524
			546	525
			547	525
			547	526
			548	526
			549	527
			549	528
			550	528
			551	529
			552	530
			553	530
			554	530
			555	530
			556	530
			557	530
			558	530
			559	530
			560	530
			561	530
			562	530
			563	530
			564	530
			565	530
			566	529
			567	529
			568	529
			569	529
			570	529
			571	529
			572	530
			573	530
			574	531
			575	532
			576	533
			576	534
			576	535
			577	536
			577	537
			577	538
			577	539
			577	540
			577	541
			577	542
			578	543
			578	544
			578	545
			578	546
			578	547
			578	548
			578	549
			578	550
			578	551
			578	552
			578	553
			579	554
			580	555
			580	556
			581	557
			582	558
			582	559
			582	560
			582	561
			583	562
			583	563
			583	564
			583	565
			583	566
			583	567
			584	568
			584	569
			585	569
			586	570
			587	571
			588	572
			589	572
			590	572
			591	573
			592	573
			593	574
			594	575
			595	575
			596	575
			597	575
			598	575
			599	575
			600	575
			601	575
			602	575
		</Left_Wing>
		<Right_Wing type=matrix rownames=FALSE colnames=FALSE nrow=88 ncol=2 as.numeric=TRUE >
			602	575
			603	575
			604	575
			605	575
			606	575
			607	575
			608	575
			609	574
			610	574
			611	574
			612	573
			613	573
			614	573
			614	572
			615	572
			615	571
			615	570
			616	569
			617	568
			617	567
			618	566
			619	565
			618	564
			618	563
			618	562
			618	561
			618	560
			618	559
			619	558
			620	557
			620	556
			620	555
			620	554
			620	553
			621	552
			621	551
			621	550
			620	549
			620	548
			619	547
			619	546
			618	545
			618	544
			618	543
			618	542
			618	541
			618	540
			619	540
			619	539
			620	539
			620	538
			621	537
			621	536
			621	535
			621	534
			621	533
			621	532
			621	531
			622	530
			622	529
			623	528
			623	527
			624	526
			625	526
			626	526
			627	526
			628	526
			629	526
			630	526
			631	525
			632	524
			633	524
			634	523
			635	523
			636	523
			637	523
			638	523
			639	523
			640	523
			641	523
			641	522
			642	521
			642	520
			643	519
			644	519
			645	518
			646	518
			647	517
		</Right_Wing>
		<Right_Side type=matrix rownames=FALSE colnames=FALSE nrow=153 ncol=2 as.numeric=TRUE >
			647	517
			647	516
			647	515
			646	514
			646	513
			646	512
			646	511
			645	510
			645	509
			645	508
			645	507
			645	506
			645	505
			645	504
			645	503
			645	502
			645	501
			644	500
			644	499
			643	498
			642	497
			641	496
			640	495
			640	494
			639	493
			639	492
			639	491
			638	491
			638	490
			638	489
			638	488
			638	487
			638	486
			638	485
			638	484
			638	483
			638	482
			637	481
			637	480
			636	479
			635	479
			634	478
			633	478
			632	477
			631	477
			630	476
			629	475
			628	474
			628	473
			628	472
			627	471
			627	470
			627	469
			628	468
			628	467
			628	466
			628	465
			629	464
			628	463
			627	462
			626	462
			625	462
			624	461
			623	460
			622	459
			621	458
			621	457
			620	456
			619	455
			619	454
			619	453
			619	452
			618	451
			618	450
			618	449
			618	448
			618	447
			617	446
			617	445
			617	444
			617	443
			617	442
			617	441
			617	440
			617	439
			617	438
			616	437
			616	436
			615	435
			615	434
			615	433
			615	432
			615	431
			615	430
			615	429
			615	428
			615	427
			615	426
			615	425
			615	424
			615	423
			615	422
			615	421
			615	420
			614	419
			614	418
			614	417
			613	416
			613	415
			613	414
			613	413
			612	412
			612	411
			612	410
			611	409
			611	408
			611	407
			611	406
			610	405
			610	404
			610	403
			609	402
			609	401
			609	400
			608	399
			608	398
			607	397
			607	396
			606	395
			606	394
			605	393
			605	392
			605	391
			604	390
			603	389
			603	388
			603	387
			602	386
			602	385
			602	384
			601	383
			601	382
			601	381
			600	380
			600	379
			600	378
			600	377
			599	376
			599	375
			598	374
			598	373
			597	372
			596	372
		</Right_Side>
	</curves.pixel>
	<curves.scaled type=list>
		<Left_Side type=matrix rownames=FALSE colnames=FALSE nrow=163 ncol=2 as.numeric=TRUE >
			144.453951676095	-90.1625335964887
			144.211579273954	-90.4049059986298
			143.969206871813	-90.4049059986298
			143.726834469671	-90.6472784007709
			143.48446206753	-90.6472784007709
			143.242089665389	-90.889650802912
			142.999717263248	-90.889650802912
			142.999717263248	-91.1320232050531
			142.757344861107	-91.1320232050531
			142.514972458966	-91.3743956071942
			142.514972458966	-91.6167680093353
			142.272600056825	-91.6167680093353
			142.030227654684	-91.8591404114764
			142.030227654684	-92.1015128136175
			141.787855252543	-92.3438852157586
			141.545482850402	-92.5862576178997
			141.545482850402	-92.8286300200408
			141.545482850402	-93.0710024221819
			141.545482850402	-93.313374824323
			141.545482850402	-93.555747226464
			141.545482850402	-93.7981196286051
			141.30311044826	-94.0404920307463
			141.30311044826	-94.2828644328874
			141.30311044826	-94.5252368350285
			141.30311044826	-94.7676092371696
			141.30311044826	-95.0099816393107
			141.060738046119	-95.2523540414518
			141.060738046119	-95.4947264435928
			140.818365643978	-95.7370988457339
			140.818365643978	-95.979471247875
			140.575993241837	-95.979471247875
			140.333620839696	-96.2218436500161
			140.333620839696	-96.4642160521572
			140.333620839696	-96.7065884542983
			140.333620839696	-96.9489608564394
			140.091248437555	-97.1913332585805
			140.091248437555	-97.4337056607216
			140.091248437555	-97.6760780628627
			140.091248437555	-97.9184504650038
			139.848876035414	-98.1608228671449
			139.848876035414	-98.403195269286
			139.848876035414	-98.6455676714271
			139.848876035414	-98.8879400735682
			139.606503633273	-99.1303124757093
			139.606503633273	-99.3726848778504
			139.606503633273	-99.6150572799915
			139.364131231132	-99.8574296821326
			139.364131231132	-100.099802084274
			139.364131231132	-100.342174486415
			139.121758828991	-100.584546888556
			139.121758828991	-100.826919290697
			139.121758828991	-101.069291692838
			139.121758828991	-101.311664094979
			139.121758828991	-101.55403649712
			139.121758828991	-101.796408899261
			139.121758828991	-102.038781301403
			139.121758828991	-102.281153703544
			139.121758828991	-102.523526105685
			139.121758828991	-102.765898507826
			139.121758828991	-103.008270909967
			139.121758828991	-103.250643312108
			138.879386426849	-103.493015714249
			138.879386426849	-103.73538811639
			138.879386426849	-103.977760518531
			138.879386426849	-104.220132920672
			138.637014024708	-104.462505322813
			138.637014024708	-104.704877724955
			138.637014024708	-104.947250127096
			138.394641622567	-105.189622529237
			138.394641622567	-105.431994931378
			138.152269220426	-105.674367333519
			138.152269220426	-105.91673973566
			137.909896818285	-106.159112137801
			137.909896818285	-106.401484539942
			137.667524416144	-106.643856942083
			137.425152014003	-106.886229344224
			137.182779611862	-107.128601746366
			136.940407209721	-107.370974148507
			136.940407209721	-107.613346550648
			136.69803480758	-107.855718952789
			136.455662405439	-108.09809135493
			136.455662405439	-108.340463757071
			136.455662405439	-108.582836159212
			136.455662405439	-108.825208561353
			136.213290003297	-109.067580963494
			136.213290003297	-109.309953365635
			136.213290003297	-109.552325767777
			136.213290003297	-109.794698169918
			136.213290003297	-110.037070572059
			136.213290003297	-110.2794429742
			135.970917601156	-110.521815376341
			135.970917601156	-110.764187778482
			135.970917601156	-111.006560180623
			135.970917601156	-111.248932582764
			135.970917601156	-111.491304984905
			135.728545199015	-111.733677387046
			135.728545199015	-111.976049789188
			135.728545199015	-112.218422191329
			135.728545199015	-112.46079459347
			135.486172796874	-112.703166995611
			135.486172796874	-112.945539397752
			135.486172796874	-113.187911799893
			135.486172796874	-113.430284202034
			135.486172796874	-113.672656604175
			135.243800394733	-113.915029006316
			135.243800394733	-114.157401408457
			135.243800394733	-114.399773810599
			135.243800394733	-114.64214621274
			135.243800394733	-114.884518614881
			135.001427992592	-115.126891017022
			135.001427992592	-115.369263419163
			135.001427992592	-115.611635821304
			135.243800394733	-115.854008223445
			135.243800394733	-116.096380625586
			135.243800394733	-116.338753027727
			135.243800394733	-116.581125429868
			135.243800394733	-116.82349783201
			135.243800394733	-117.065870234151
			135.243800394733	-117.308242636292
			135.001427992592	-117.550615038433
			135.001427992592	-117.792987440574
			134.759055590451	-117.792987440574
			134.51668318831	-118.035359842715
			134.274310786169	-118.035359842715
			134.031938384028	-118.277732244856
			133.789565981886	-118.277732244856
			133.789565981886	-118.520104646997
			133.547193579745	-118.762477049138
			133.304821177604	-119.004849451279
			133.304821177604	-119.247221853421
			133.062448775463	-119.489594255562
			133.062448775463	-119.731966657703
			133.062448775463	-119.974339059844
			132.820076373322	-119.974339059844
			132.820076373322	-120.216711461985
			132.820076373322	-120.459083864126
			132.577703971181	-120.701456266267
			132.577703971181	-120.943828668408
			132.577703971181	-121.186201070549
			132.33533156904	-121.186201070549
			132.33533156904	-121.42857347269
			132.33533156904	-121.670945874831
			132.092959166899	-121.913318276973
			132.092959166899	-122.155690679114
			132.092959166899	-122.398063081255
			132.092959166899	-122.640435483396
			131.850586764758	-122.882807885537
			131.850586764758	-123.125180287678
			131.850586764758	-123.367552689819
			131.608214362617	-123.60992509196
			131.608214362617	-123.852297494101
			131.608214362617	-124.094669896242
			131.608214362617	-124.337042298384
			131.365841960475	-124.579414700525
			131.365841960475	-124.821787102666
			131.365841960475	-125.064159504807
			131.365841960475	-125.306531906948
			131.365841960475	-125.548904309089
			131.608214362617	-125.79127671123
			131.608214362617	-126.033649113371
			131.850586764758	-126.276021515512
			131.850586764758	-126.518393917653
			132.092959166899	-126.760766319795
		</Left_Side>
		<Left_Wing type=matrix rownames=FALSE colnames=FALSE nrow=90 ncol=2 as.numeric=TRUE >
			132.092959166899	-126.760766319795
			132.092959166899	-127.003138721936
			132.33533156904	-127.003138721936
			132.33533156904	-127.245511124077
			132.577703971181	-127.245511124077
			132.577703971181	-127.487883526218
			132.820076373322	-127.487883526218
			133.062448775463	-127.730255928359
			133.062448775463	-127.9726283305
			133.304821177604	-127.9726283305
			133.547193579745	-128.215000732641
			133.789565981886	-128.457373134782
			134.031938384028	-128.457373134782
			134.274310786169	-128.457373134782
			134.51668318831	-128.457373134782
			134.759055590451	-128.457373134782
			135.001427992592	-128.457373134782
			135.243800394733	-128.457373134782
			135.486172796874	-128.457373134782
			135.728545199015	-128.457373134782
			135.970917601156	-128.457373134782
			136.213290003297	-128.457373134782
			136.455662405439	-128.457373134782
			136.69803480758	-128.457373134782
			136.940407209721	-128.457373134782
			137.182779611862	-128.215000732641
			137.425152014003	-128.215000732641
			137.667524416144	-128.215000732641
			137.909896818285	-128.215000732641
			138.152269220426	-128.215000732641
			138.394641622567	-128.215000732641
			138.637014024708	-128.457373134782
			138.879386426849	-128.457373134782
			139.121758828991	-128.699745536923
			139.364131231132	-128.942117939064
			139.606503633273	-129.184490341206
			139.606503633273	-129.426862743347
			139.606503633273	-129.669235145488
			139.848876035414	-129.911607547629
			139.848876035414	-130.15397994977
			139.848876035414	-130.396352351911
			139.848876035414	-130.638724754052
			139.848876035414	-130.881097156193
			139.848876035414	-131.123469558334
			139.848876035414	-131.365841960475
			140.091248437555	-131.608214362617
			140.091248437555	-131.850586764758
			140.091248437555	-132.092959166899
			140.091248437555	-132.33533156904
			140.091248437555	-132.577703971181
			140.091248437555	-132.820076373322
			140.091248437555	-133.062448775463
			140.091248437555	-133.304821177604
			140.091248437555	-133.547193579745
			140.091248437555	-133.789565981886
			140.091248437555	-134.031938384028
			140.333620839696	-134.274310786169
			140.575993241837	-134.51668318831
			140.575993241837	-134.759055590451
			140.818365643978	-135.001427992592
			141.060738046119	-135.243800394733
			141.060738046119	-135.486172796874
			141.060738046119	-135.728545199015
			141.060738046119	-135.970917601156
			141.30311044826	-136.213290003297
			141.30311044826	-136.455662405439
			141.30311044826	-136.69803480758
			141.30311044826	-136.940407209721
			141.30311044826	-137.182779611862
			141.30311044826	-137.425152014003
			141.545482850402	-137.667524416144
			141.545482850402	-137.909896818285
			141.787855252543	-137.909896818285
			142.030227654684	-138.152269220426
			142.272600056825	-138.394641622567
			142.514972458966	-138.637014024708
			142.757344861107	-138.637014024708
			142.999717263248	-138.637014024708
			143.242089665389	-138.879386426849
			143.48446206753	-138.879386426849
			143.726834469671	-139.121758828991
			143.969206871813	-139.364131231132
			144.211579273954	-139.364131231132
			144.453951676095	-139.364131231132
			144.696324078236	-139.364131231132
			144.938696480377	-139.364131231132
			145.181068882518	-139.364131231132
			145.423441284659	-139.364131231132
			145.6658136868	-139.364131231132
			145.908186088941	-139.364131231132
		</Left_Wing>
		<Right_Wing type=matrix rownames=FALSE colnames=FALSE nrow=88 ncol=2 as.numeric=TRUE >
			145.908186088941	-139.364131231132
			146.150558491082	-139.364131231132
			146.392930893224	-139.364131231132
			146.635303295365	-139.364131231132
			146.877675697506	-139.364131231132
			147.120048099647	-139.364131231132
			147.362420501788	-139.364131231132
			147.604792903929	-139.121758828991
			147.84716530607	-139.121758828991
			148.089537708211	-139.121758828991
			148.331910110352	-138.879386426849
			148.574282512493	-138.879386426849
			148.816654914635	-138.879386426849
			148.816654914635	-138.637014024708
			149.059027316776	-138.637014024708
			149.059027316776	-138.394641622567
			149.059027316776	-138.152269220426
			149.301399718917	-137.909896818285
			149.543772121058	-137.667524416144
			149.543772121058	-137.425152014003
			149.786144523199	-137.182779611862
			150.02851692534	-136.940407209721
			149.786144523199	-136.69803480758
			149.786144523199	-136.455662405439
			149.786144523199	-136.213290003297
			149.786144523199	-135.970917601156
			149.786144523199	-135.728545199015
			149.786144523199	-135.486172796874
			150.02851692534	-135.243800394733
			150.270889327481	-135.001427992592
			150.270889327481	-134.759055590451
			150.270889327481	-134.51668318831
			150.270889327481	-134.274310786169
			150.270889327481	-134.031938384028
			150.513261729622	-133.789565981886
			150.513261729622	-133.547193579745
			150.513261729622	-133.304821177604
			150.270889327481	-133.062448775463
			150.270889327481	-132.820076373322
			150.02851692534	-132.577703971181
			150.02851692534	-132.33533156904
			149.786144523199	-132.092959166899
			149.786144523199	-131.850586764758
			149.786144523199	-131.608214362617
			149.786144523199	-131.365841960475
			149.786144523199	-131.123469558334
			149.786144523199	-130.881097156193
			150.02851692534	-130.881097156193
			150.02851692534	-130.638724754052
			150.270889327481	-130.638724754052
			150.270889327481	-130.396352351911
			150.513261729622	-130.15397994977
			150.513261729622	-129.911607547629
			150.513261729622	-129.669235145488
			150.513261729622	-129.426862743347
			150.513261729622	-129.184490341206
			150.513261729622	-128.942117939064
			150.513261729622	-128.699745536923
			150.755634131763	-128.457373134782
			150.755634131763	-128.215000732641
			150.998006533904	-127.9726283305
			150.998006533904	-127.730255928359
			151.240378936046	-127.487883526218
			151.482751338187	-127.487883526218
			151.725123740328	-127.487883526218
			151.967496142469	-127.487883526218
			152.20986854461	-127.487883526218
			152.452240946751	-127.487883526218
			152.694613348892	-127.487883526218
			152.936985751033	-127.245511124077
			153.179358153174	-127.003138721936
			153.421730555315	-127.003138721936
			153.664102957457	-126.760766319795
			153.906475359598	-126.760766319795
			154.148847761739	-126.760766319795
			154.39122016388	-126.760766319795
			154.633592566021	-126.760766319795
			154.875964968162	-126.760766319795
			155.118337370303	-126.760766319795
			155.360709772444	-126.760766319795
			155.360709772444	-126.518393917653
			155.603082174585	-126.276021515512
			155.603082174585	-126.033649113371
			155.845454576726	-125.79127671123
			156.087826978867	-125.79127671123
			156.330199381009	-125.548904309089
			156.57257178315	-125.548904309089
			156.814944185291	-125.306531906948
		</Right_Wing>
		<Right_Side type=matrix rownames=FALSE colnames=FALSE nrow=153 ncol=2 as.numeric=TRUE >
			156.814944185291	-125.306531906948
			156.814944185291	-125.064159504807
			156.814944185291	-124.821787102666
			156.57257178315	-124.579414700525
			156.57257178315	-124.337042298384
			156.57257178315	-124.094669896242
			156.57257178315	-123.852297494101
			156.330199381009	-123.60992509196
			156.330199381009	-123.367552689819
			156.330199381009	-123.125180287678
			156.330199381009	-122.882807885537
			156.330199381009	-122.640435483396
			156.330199381009	-122.398063081255
			156.330199381009	-122.155690679114
			156.330199381009	-121.913318276973
			156.330199381009	-121.670945874831
			156.330199381009	-121.42857347269
			156.087826978867	-121.186201070549
			156.087826978867	-120.943828668408
			155.845454576726	-120.701456266267
			155.603082174585	-120.459083864126
			155.360709772444	-120.216711461985
			155.118337370303	-119.974339059844
			155.118337370303	-119.731966657703
			154.875964968162	-119.489594255562
			154.875964968162	-119.247221853421
			154.875964968162	-119.004849451279
			154.633592566021	-119.004849451279
			154.633592566021	-118.762477049138
			154.633592566021	-118.520104646997
			154.633592566021	-118.277732244856
			154.633592566021	-118.035359842715
			154.633592566021	-117.792987440574
			154.633592566021	-117.550615038433
			154.633592566021	-117.308242636292
			154.633592566021	-117.065870234151
			154.633592566021	-116.82349783201
			154.39122016388	-116.581125429868
			154.39122016388	-116.338753027727
			154.148847761739	-116.096380625586
			153.906475359598	-116.096380625586
			153.664102957457	-115.854008223445
			153.421730555315	-115.854008223445
			153.179358153174	-115.611635821304
			152.936985751033	-115.611635821304
			152.694613348892	-115.369263419163
			152.452240946751	-115.126891017022
			152.20986854461	-114.884518614881
			152.20986854461	-114.64214621274
			152.20986854461	-114.399773810599
			151.967496142469	-114.157401408457
			151.967496142469	-113.915029006316
			151.967496142469	-113.672656604175
			152.20986854461	-113.430284202034
			152.20986854461	-113.187911799893
			152.20986854461	-112.945539397752
			152.20986854461	-112.703166995611
			152.452240946751	-112.46079459347
			152.20986854461	-112.218422191329
			151.967496142469	-111.976049789188
			151.725123740328	-111.976049789188
			151.482751338187	-111.976049789188
			151.240378936046	-111.733677387046
			150.998006533904	-111.491304984905
			150.755634131763	-111.248932582764
			150.513261729622	-111.006560180623
			150.513261729622	-110.764187778482
			150.270889327481	-110.521815376341
			150.02851692534	-110.2794429742
			150.02851692534	-110.037070572059
			150.02851692534	-109.794698169918
			150.02851692534	-109.552325767777
			149.786144523199	-109.309953365635
			149.786144523199	-109.067580963494
			149.786144523199	-108.825208561353
			149.786144523199	-108.582836159212
			149.786144523199	-108.340463757071
			149.543772121058	-108.09809135493
			149.543772121058	-107.855718952789
			149.543772121058	-107.613346550648
			149.543772121058	-107.370974148507
			149.543772121058	-107.128601746366
			149.543772121058	-106.886229344224
			149.543772121058	-106.643856942083
			149.543772121058	-106.401484539942
			149.543772121058	-106.159112137801
			149.301399718917	-105.91673973566
			149.301399718917	-105.674367333519
			149.059027316776	-105.431994931378
			149.059027316776	-105.189622529237
			149.059027316776	-104.947250127096
			149.059027316776	-104.704877724955
			149.059027316776	-104.462505322813
			149.059027316776	-104.220132920672
			149.059027316776	-103.977760518531
			149.059027316776	-103.73538811639
			149.059027316776	-103.493015714249
			149.059027316776	-103.250643312108
			149.059027316776	-103.008270909967
			149.059027316776	-102.765898507826
			149.059027316776	-102.523526105685
			149.059027316776	-102.281153703544
			149.059027316776	-102.038781301403
			149.059027316776	-101.796408899261
			148.816654914635	-101.55403649712
			148.816654914635	-101.311664094979
			148.816654914635	-101.069291692838
			148.574282512493	-100.826919290697
			148.574282512493	-100.584546888556
			148.574282512493	-100.342174486415
			148.574282512493	-100.099802084274
			148.331910110352	-99.8574296821326
			148.331910110352	-99.6150572799915
			148.331910110352	-99.3726848778504
			148.089537708211	-99.1303124757093
			148.089537708211	-98.8879400735682
			148.089537708211	-98.6455676714271
			148.089537708211	-98.403195269286
			147.84716530607	-98.1608228671449
			147.84716530607	-97.9184504650038
			147.84716530607	-97.6760780628627
			147.604792903929	-97.4337056607216
			147.604792903929	-97.1913332585805
			147.604792903929	-96.9489608564394
			147.362420501788	-96.7065884542983
			147.362420501788	-96.4642160521572
			147.120048099647	-96.2218436500161
			147.120048099647	-95.979471247875
			146.877675697506	-95.7370988457339
			146.877675697506	-95.4947264435928
			146.635303295365	-95.2523540414518
			146.635303295365	-95.0099816393107
			146.635303295365	-94.7676092371696
			146.392930893224	-94.5252368350285
			146.150558491082	-94.2828644328874
			146.150558491082	-94.0404920307463
			146.150558491082	-93.7981196286051
			145.908186088941	-93.555747226464
			145.908186088941	-93.313374824323
			145.908186088941	-93.0710024221819
			145.6658136868	-92.8286300200408
			145.6658136868	-92.5862576178997
			145.6658136868	-92.3438852157586
			145.423441284659	-92.1015128136175
			145.423441284659	-91.8591404114764
			145.423441284659	-91.6167680093353
			145.423441284659	-91.3743956071942
			145.181068882518	-91.1320232050531
			145.181068882518	-90.889650802912
			144.938696480377	-90.6472784007709
			144.938696480377	-90.4049059986298
			144.696324078236	-90.1625335964887
			144.453951676095	-90.1625335964887
		</Right_Side>
	</curves.scaled>
	<ruler.points type=matrix rownames=TRUE colnames=FALSE nrow=5 ncol=2 as.numeric=TRUE >
		Ruler point 1	112	614
		Ruler point 2	153	613
		Ruler point 3	194	613
		Ruler point 4	236	613
		Ruler point 5	277	613
	</ruler.points>
</shapes>

