<shapes type=list>
	<ruler.interval type=vector names=FALSE length=1 as.numeric=TRUE >10</ruler.interval>
	<scaling.units type=vector names=FALSE length=1 as.numeric=FALSE >mm</scaling.units>
	<scaling type=vector names=FALSE length=1 as.numeric=TRUE >0.3125</scaling>
	<landmarks.pixel type=matrix rownames=TRUE colnames=FALSE nrow=4 ncol=2 as.numeric=TRUE >
		Point_Tip	433	498
		Left_Tang_Center	373	718
		Base_Center	430	740
		Right_Tang_Center	487	712
	</landmarks.pixel>
	<landmarks.scaled type=matrix rownames=TRUE colnames=FALSE nrow=4 ncol=2 as.numeric=TRUE >
		Point_Tip	135.3125	-155.625
		Left_Tang_Center	116.5625	-224.375
		Base_Center	134.375	-231.25
		Right_Tang_Center	152.1875	-222.5
	</landmarks.scaled>
	<curves.control type=list>
		<Left_Side type=matrix rownames=FALSE colnames=FALSE nrow=33 ncol=2 as.numeric=TRUE >
			433	498
			428	498
			423	498
			423	501
			420	503
			420	506
			416	514
			417	517
			413	522
			414	525
			411	528
			413	535
			408	537
			409	540
			400	576
			400	589
			399	599
			396	602
			395	605
			394	611
			394	619
			392	625
			393	633
			385	643
			389	649
			385	652
			380	669
			375	693
			373	699
			375	702
			372	705
			371	713
			373	718
		</Left_Side>
		<Left_Wing type=matrix rownames=FALSE colnames=FALSE nrow=15 ncol=2 as.numeric=TRUE >
			373	718
			378	718
			384	711
			391	709
			401	700
			402	696
			407	692
			413	687
			414	695
			416	699
			416	707
			418	717
			421	729
			423	735
			430	740
		</Left_Wing>
		<Right_Wing type=matrix rownames=FALSE colnames=FALSE nrow=19 ncol=2 as.numeric=TRUE >
			430	740
			436	734
			440	726
			439	722
			442	722
			446	710
			448	693
			450	686
			455	692
			458	693
			460	696
			463	700
			466	702
			468	707
			476	710
			480	713
			484	716
			485	713
			487	712
		</Right_Wing>
		<Right_Side type=matrix rownames=FALSE colnames=FALSE nrow=51 ncol=2 as.numeric=TRUE >
			487	712
			490	709
			487	706
			486	695
			488	688
			485	686
			484	678
			481	667
			481	659
			478	655
			480	653
			480	649
			478	647
			478	633
			477	629
			474	627
			475	623
			469	619
			473	617
			472	611
			471	606
			469	603
			470	599
			468	597
			468	591
			461	589
			461	582
			462	578
			466	576
			461	572
			463	568
			461	566
			461	560
			457	558
			459	548
			456	546
			456	539
			454	537
			454	534
			454	530
			452	528
			452	524
			451	521
			448	514
			449	509
			446	507
			446	502
			442	501
			441	499
			437	498
			433	498
		</Right_Side>
	</curves.control>
	<curves.pixel type=list>
		<Left_Side type=matrix rownames=FALSE colnames=FALSE nrow=240 ncol=2 as.numeric=TRUE >
			433	498
			432	498
			431	498
			430	498
			429	498
			428	498
			427	498
			426	498
			425	498
			424	498
			423	498
			423	499
			423	500
			422	501
			422	502
			421	502
			420	503
			420	504
			420	505
			419	506
			419	507
			419	508
			418	509
			418	510
			418	511
			417	512
			417	513
			416	514
			416	515
			416	516
			416	517
			416	518
			415	519
			414	520
			413	521
			413	522
			413	523
			413	524
			413	525
			413	526
			412	527
			411	528
			411	529
			411	530
			412	531
			412	532
			411	533
			411	534
			410	535
			410	536
			409	537
			408	537
			408	538
			408	539
			408	540
			408	541
			408	542
			407	543
			407	544
			407	545
			407	546
			407	547
			407	548
			406	549
			406	550
			406	551
			406	552
			405	553
			405	554
			405	555
			405	556
			405	557
			404	558
			404	559
			404	560
			404	561
			403	562
			403	563
			403	564
			403	565
			403	566
			402	566
			402	567
			402	568
			402	569
			401	570
			401	571
			401	572
			401	573
			401	574
			400	575
			400	576
			400	577
			400	578
			400	579
			400	580
			400	581
			400	582
			400	583
			400	584
			400	585
			400	586
			400	587
			400	588
			400	589
			400	590
			400	591
			400	592
			399	593
			399	594
			399	595
			399	596
			399	597
			399	598
			399	599
			398	600
			398	601
			397	602
			396	603
			395	604
			395	605
			395	606
			395	607
			395	608
			394	609
			394	610
			394	611
			394	612
			394	613
			394	614
			394	615
			394	616
			394	617
			394	618
			394	619
			394	620
			393	621
			393	622
			393	623
			393	624
			393	625
			393	626
			393	627
			393	628
			393	629
			393	630
			393	631
			393	632
			393	633
			392	634
			392	635
			391	635
			391	636
			390	637
			390	638
			389	638
			389	639
			389	640
			388	641
			388	642
			388	643
			388	644
			388	645
			388	646
			388	647
			389	648
			389	649
			388	650
			387	651
			386	652
			386	653
			385	654
			385	655
			384	656
			384	657
			384	658
			383	659
			383	660
			382	661
			382	662
			382	663
			382	664
			381	664
			381	665
			381	666
			381	667
			380	667
			380	668
			380	669
			380	670
			380	671
			379	672
			379	673
			379	674
			379	675
			379	676
			378	677
			378	678
			378	679
			378	680
			377	681
			377	682
			377	683
			377	684
			377	685
			376	685
			376	686
			376	687
			376	688
			376	689
			375	690
			375	691
			375	692
			375	693
			374	694
			374	695
			374	696
			374	697
			373	698
			373	699
			373	700
			374	700
			374	701
			374	702
			373	703
			373	704
			372	705
			372	706
			372	707
			372	708
			372	709
			372	710
			372	711
			372	712
			372	713
			372	714
			372	715
			372	716
			373	717
			373	718
		</Left_Side>
		<Left_Wing type=matrix rownames=FALSE colnames=FALSE nrow=98 ncol=2 as.numeric=TRUE >
			373	718
			374	718
			375	718
			376	717
			377	717
			378	716
			379	716
			380	715
			381	714
			382	713
			383	712
			384	711
			385	711
			386	710
			387	710
			388	709
			389	709
			390	709
			390	708
			391	708
			392	707
			393	707
			394	706
			395	705
			396	704
			397	703
			398	703
			399	702
			399	701
			400	701
			401	700
			401	699
			402	698
			402	697
			403	696
			404	695
			405	694
			406	693
			406	692
			407	692
			408	691
			409	691
			410	690
			411	690
			412	690
			413	691
			413	692
			414	693
			414	694
			414	695
			414	696
			415	696
			415	697
			415	698
			415	699
			416	700
			416	701
			416	702
			416	703
			416	704
			416	705
			416	706
			416	707
			416	708
			416	709
			417	710
			417	711
			417	712
			417	713
			417	714
			418	714
			418	715
			418	716
			418	717
			418	718
			419	719
			419	720
			419	721
			419	722
			420	723
			420	724
			420	725
			420	726
			421	727
			421	728
			421	729
			421	730
			422	731
			422	732
			423	733
			423	734
			424	735
			425	736
			426	737
			427	737
			428	738
			429	739
			430	740
		</Left_Wing>
		<Right_Wing type=matrix rownames=FALSE colnames=FALSE nrow=103 ncol=2 as.numeric=TRUE >
			430	740
			431	739
			432	738
			433	737
			434	736
			435	735
			435	734
			436	733
			436	732
			437	732
			437	731
			438	730
			438	729
			439	729
			439	728
			439	727
			440	726
			440	725
			440	724
			440	723
			441	722
			442	722
			442	721
			443	720
			443	719
			443	718
			444	717
			444	716
			444	715
			444	714
			445	713
			445	712
			445	711
			445	710
			445	709
			446	709
			446	708
			446	707
			446	706
			446	705
			446	704
			447	703
			447	702
			447	701
			447	700
			447	699
			447	698
			448	697
			448	696
			448	695
			448	694
			448	693
			448	692
			449	691
			449	690
			450	690
			451	689
			452	689
			453	690
			454	691
			455	692
			456	692
			456	693
			457	693
			458	694
			459	694
			460	695
			460	696
			461	697
			461	698
			462	699
			463	699
			463	700
			464	701
			465	701
			465	702
			466	702
			467	703
			467	704
			468	705
			469	706
			470	707
			471	707
			472	708
			473	709
			474	709
			475	710
			476	710
			477	710
			477	711
			478	712
			479	712
			480	713
			481	714
			482	715
			483	715
			484	716
			484	715
			485	715
			485	714
			486	713
			486	712
			487	712
		</Right_Wing>
		<Right_Side type=matrix rownames=FALSE colnames=FALSE nrow=234 ncol=2 as.numeric=TRUE >
			487	712
			488	711
			488	710
			488	709
			488	708
			488	707
			487	706
			487	705
			487	704
			487	703
			487	702
			487	701
			487	700
			487	699
			487	698
			487	697
			487	696
			487	695
			487	694
			487	693
			487	692
			487	691
			487	690
			488	690
			488	689
			488	688
			487	688
			487	687
			486	686
			486	685
			485	684
			485	683
			485	682
			484	681
			484	680
			484	679
			484	678
			484	677
			483	676
			483	675
			483	674
			483	673
			483	672
			482	671
			482	670
			482	669
			482	668
			482	667
			482	666
			481	666
			481	665
			481	664
			481	663
			481	662
			481	661
			481	660
			481	659
			480	658
			480	657
			479	656
			479	655
			479	654
			480	653
			480	652
			480	651
			480	650
			479	649
			479	648
			478	647
			478	646
			478	645
			478	644
			478	643
			478	642
			478	641
			478	640
			478	639
			478	638
			478	637
			478	636
			478	635
			478	634
			478	633
			477	632
			477	631
			477	630
			477	629
			476	628
			475	627
			475	626
			475	625
			475	624
			475	623
			474	622
			473	622
			473	621
			472	621
			472	620
			471	619
			471	618
			472	618
			473	617
			473	616
			473	615
			472	614
			472	613
			472	612
			472	611
			472	610
			472	609
			471	608
			471	607
			471	606
			471	605
			470	604
			470	603
			470	602
			470	601
			470	600
			470	599
			469	598
			469	597
			469	596
			468	595
			468	594
			468	593
			468	592
			468	591
			467	591
			466	590
			465	590
			464	589
			463	588
			462	587
			462	586
			461	585
			461	584
			461	583
			461	582
			461	581
			462	580
			462	579
			463	578
			464	577
			465	576
			465	575
			464	574
			463	573
			463	572
			463	571
			462	570
			462	569
			463	569
			463	568
			462	567
			462	566
			461	565
			461	564
			461	563
			461	562
			461	561
			460	560
			459	559
			459	558
			459	557
			458	556
			458	555
			458	554
			458	553
			458	552
			459	551
			459	550
			459	549
			459	548
			458	547
			458	546
			457	545
			456	544
			456	543
			456	542
			456	541
			456	540
			456	539
			455	538
			455	537
			454	536
			454	535
			454	534
			454	533
			454	532
			454	531
			453	530
			453	529
			452	529
			452	528
			452	527
			452	526
			452	525
			452	524
			452	523
			451	522
			451	521
			451	520
			450	519
			450	518
			450	517
			449	516
			449	515
			449	514
			449	513
			449	512
			449	511
			449	510
			449	509
			448	508
			447	507
			447	506
			446	505
			446	504
			446	503
			446	502
			445	502
			444	501
			443	501
			442	500
			441	499
			440	499
			439	499
			438	498
			437	498
			436	498
			435	498
			434	498
			433	498
		</Right_Side>
	</curves.pixel>
	<curves.scaled type=list>
		<Left_Side type=matrix rownames=FALSE colnames=FALSE nrow=240 ncol=2 as.numeric=TRUE >
			135.3125	-155.625
			135	-155.625
			134.6875	-155.625
			134.375	-155.625
			134.0625	-155.625
			133.75	-155.625
			133.4375	-155.625
			133.125	-155.625
			132.8125	-155.625
			132.5	-155.625
			132.1875	-155.625
			132.1875	-155.9375
			132.1875	-156.25
			131.875	-156.5625
			131.875	-156.875
			131.5625	-156.875
			131.25	-157.1875
			131.25	-157.5
			131.25	-157.8125
			130.9375	-158.125
			130.9375	-158.4375
			130.9375	-158.75
			130.625	-159.0625
			130.625	-159.375
			130.625	-159.6875
			130.3125	-160
			130.3125	-160.3125
			130	-160.625
			130	-160.9375
			130	-161.25
			130	-161.5625
			130	-161.875
			129.6875	-162.1875
			129.375	-162.5
			129.0625	-162.8125
			129.0625	-163.125
			129.0625	-163.4375
			129.0625	-163.75
			129.0625	-164.0625
			129.0625	-164.375
			128.75	-164.6875
			128.4375	-165
			128.4375	-165.3125
			128.4375	-165.625
			128.75	-165.9375
			128.75	-166.25
			128.4375	-166.5625
			128.4375	-166.875
			128.125	-167.1875
			128.125	-167.5
			127.8125	-167.8125
			127.5	-167.8125
			127.5	-168.125
			127.5	-168.4375
			127.5	-168.75
			127.5	-169.0625
			127.5	-169.375
			127.1875	-169.6875
			127.1875	-170
			127.1875	-170.3125
			127.1875	-170.625
			127.1875	-170.9375
			127.1875	-171.25
			126.875	-171.5625
			126.875	-171.875
			126.875	-172.1875
			126.875	-172.5
			126.5625	-172.8125
			126.5625	-173.125
			126.5625	-173.4375
			126.5625	-173.75
			126.5625	-174.0625
			126.25	-174.375
			126.25	-174.6875
			126.25	-175
			126.25	-175.3125
			125.9375	-175.625
			125.9375	-175.9375
			125.9375	-176.25
			125.9375	-176.5625
			125.9375	-176.875
			125.625	-176.875
			125.625	-177.1875
			125.625	-177.5
			125.625	-177.8125
			125.3125	-178.125
			125.3125	-178.4375
			125.3125	-178.75
			125.3125	-179.0625
			125.3125	-179.375
			125	-179.6875
			125	-180
			125	-180.3125
			125	-180.625
			125	-180.9375
			125	-181.25
			125	-181.5625
			125	-181.875
			125	-182.1875
			125	-182.5
			125	-182.8125
			125	-183.125
			125	-183.4375
			125	-183.75
			125	-184.0625
			125	-184.375
			125	-184.6875
			125	-185
			124.6875	-185.3125
			124.6875	-185.625
			124.6875	-185.9375
			124.6875	-186.25
			124.6875	-186.5625
			124.6875	-186.875
			124.6875	-187.1875
			124.375	-187.5
			124.375	-187.8125
			124.0625	-188.125
			123.75	-188.4375
			123.4375	-188.75
			123.4375	-189.0625
			123.4375	-189.375
			123.4375	-189.6875
			123.4375	-190
			123.125	-190.3125
			123.125	-190.625
			123.125	-190.9375
			123.125	-191.25
			123.125	-191.5625
			123.125	-191.875
			123.125	-192.1875
			123.125	-192.5
			123.125	-192.8125
			123.125	-193.125
			123.125	-193.4375
			123.125	-193.75
			122.8125	-194.0625
			122.8125	-194.375
			122.8125	-194.6875
			122.8125	-195
			122.8125	-195.3125
			122.8125	-195.625
			122.8125	-195.9375
			122.8125	-196.25
			122.8125	-196.5625
			122.8125	-196.875
			122.8125	-197.1875
			122.8125	-197.5
			122.8125	-197.8125
			122.5	-198.125
			122.5	-198.4375
			122.1875	-198.4375
			122.1875	-198.75
			121.875	-199.0625
			121.875	-199.375
			121.5625	-199.375
			121.5625	-199.6875
			121.5625	-200
			121.25	-200.3125
			121.25	-200.625
			121.25	-200.9375
			121.25	-201.25
			121.25	-201.5625
			121.25	-201.875
			121.25	-202.1875
			121.5625	-202.5
			121.5625	-202.8125
			121.25	-203.125
			120.9375	-203.4375
			120.625	-203.75
			120.625	-204.0625
			120.3125	-204.375
			120.3125	-204.6875
			120	-205
			120	-205.3125
			120	-205.625
			119.6875	-205.9375
			119.6875	-206.25
			119.375	-206.5625
			119.375	-206.875
			119.375	-207.1875
			119.375	-207.5
			119.0625	-207.5
			119.0625	-207.8125
			119.0625	-208.125
			119.0625	-208.4375
			118.75	-208.4375
			118.75	-208.75
			118.75	-209.0625
			118.75	-209.375
			118.75	-209.6875
			118.4375	-210
			118.4375	-210.3125
			118.4375	-210.625
			118.4375	-210.9375
			118.4375	-211.25
			118.125	-211.5625
			118.125	-211.875
			118.125	-212.1875
			118.125	-212.5
			117.8125	-212.8125
			117.8125	-213.125
			117.8125	-213.4375
			117.8125	-213.75
			117.8125	-214.0625
			117.5	-214.0625
			117.5	-214.375
			117.5	-214.6875
			117.5	-215
			117.5	-215.3125
			117.1875	-215.625
			117.1875	-215.9375
			117.1875	-216.25
			117.1875	-216.5625
			116.875	-216.875
			116.875	-217.1875
			116.875	-217.5
			116.875	-217.8125
			116.5625	-218.125
			116.5625	-218.4375
			116.5625	-218.75
			116.875	-218.75
			116.875	-219.0625
			116.875	-219.375
			116.5625	-219.6875
			116.5625	-220
			116.25	-220.3125
			116.25	-220.625
			116.25	-220.9375
			116.25	-221.25
			116.25	-221.5625
			116.25	-221.875
			116.25	-222.1875
			116.25	-222.5
			116.25	-222.8125
			116.25	-223.125
			116.25	-223.4375
			116.25	-223.75
			116.5625	-224.0625
			116.5625	-224.375
		</Left_Side>
		<Left_Wing type=matrix rownames=FALSE colnames=FALSE nrow=98 ncol=2 as.numeric=TRUE >
			116.5625	-224.375
			116.875	-224.375
			117.1875	-224.375
			117.5	-224.0625
			117.8125	-224.0625
			118.125	-223.75
			118.4375	-223.75
			118.75	-223.4375
			119.0625	-223.125
			119.375	-222.8125
			119.6875	-222.5
			120	-222.1875
			120.3125	-222.1875
			120.625	-221.875
			120.9375	-221.875
			121.25	-221.5625
			121.5625	-221.5625
			121.875	-221.5625
			121.875	-221.25
			122.1875	-221.25
			122.5	-220.9375
			122.8125	-220.9375
			123.125	-220.625
			123.4375	-220.3125
			123.75	-220
			124.0625	-219.6875
			124.375	-219.6875
			124.6875	-219.375
			124.6875	-219.0625
			125	-219.0625
			125.3125	-218.75
			125.3125	-218.4375
			125.625	-218.125
			125.625	-217.8125
			125.9375	-217.5
			126.25	-217.1875
			126.5625	-216.875
			126.875	-216.5625
			126.875	-216.25
			127.1875	-216.25
			127.5	-215.9375
			127.8125	-215.9375
			128.125	-215.625
			128.4375	-215.625
			128.75	-215.625
			129.0625	-215.9375
			129.0625	-216.25
			129.375	-216.5625
			129.375	-216.875
			129.375	-217.1875
			129.375	-217.5
			129.6875	-217.5
			129.6875	-217.8125
			129.6875	-218.125
			129.6875	-218.4375
			130	-218.75
			130	-219.0625
			130	-219.375
			130	-219.6875
			130	-220
			130	-220.3125
			130	-220.625
			130	-220.9375
			130	-221.25
			130	-221.5625
			130.3125	-221.875
			130.3125	-222.1875
			130.3125	-222.5
			130.3125	-222.8125
			130.3125	-223.125
			130.625	-223.125
			130.625	-223.4375
			130.625	-223.75
			130.625	-224.0625
			130.625	-224.375
			130.9375	-224.6875
			130.9375	-225
			130.9375	-225.3125
			130.9375	-225.625
			131.25	-225.9375
			131.25	-226.25
			131.25	-226.5625
			131.25	-226.875
			131.5625	-227.1875
			131.5625	-227.5
			131.5625	-227.8125
			131.5625	-228.125
			131.875	-228.4375
			131.875	-228.75
			132.1875	-229.0625
			132.1875	-229.375
			132.5	-229.6875
			132.8125	-230
			133.125	-230.3125
			133.4375	-230.3125
			133.75	-230.625
			134.0625	-230.9375
			134.375	-231.25
		</Left_Wing>
		<Right_Wing type=matrix rownames=FALSE colnames=FALSE nrow=103 ncol=2 as.numeric=TRUE >
			134.375	-231.25
			134.6875	-230.9375
			135	-230.625
			135.3125	-230.3125
			135.625	-230
			135.9375	-229.6875
			135.9375	-229.375
			136.25	-229.0625
			136.25	-228.75
			136.5625	-228.75
			136.5625	-228.4375
			136.875	-228.125
			136.875	-227.8125
			137.1875	-227.8125
			137.1875	-227.5
			137.1875	-227.1875
			137.5	-226.875
			137.5	-226.5625
			137.5	-226.25
			137.5	-225.9375
			137.8125	-225.625
			138.125	-225.625
			138.125	-225.3125
			138.4375	-225
			138.4375	-224.6875
			138.4375	-224.375
			138.75	-224.0625
			138.75	-223.75
			138.75	-223.4375
			138.75	-223.125
			139.0625	-222.8125
			139.0625	-222.5
			139.0625	-222.1875
			139.0625	-221.875
			139.0625	-221.5625
			139.375	-221.5625
			139.375	-221.25
			139.375	-220.9375
			139.375	-220.625
			139.375	-220.3125
			139.375	-220
			139.6875	-219.6875
			139.6875	-219.375
			139.6875	-219.0625
			139.6875	-218.75
			139.6875	-218.4375
			139.6875	-218.125
			140	-217.8125
			140	-217.5
			140	-217.1875
			140	-216.875
			140	-216.5625
			140	-216.25
			140.3125	-215.9375
			140.3125	-215.625
			140.625	-215.625
			140.9375	-215.3125
			141.25	-215.3125
			141.5625	-215.625
			141.875	-215.9375
			142.1875	-216.25
			142.5	-216.25
			142.5	-216.5625
			142.8125	-216.5625
			143.125	-216.875
			143.4375	-216.875
			143.75	-217.1875
			143.75	-217.5
			144.0625	-217.8125
			144.0625	-218.125
			144.375	-218.4375
			144.6875	-218.4375
			144.6875	-218.75
			145	-219.0625
			145.3125	-219.0625
			145.3125	-219.375
			145.625	-219.375
			145.9375	-219.6875
			145.9375	-220
			146.25	-220.3125
			146.5625	-220.625
			146.875	-220.9375
			147.1875	-220.9375
			147.5	-221.25
			147.8125	-221.5625
			148.125	-221.5625
			148.4375	-221.875
			148.75	-221.875
			149.0625	-221.875
			149.0625	-222.1875
			149.375	-222.5
			149.6875	-222.5
			150	-222.8125
			150.3125	-223.125
			150.625	-223.4375
			150.9375	-223.4375
			151.25	-223.75
			151.25	-223.4375
			151.5625	-223.4375
			151.5625	-223.125
			151.875	-222.8125
			151.875	-222.5
			152.1875	-222.5
		</Right_Wing>
		<Right_Side type=matrix rownames=FALSE colnames=FALSE nrow=234 ncol=2 as.numeric=TRUE >
			152.1875	-222.5
			152.5	-222.1875
			152.5	-221.875
			152.5	-221.5625
			152.5	-221.25
			152.5	-220.9375
			152.1875	-220.625
			152.1875	-220.3125
			152.1875	-220
			152.1875	-219.6875
			152.1875	-219.375
			152.1875	-219.0625
			152.1875	-218.75
			152.1875	-218.4375
			152.1875	-218.125
			152.1875	-217.8125
			152.1875	-217.5
			152.1875	-217.1875
			152.1875	-216.875
			152.1875	-216.5625
			152.1875	-216.25
			152.1875	-215.9375
			152.1875	-215.625
			152.5	-215.625
			152.5	-215.3125
			152.5	-215
			152.1875	-215
			152.1875	-214.6875
			151.875	-214.375
			151.875	-214.0625
			151.5625	-213.75
			151.5625	-213.4375
			151.5625	-213.125
			151.25	-212.8125
			151.25	-212.5
			151.25	-212.1875
			151.25	-211.875
			151.25	-211.5625
			150.9375	-211.25
			150.9375	-210.9375
			150.9375	-210.625
			150.9375	-210.3125
			150.9375	-210
			150.625	-209.6875
			150.625	-209.375
			150.625	-209.0625
			150.625	-208.75
			150.625	-208.4375
			150.625	-208.125
			150.3125	-208.125
			150.3125	-207.8125
			150.3125	-207.5
			150.3125	-207.1875
			150.3125	-206.875
			150.3125	-206.5625
			150.3125	-206.25
			150.3125	-205.9375
			150	-205.625
			150	-205.3125
			149.6875	-205
			149.6875	-204.6875
			149.6875	-204.375
			150	-204.0625
			150	-203.75
			150	-203.4375
			150	-203.125
			149.6875	-202.8125
			149.6875	-202.5
			149.375	-202.1875
			149.375	-201.875
			149.375	-201.5625
			149.375	-201.25
			149.375	-200.9375
			149.375	-200.625
			149.375	-200.3125
			149.375	-200
			149.375	-199.6875
			149.375	-199.375
			149.375	-199.0625
			149.375	-198.75
			149.375	-198.4375
			149.375	-198.125
			149.375	-197.8125
			149.0625	-197.5
			149.0625	-197.1875
			149.0625	-196.875
			149.0625	-196.5625
			148.75	-196.25
			148.4375	-195.9375
			148.4375	-195.625
			148.4375	-195.3125
			148.4375	-195
			148.4375	-194.6875
			148.125	-194.375
			147.8125	-194.375
			147.8125	-194.0625
			147.5	-194.0625
			147.5	-193.75
			147.1875	-193.4375
			147.1875	-193.125
			147.5	-193.125
			147.8125	-192.8125
			147.8125	-192.5
			147.8125	-192.1875
			147.5	-191.875
			147.5	-191.5625
			147.5	-191.25
			147.5	-190.9375
			147.5	-190.625
			147.5	-190.3125
			147.1875	-190
			147.1875	-189.6875
			147.1875	-189.375
			147.1875	-189.0625
			146.875	-188.75
			146.875	-188.4375
			146.875	-188.125
			146.875	-187.8125
			146.875	-187.5
			146.875	-187.1875
			146.5625	-186.875
			146.5625	-186.5625
			146.5625	-186.25
			146.25	-185.9375
			146.25	-185.625
			146.25	-185.3125
			146.25	-185
			146.25	-184.6875
			145.9375	-184.6875
			145.625	-184.375
			145.3125	-184.375
			145	-184.0625
			144.6875	-183.75
			144.375	-183.4375
			144.375	-183.125
			144.0625	-182.8125
			144.0625	-182.5
			144.0625	-182.1875
			144.0625	-181.875
			144.0625	-181.5625
			144.375	-181.25
			144.375	-180.9375
			144.6875	-180.625
			145	-180.3125
			145.3125	-180
			145.3125	-179.6875
			145	-179.375
			144.6875	-179.0625
			144.6875	-178.75
			144.6875	-178.4375
			144.375	-178.125
			144.375	-177.8125
			144.6875	-177.8125
			144.6875	-177.5
			144.375	-177.1875
			144.375	-176.875
			144.0625	-176.5625
			144.0625	-176.25
			144.0625	-175.9375
			144.0625	-175.625
			144.0625	-175.3125
			143.75	-175
			143.4375	-174.6875
			143.4375	-174.375
			143.4375	-174.0625
			143.125	-173.75
			143.125	-173.4375
			143.125	-173.125
			143.125	-172.8125
			143.125	-172.5
			143.4375	-172.1875
			143.4375	-171.875
			143.4375	-171.5625
			143.4375	-171.25
			143.125	-170.9375
			143.125	-170.625
			142.8125	-170.3125
			142.5	-170
			142.5	-169.6875
			142.5	-169.375
			142.5	-169.0625
			142.5	-168.75
			142.5	-168.4375
			142.1875	-168.125
			142.1875	-167.8125
			141.875	-167.5
			141.875	-167.1875
			141.875	-166.875
			141.875	-166.5625
			141.875	-166.25
			141.875	-165.9375
			141.5625	-165.625
			141.5625	-165.3125
			141.25	-165.3125
			141.25	-165
			141.25	-164.6875
			141.25	-164.375
			141.25	-164.0625
			141.25	-163.75
			141.25	-163.4375
			140.9375	-163.125
			140.9375	-162.8125
			140.9375	-162.5
			140.625	-162.1875
			140.625	-161.875
			140.625	-161.5625
			140.3125	-161.25
			140.3125	-160.9375
			140.3125	-160.625
			140.3125	-160.3125
			140.3125	-160
			140.3125	-159.6875
			140.3125	-159.375
			140.3125	-159.0625
			140	-158.75
			139.6875	-158.4375
			139.6875	-158.125
			139.375	-157.8125
			139.375	-157.5
			139.375	-157.1875
			139.375	-156.875
			139.0625	-156.875
			138.75	-156.5625
			138.4375	-156.5625
			138.125	-156.25
			137.8125	-155.9375
			137.5	-155.9375
			137.1875	-155.9375
			136.875	-155.625
			136.5625	-155.625
			136.25	-155.625
			135.9375	-155.625
			135.625	-155.625
			135.3125	-155.625
		</Right_Side>
	</curves.scaled>
	<ruler.points type=matrix rownames=TRUE colnames=FALSE nrow=3 ncol=2 as.numeric=TRUE >
		Ruler point 1	365	473
		Ruler point 2	397	473
		Ruler point 3	429	473
	</ruler.points>
</shapes>

