<shapes type=list>
	<ruler.pixel type=vector names=FALSE length=1 as.numeric=TRUE >30.8009497199341</ruler.pixel>
	<ruler.interval type=vector names=FALSE length=1 as.numeric=TRUE >10</ruler.interval>
	<scaling.units type=vector names=FALSE length=1 as.numeric=FALSE >mm</scaling.units>
	<scaling type=vector names=FALSE length=1 as.numeric=TRUE >0.324665313599992</scaling>
	<landmarks.pixel type=matrix rownames=TRUE colnames=FALSE nrow=4 ncol=2 as.numeric=TRUE >
		Point_Tip	368	249
		Left_Tang_Center	343	303
		Base_Center	368	319
		Right_Tang_Center	389	299
	</landmarks.pixel>
	<landmarks.scaled type=matrix rownames=TRUE colnames=FALSE nrow=4 ncol=2 as.numeric=TRUE >
		Point_Tip	119.476835404797	-80.841663086398
		Left_Tang_Center	111.360202564797	-98.3735900207975
		Base_Center	119.476835404797	-103.568235038397
		Right_Tang_Center	126.294806990397	-97.0749287663975
	</landmarks.scaled>
	<curves.control type=list>
		<Left_Side type=matrix rownames=FALSE colnames=FALSE nrow=7 ncol=2 as.numeric=TRUE >
			368	249
			365	251
			362	254
			361	258
			358	261
			345	278
			343	303
		</Left_Side>
		<Left_Wing type=matrix rownames=FALSE colnames=FALSE nrow=7 ncol=2 as.numeric=TRUE >
			343	303
			351	302
			355	305
			359	312
			360	315
			361	320
			368	319
		</Left_Wing>
		<Right_Wing type=matrix rownames=FALSE colnames=FALSE nrow=9 ncol=2 as.numeric=TRUE >
			368	319
			373	320
			374	317
			377	314
			377	312
			376	303
			381	301
			385	299
			389	299
		</Right_Wing>
		<Right_Side type=matrix rownames=FALSE colnames=FALSE nrow=9 ncol=2 as.numeric=TRUE >
			389	299
			390	295
			388	290
			380	272
			379	266
			377	264
			371	253
			370	250
			368	249
		</Right_Side>
	</curves.control>
	<curves.pixel type=list>
		<Left_Side type=matrix rownames=FALSE colnames=FALSE nrow=58 ncol=2 as.numeric=TRUE >
			368	249
			367	249
			367	250
			366	250
			366	251
			365	251
			364	252
			363	253
			362	254
			362	255
			361	256
			361	257
			360	258
			360	259
			359	260
			358	261
			357	262
			356	263
			356	264
			355	265
			354	266
			354	267
			353	268
			353	269
			352	270
			352	271
			351	272
			351	273
			350	274
			350	275
			349	276
			349	277
			349	278
			348	279
			348	280
			347	281
			347	282
			347	283
			346	284
			346	285
			346	286
			346	287
			345	288
			345	289
			345	290
			345	291
			344	292
			344	293
			344	294
			344	295
			344	296
			344	297
			344	298
			343	299
			343	300
			343	301
			343	302
			343	303
		</Left_Side>
		<Left_Wing type=matrix rownames=FALSE colnames=FALSE nrow=32 ncol=2 as.numeric=TRUE >
			343	303
			344	303
			345	303
			346	303
			347	303
			348	303
			349	303
			350	303
			351	303
			352	303
			353	304
			354	305
			355	306
			356	307
			357	308
			357	309
			358	310
			358	311
			359	312
			359	313
			360	314
			360	315
			360	316
			361	317
			361	318
			362	318
			363	319
			364	319
			365	319
			366	319
			367	319
			368	319
		</Left_Wing>
		<Right_Wing type=matrix rownames=FALSE colnames=FALSE nrow=34 ncol=2 as.numeric=TRUE >
			368	319
			369	319
			370	319
			371	319
			372	319
			373	319
			373	318
			374	318
			374	317
			375	316
			376	315
			377	314
			377	313
			377	312
			377	311
			377	310
			377	309
			377	308
			377	307
			377	306
			377	305
			378	304
			378	303
			379	302
			380	302
			381	301
			382	301
			383	300
			384	300
			385	299
			386	299
			387	299
			388	299
			389	299
		</Right_Wing>
		<Right_Side type=matrix rownames=FALSE colnames=FALSE nrow=57 ncol=2 as.numeric=TRUE >
			389	299
			389	298
			389	297
			389	296
			389	295
			389	294
			389	293
			389	292
			389	291
			388	291
			388	290
			388	289
			387	288
			387	287
			386	286
			386	285
			385	284
			385	283
			385	282
			384	281
			384	280
			383	279
			383	278
			382	277
			382	276
			382	275
			381	274
			381	273
			381	272
			380	271
			380	270
			380	269
			380	268
			379	268
			379	267
			379	266
			378	265
			377	264
			377	263
			376	262
			376	261
			375	260
			374	259
			374	258
			373	257
			373	256
			372	255
			372	254
			371	254
			371	253
			371	252
			370	252
			370	251
			370	250
			369	250
			369	249
			368	249
		</Right_Side>
	</curves.pixel>
	<curves.scaled type=list>
		<Left_Side type=matrix rownames=FALSE colnames=FALSE nrow=58 ncol=2 as.numeric=TRUE >
			119.476835404797	-80.841663086398
			119.152170091197	-80.841663086398
			119.152170091197	-81.166328399998
			118.827504777597	-81.166328399998
			118.827504777597	-81.4909937135979
			118.502839463997	-81.4909937135979
			118.178174150397	-81.8156590271979
			117.853508836797	-82.1403243407979
			117.528843523197	-82.4649896543979
			117.528843523197	-82.7896549679979
			117.204178209597	-83.1143202815979
			117.204178209597	-83.4389855951979
			116.879512895997	-83.7636509087979
			116.879512895997	-84.0883162223979
			116.554847582397	-84.4129815359979
			116.230182268797	-84.7376468495979
			115.905516955197	-85.0623121631978
			115.580851641597	-85.3869774767978
			115.580851641597	-85.7116427903978
			115.256186327997	-86.0363081039978
			114.931521014397	-86.3609734175978
			114.931521014397	-86.6856387311978
			114.606855700797	-87.0103040447978
			114.606855700797	-87.3349693583978
			114.282190387197	-87.6596346719978
			114.282190387197	-87.9842999855978
			113.957525073597	-88.3089652991978
			113.957525073597	-88.6336306127978
			113.632859759997	-88.9582959263978
			113.632859759997	-89.2829612399977
			113.308194446397	-89.6076265535977
			113.308194446397	-89.9322918671977
			113.308194446397	-90.2569571807977
			112.983529132797	-90.5816224943977
			112.983529132797	-90.9062878079977
			112.658863819197	-91.2309531215977
			112.658863819197	-91.5556184351977
			112.658863819197	-91.8802837487977
			112.334198505597	-92.2049490623977
			112.334198505597	-92.5296143759977
			112.334198505597	-92.8542796895976
			112.334198505597	-93.1789450031976
			112.009533191997	-93.5036103167976
			112.009533191997	-93.8282756303976
			112.009533191997	-94.1529409439976
			112.009533191997	-94.4776062575976
			111.684867878397	-94.8022715711976
			111.684867878397	-95.1269368847976
			111.684867878397	-95.4516021983976
			111.684867878397	-95.7762675119976
			111.684867878397	-96.1009328255976
			111.684867878397	-96.4255981391976
			111.684867878397	-96.7502634527976
			111.360202564797	-97.0749287663975
			111.360202564797	-97.3995940799975
			111.360202564797	-97.7242593935975
			111.360202564797	-98.0489247071975
			111.360202564797	-98.3735900207975
		</Left_Side>
		<Left_Wing type=matrix rownames=FALSE colnames=FALSE nrow=32 ncol=2 as.numeric=TRUE >
			111.360202564797	-98.3735900207975
			111.684867878397	-98.3735900207975
			112.009533191997	-98.3735900207975
			112.334198505597	-98.3735900207975
			112.658863819197	-98.3735900207975
			112.983529132797	-98.3735900207975
			113.308194446397	-98.3735900207975
			113.632859759997	-98.3735900207975
			113.957525073597	-98.3735900207975
			114.282190387197	-98.3735900207975
			114.606855700797	-98.6982553343975
			114.931521014397	-99.0229206479975
			115.256186327997	-99.3475859615975
			115.580851641597	-99.6722512751975
			115.905516955197	-99.9969165887975
			115.905516955197	-100.321581902397
			116.230182268797	-100.646247215997
			116.230182268797	-100.970912529597
			116.554847582397	-101.295577843197
			116.554847582397	-101.620243156797
			116.879512895997	-101.944908470397
			116.879512895997	-102.269573783997
			116.879512895997	-102.594239097597
			117.204178209597	-102.918904411197
			117.204178209597	-103.243569724797
			117.528843523197	-103.243569724797
			117.853508836797	-103.568235038397
			118.178174150397	-103.568235038397
			118.502839463997	-103.568235038397
			118.827504777597	-103.568235038397
			119.152170091197	-103.568235038397
			119.476835404797	-103.568235038397
		</Left_Wing>
		<Right_Wing type=matrix rownames=FALSE colnames=FALSE nrow=34 ncol=2 as.numeric=TRUE >
			119.476835404797	-103.568235038397
			119.801500718397	-103.568235038397
			120.126166031997	-103.568235038397
			120.450831345597	-103.568235038397
			120.775496659197	-103.568235038397
			121.100161972797	-103.568235038397
			121.100161972797	-103.243569724797
			121.424827286397	-103.243569724797
			121.424827286397	-102.918904411197
			121.749492599997	-102.594239097597
			122.074157913597	-102.269573783997
			122.398823227197	-101.944908470397
			122.398823227197	-101.620243156797
			122.398823227197	-101.295577843197
			122.398823227197	-100.970912529597
			122.398823227197	-100.646247215997
			122.398823227197	-100.321581902397
			122.398823227197	-99.9969165887975
			122.398823227197	-99.6722512751975
			122.398823227197	-99.3475859615975
			122.398823227197	-99.0229206479975
			122.723488540797	-98.6982553343975
			122.723488540797	-98.3735900207975
			123.048153854397	-98.0489247071975
			123.372819167997	-98.0489247071975
			123.697484481597	-97.7242593935975
			124.022149795197	-97.7242593935975
			124.346815108797	-97.3995940799975
			124.671480422397	-97.3995940799975
			124.996145735997	-97.0749287663975
			125.320811049597	-97.0749287663975
			125.645476363197	-97.0749287663975
			125.970141676797	-97.0749287663975
			126.294806990397	-97.0749287663975
		</Right_Wing>
		<Right_Side type=matrix rownames=FALSE colnames=FALSE nrow=57 ncol=2 as.numeric=TRUE >
			126.294806990397	-97.0749287663975
			126.294806990397	-96.7502634527976
			126.294806990397	-96.4255981391976
			126.294806990397	-96.1009328255976
			126.294806990397	-95.7762675119976
			126.294806990397	-95.4516021983976
			126.294806990397	-95.1269368847976
			126.294806990397	-94.8022715711976
			126.294806990397	-94.4776062575976
			125.970141676797	-94.4776062575976
			125.970141676797	-94.1529409439976
			125.970141676797	-93.8282756303976
			125.645476363197	-93.5036103167976
			125.645476363197	-93.1789450031976
			125.320811049597	-92.8542796895976
			125.320811049597	-92.5296143759977
			124.996145735997	-92.2049490623977
			124.996145735997	-91.8802837487977
			124.996145735997	-91.5556184351977
			124.671480422397	-91.2309531215977
			124.671480422397	-90.9062878079977
			124.346815108797	-90.5816224943977
			124.346815108797	-90.2569571807977
			124.022149795197	-89.9322918671977
			124.022149795197	-89.6076265535977
			124.022149795197	-89.2829612399977
			123.697484481597	-88.9582959263978
			123.697484481597	-88.6336306127978
			123.697484481597	-88.3089652991978
			123.372819167997	-87.9842999855978
			123.372819167997	-87.6596346719978
			123.372819167997	-87.3349693583978
			123.372819167997	-87.0103040447978
			123.048153854397	-87.0103040447978
			123.048153854397	-86.6856387311978
			123.048153854397	-86.3609734175978
			122.723488540797	-86.0363081039978
			122.398823227197	-85.7116427903978
			122.398823227197	-85.3869774767978
			122.074157913597	-85.0623121631978
			122.074157913597	-84.7376468495979
			121.749492599997	-84.4129815359979
			121.424827286397	-84.0883162223979
			121.424827286397	-83.7636509087979
			121.100161972797	-83.4389855951979
			121.100161972797	-83.1143202815979
			120.775496659197	-82.7896549679979
			120.775496659197	-82.4649896543979
			120.450831345597	-82.4649896543979
			120.450831345597	-82.1403243407979
			120.450831345597	-81.8156590271979
			120.126166031997	-81.8156590271979
			120.126166031997	-81.4909937135979
			120.126166031997	-81.166328399998
			119.801500718397	-81.166328399998
			119.801500718397	-80.841663086398
			119.476835404797	-80.841663086398
		</Right_Side>
	</curves.scaled>
	<ruler.points type=matrix rownames=TRUE colnames=FALSE nrow=6 ncol=2 as.numeric=TRUE >
		Ruler point 1	148	376
		Ruler point 2	178	376
		Ruler point 3	210	376
		Ruler point 4	240	376
		Ruler point 5	272	376
		Ruler point 6	302	376
	</ruler.points>
</shapes>

