<shapes type=list>
	<ruler.pixel type=vector names=FALSE length=1 as.numeric=TRUE >31.2499928836559</ruler.pixel>
	<ruler.interval type=vector names=FALSE length=1 as.numeric=TRUE >10</ruler.interval>
	<scaling.units type=vector names=FALSE length=1 as.numeric=FALSE >mm</scaling.units>
	<scaling type=vector names=FALSE length=1 as.numeric=TRUE >0.320000072871381</scaling>
	<landmarks.pixel type=matrix rownames=TRUE colnames=FALSE nrow=4 ncol=2 as.numeric=TRUE >
		Point_Tip	277	204
		Left_Tang_Center	247	256
		Base_Center	276	278
		Right_Tang_Center	306	260
	</landmarks.pixel>
	<landmarks.scaled type=matrix rownames=TRUE colnames=FALSE nrow=4 ncol=2 as.numeric=TRUE >
		Point_Tip	88.6400201853724	-65.2800148657617
		Left_Tang_Center	79.040017999231	-81.9200186550734
		Base_Center	88.3200201125011	-88.9600202582438
		Right_Tang_Center	97.9200222986425	-83.200018946559
	</landmarks.scaled>
	<curves.control type=list>
		<Left_Side type=matrix rownames=FALSE colnames=FALSE nrow=19 ncol=2 as.numeric=TRUE >
			277	204
			274	204
			272	207
			270	211
			266	213
			267	218
			263	220
			264	226
			260	225
			262	233
			255	233
			257	239
			254	239
			255	242
			250	249
			249	250
			247	251
			247	253
			247	256
		</Left_Side>
		<Left_Wing type=matrix rownames=FALSE colnames=FALSE nrow=11 ncol=2 as.numeric=TRUE >
			247	256
			249	258
			256	259
			267	258
			265	263
			269	266
			269	270
			271	272
			272	275
			273	277
			276	278
		</Left_Wing>
		<Right_Wing type=matrix rownames=FALSE colnames=FALSE nrow=7 ncol=2 as.numeric=TRUE >
			276	278
			281	277
			285	273
			285	259
			292	258
			301	263
			306	260
		</Right_Wing>
		<Right_Side type=matrix rownames=FALSE colnames=FALSE nrow=25 ncol=2 as.numeric=TRUE >
			306	260
			307	255
			305	253
			305	250
			304	247
			301	245
			303	242
			302	239
			299	239
			296	238
			298	235
			298	233
			296	232
			293	231
			294	228
			292	227
			292	223
			288	223
			288	218
			284	218
			285	211
			279	211
			281	205
			280	204
			277	204
		</Right_Side>
	</curves.control>
	<curves.pixel type=list>
		<Left_Side type=matrix rownames=FALSE colnames=FALSE nrow=67 ncol=2 as.numeric=TRUE >
			277	204
			276	204
			275	204
			274	205
			273	206
			272	207
			271	208
			271	209
			270	209
			270	210
			269	211
			268	212
			267	213
			266	214
			266	215
			266	216
			266	217
			265	218
			265	219
			264	219
			263	220
			263	221
			263	222
			263	223
			263	224
			262	225
			261	225
			260	226
			260	227
			260	228
			260	229
			260	230
			260	231
			259	231
			259	232
			258	232
			257	233
			256	233
			255	233
			255	234
			255	235
			256	235
			256	236
			256	237
			256	238
			255	238
			255	239
			254	239
			254	240
			254	241
			254	242
			254	243
			253	244
			253	245
			252	246
			251	247
			251	248
			250	249
			249	249
			249	250
			248	250
			247	251
			247	252
			247	253
			247	254
			247	255
			247	256
		</Left_Side>
		<Left_Wing type=matrix rownames=FALSE colnames=FALSE nrow=40 ncol=2 as.numeric=TRUE >
			247	256
			248	256
			248	257
			249	257
			250	258
			251	258
			252	258
			253	258
			254	259
			255	259
			256	259
			257	259
			258	259
			259	259
			260	259
			261	259
			262	259
			263	259
			264	260
			265	260
			265	261
			265	262
			265	263
			266	264
			267	265
			268	266
			268	267
			269	268
			269	269
			269	270
			270	271
			270	272
			271	273
			272	274
			272	275
			272	276
			273	276
			274	277
			275	278
			276	278
		</Left_Wing>
		<Right_Wing type=matrix rownames=FALSE colnames=FALSE nrow=45 ncol=2 as.numeric=TRUE >
			276	278
			277	278
			278	277
			279	277
			280	277
			281	276
			282	276
			282	275
			283	275
			284	274
			285	273
			285	272
			285	271
			285	270
			285	269
			285	268
			285	267
			286	266
			286	265
			286	264
			286	263
			287	263
			287	262
			287	261
			288	261
			288	260
			289	259
			290	259
			291	258
			292	258
			293	259
			294	259
			295	260
			296	260
			297	260
			298	260
			298	261
			299	261
			300	261
			301	261
			302	261
			303	261
			304	261
			305	260
			306	260
		</Right_Wing>
		<Right_Side type=matrix rownames=FALSE colnames=FALSE nrow=74 ncol=2 as.numeric=TRUE >
			306	260
			306	259
			306	258
			306	257
			306	256
			306	255
			305	254
			305	253
			305	252
			305	251
			305	250
			305	249
			304	248
			304	247
			303	246
			302	245
			302	244
			303	243
			303	242
			302	241
			302	240
			301	240
			300	239
			299	239
			298	238
			297	238
			297	237
			298	236
			298	235
			298	234
			298	233
			297	233
			296	232
			295	232
			295	231
			294	230
			294	229
			293	228
			293	227
			292	226
			292	225
			292	224
			292	223
			291	223
			290	223
			289	222
			289	221
			288	220
			288	219
			288	218
			287	218
			286	217
			285	217
			285	216
			285	215
			285	214
			285	213
			285	212
			285	211
			284	211
			283	211
			282	211
			282	210
			281	210
			281	209
			281	208
			281	207
			281	206
			281	205
			280	205
			280	204
			279	204
			278	204
			277	204
		</Right_Side>
	</curves.pixel>
	<curves.scaled type=list>
		<Left_Side type=matrix rownames=FALSE colnames=FALSE nrow=67 ncol=2 as.numeric=TRUE >
			88.6400201853724	-65.2800148657617
			88.3200201125011	-65.2800148657617
			88.0000200396297	-65.2800148657617
			87.6800199667583	-65.600014938633
			87.3600198938869	-65.9200150115044
			87.0400198210155	-66.2400150843758
			86.7200197481442	-66.5600151572472
			86.7200197481442	-66.8800152301186
			86.4000196752728	-66.8800152301186
			86.4000196752728	-67.2000153029899
			86.0800196024014	-67.5200153758613
			85.76001952953	-67.8400154487327
			85.4400194566586	-68.1600155216041
			85.1200193837873	-68.4800155944755
			85.1200193837873	-68.8000156673468
			85.1200193837873	-69.1200157402182
			85.1200193837873	-69.4400158130896
			84.8000193109159	-69.760015885961
			84.8000193109159	-70.0800159588324
			84.4800192380445	-70.0800159588324
			84.1600191651731	-70.4000160317037
			84.1600191651731	-70.7200161045751
			84.1600191651731	-71.0400161774465
			84.1600191651731	-71.3600162503179
			84.1600191651731	-71.6800163231893
			83.8400190923017	-72.0000163960606
			83.5200190194304	-72.0000163960606
			83.200018946559	-72.320016468932
			83.200018946559	-72.6400165418034
			83.200018946559	-72.9600166146748
			83.200018946559	-73.2800166875462
			83.200018946559	-73.6000167604175
			83.200018946559	-73.9200168332889
			82.8800188736876	-73.9200168332889
			82.8800188736876	-74.2400169061603
			82.5600188008162	-74.2400169061603
			82.2400187279448	-74.5600169790317
			81.9200186550734	-74.5600169790317
			81.6000185822021	-74.5600169790317
			81.6000185822021	-74.8800170519031
			81.6000185822021	-75.2000171247745
			81.9200186550734	-75.2000171247745
			81.9200186550734	-75.5200171976458
			81.9200186550734	-75.8400172705172
			81.9200186550734	-76.1600173433886
			81.6000185822021	-76.1600173433886
			81.6000185822021	-76.48001741626
			81.2800185093307	-76.48001741626
			81.2800185093307	-76.8000174891314
			81.2800185093307	-77.1200175620027
			81.2800185093307	-77.4400176348741
			81.2800185093307	-77.7600177077455
			80.9600184364593	-78.0800177806169
			80.9600184364593	-78.4000178534883
			80.6400183635879	-78.7200179263596
			80.3200182907165	-79.040017999231
			80.3200182907165	-79.3600180721024
			80.0000182178452	-79.6800181449738
			79.6800181449738	-79.6800181449738
			79.6800181449738	-80.0000182178452
			79.3600180721024	-80.0000182178452
			79.040017999231	-80.3200182907165
			79.040017999231	-80.6400183635879
			79.040017999231	-80.9600184364593
			79.040017999231	-81.2800185093307
			79.040017999231	-81.6000185822021
			79.040017999231	-81.9200186550734
		</Left_Side>
		<Left_Wing type=matrix rownames=FALSE colnames=FALSE nrow=40 ncol=2 as.numeric=TRUE >
			79.040017999231	-81.9200186550734
			79.3600180721024	-81.9200186550734
			79.3600180721024	-82.2400187279448
			79.6800181449738	-82.2400187279448
			80.0000182178452	-82.5600188008162
			80.3200182907165	-82.5600188008162
			80.6400183635879	-82.5600188008162
			80.9600184364593	-82.5600188008162
			81.2800185093307	-82.8800188736876
			81.6000185822021	-82.8800188736876
			81.9200186550734	-82.8800188736876
			82.2400187279448	-82.8800188736876
			82.5600188008162	-82.8800188736876
			82.8800188736876	-82.8800188736876
			83.200018946559	-82.8800188736876
			83.5200190194304	-82.8800188736876
			83.8400190923017	-82.8800188736876
			84.1600191651731	-82.8800188736876
			84.4800192380445	-83.200018946559
			84.8000193109159	-83.200018946559
			84.8000193109159	-83.5200190194304
			84.8000193109159	-83.8400190923017
			84.8000193109159	-84.1600191651731
			85.1200193837873	-84.4800192380445
			85.4400194566586	-84.8000193109159
			85.76001952953	-85.1200193837873
			85.76001952953	-85.4400194566586
			86.0800196024014	-85.76001952953
			86.0800196024014	-86.0800196024014
			86.0800196024014	-86.4000196752728
			86.4000196752728	-86.7200197481442
			86.4000196752728	-87.0400198210155
			86.7200197481442	-87.3600198938869
			87.0400198210155	-87.6800199667583
			87.0400198210155	-88.0000200396297
			87.0400198210155	-88.3200201125011
			87.3600198938869	-88.3200201125011
			87.6800199667583	-88.6400201853724
			88.0000200396297	-88.9600202582438
			88.3200201125011	-88.9600202582438
		</Left_Wing>
		<Right_Wing type=matrix rownames=FALSE colnames=FALSE nrow=45 ncol=2 as.numeric=TRUE >
			88.3200201125011	-88.9600202582438
			88.6400201853724	-88.9600202582438
			88.9600202582438	-88.6400201853724
			89.2800203311152	-88.6400201853724
			89.6000204039866	-88.6400201853724
			89.920020476858	-88.3200201125011
			90.2400205497294	-88.3200201125011
			90.2400205497294	-88.0000200396297
			90.5600206226007	-88.0000200396297
			90.8800206954721	-87.6800199667583
			91.2000207683435	-87.3600198938869
			91.2000207683435	-87.0400198210155
			91.2000207683435	-86.7200197481442
			91.2000207683435	-86.4000196752728
			91.2000207683435	-86.0800196024014
			91.2000207683435	-85.76001952953
			91.2000207683435	-85.4400194566586
			91.5200208412149	-85.1200193837873
			91.5200208412149	-84.8000193109159
			91.5200208412149	-84.4800192380445
			91.5200208412149	-84.1600191651731
			91.8400209140863	-84.1600191651731
			91.8400209140863	-83.8400190923017
			91.8400209140863	-83.5200190194304
			92.1600209869576	-83.5200190194304
			92.1600209869576	-83.200018946559
			92.480021059829	-82.8800188736876
			92.8000211327004	-82.8800188736876
			93.1200212055718	-82.5600188008162
			93.4400212784432	-82.5600188008162
			93.7600213513145	-82.8800188736876
			94.0800214241859	-82.8800188736876
			94.4000214970573	-83.200018946559
			94.7200215699287	-83.200018946559
			95.0400216428001	-83.200018946559
			95.3600217156714	-83.200018946559
			95.3600217156714	-83.5200190194304
			95.6800217885428	-83.5200190194304
			96.0000218614142	-83.5200190194304
			96.3200219342856	-83.5200190194304
			96.640022007157	-83.5200190194304
			96.9600220800283	-83.5200190194304
			97.2800221528997	-83.5200190194304
			97.6000222257711	-83.200018946559
			97.9200222986425	-83.200018946559
		</Right_Wing>
		<Right_Side type=matrix rownames=FALSE colnames=FALSE nrow=74 ncol=2 as.numeric=TRUE >
			97.9200222986425	-83.200018946559
			97.9200222986425	-82.8800188736876
			97.9200222986425	-82.5600188008162
			97.9200222986425	-82.2400187279448
			97.9200222986425	-81.9200186550734
			97.9200222986425	-81.6000185822021
			97.6000222257711	-81.2800185093307
			97.6000222257711	-80.9600184364593
			97.6000222257711	-80.6400183635879
			97.6000222257711	-80.3200182907165
			97.6000222257711	-80.0000182178452
			97.6000222257711	-79.6800181449738
			97.2800221528997	-79.3600180721024
			97.2800221528997	-79.040017999231
			96.9600220800283	-78.7200179263596
			96.640022007157	-78.4000178534883
			96.640022007157	-78.0800177806169
			96.9600220800283	-77.7600177077455
			96.9600220800283	-77.4400176348741
			96.640022007157	-77.1200175620027
			96.640022007157	-76.8000174891314
			96.3200219342856	-76.8000174891314
			96.0000218614142	-76.48001741626
			95.6800217885428	-76.48001741626
			95.3600217156714	-76.1600173433886
			95.0400216428001	-76.1600173433886
			95.0400216428001	-75.8400172705172
			95.3600217156714	-75.5200171976458
			95.3600217156714	-75.2000171247745
			95.3600217156714	-74.8800170519031
			95.3600217156714	-74.5600169790317
			95.0400216428001	-74.5600169790317
			94.7200215699287	-74.2400169061603
			94.4000214970573	-74.2400169061603
			94.4000214970573	-73.9200168332889
			94.0800214241859	-73.6000167604175
			94.0800214241859	-73.2800166875462
			93.7600213513145	-72.9600166146748
			93.7600213513145	-72.6400165418034
			93.4400212784432	-72.320016468932
			93.4400212784432	-72.0000163960606
			93.4400212784432	-71.6800163231893
			93.4400212784432	-71.3600162503179
			93.1200212055718	-71.3600162503179
			92.8000211327004	-71.3600162503179
			92.480021059829	-71.0400161774465
			92.480021059829	-70.7200161045751
			92.1600209869576	-70.4000160317037
			92.1600209869576	-70.0800159588324
			92.1600209869576	-69.760015885961
			91.8400209140863	-69.760015885961
			91.5200208412149	-69.4400158130896
			91.2000207683435	-69.4400158130896
			91.2000207683435	-69.1200157402182
			91.2000207683435	-68.8000156673468
			91.2000207683435	-68.4800155944755
			91.2000207683435	-68.1600155216041
			91.2000207683435	-67.8400154487327
			91.2000207683435	-67.5200153758613
			90.8800206954721	-67.5200153758613
			90.5600206226007	-67.5200153758613
			90.2400205497294	-67.5200153758613
			90.2400205497294	-67.2000153029899
			89.920020476858	-67.2000153029899
			89.920020476858	-66.8800152301186
			89.920020476858	-66.5600151572472
			89.920020476858	-66.2400150843758
			89.920020476858	-65.9200150115044
			89.920020476858	-65.600014938633
			89.6000204039866	-65.600014938633
			89.6000204039866	-65.2800148657617
			89.2800203311152	-65.2800148657617
			88.9600202582438	-65.2800148657617
			88.6400201853724	-65.2800148657617
		</Right_Side>
	</curves.scaled>
	<ruler.points type=matrix rownames=TRUE colnames=FALSE nrow=5 ncol=2 as.numeric=TRUE >
		Ruler point 1	389	489
		Ruler point 2	421	489
		Ruler point 3	451	489
		Ruler point 4	483	489
		Ruler point 5	514	489
	</ruler.points>
</shapes>

