<shapes type=list>
	<ruler.pixel type=vector names=FALSE length=1 as.numeric=TRUE >39.5000000092729</ruler.pixel>
	<ruler.interval type=vector names=FALSE length=1 as.numeric=TRUE >10</ruler.interval>
	<scaling.units type=vector names=FALSE length=1 as.numeric=FALSE >mm</scaling.units>
	<scaling type=vector names=FALSE length=1 as.numeric=TRUE >0.253164556902593</scaling>
	<landmarks.pixel type=matrix rownames=TRUE colnames=FALSE nrow=4 ncol=2 as.numeric=TRUE >
		Point_Tip	148	89
		Left_Tang_Center	105	211
		Base_Center	152	244
		Right_Tang_Center	202	222
	</landmarks.pixel>
	<landmarks.scaled type=matrix rownames=TRUE colnames=FALSE nrow=4 ncol=2 as.numeric=TRUE >
		Point_Tip	37.4683544215837	-22.5316455643308
		Left_Tang_Center	26.5822784747723	-53.4177215064471
		Base_Center	38.4810126491941	-61.7721518842327
		Right_Tang_Center	51.1392404943238	-56.2025316323756
	</landmarks.scaled>
	<curves.control type=list>
		<Left_Side type=matrix rownames=FALSE colnames=FALSE nrow=23 ncol=2 as.numeric=TRUE >
			148	89
			143	89
			141	92
			136	99
			135	102
			134	107
			130	110
			129	115
			129	119
			126	125
			127	130
			127	134
			124	141
			123	150
			122	163
			121	167
			117	169
			112	173
			108	177
			112	183
			109	189
			102	207
			105	211
		</Left_Side>
		<Left_Wing type=matrix rownames=FALSE colnames=FALSE nrow=13 ncol=2 as.numeric=TRUE >
			105	211
			107	210
			108	213
			110	215
			120	216
			123	214
			131	222
			137	229
			143	234
			146	237
			146	242
			148	244
			152	244
		</Left_Wing>
		<Right_Wing type=matrix rownames=FALSE colnames=FALSE nrow=17 ncol=2 as.numeric=TRUE >
			152	244
			157	244
			161	240
			163	235
			164	230
			169	223
			174	218
			179	215
			185	217
			191	220
			196	224
			198	225
			200	225
			200	223
			200	223
			201	223
			202	222
		</Right_Wing>
		<Right_Side type=matrix rownames=FALSE colnames=FALSE nrow=23 ncol=2 as.numeric=TRUE >
			202	222
			203	221
			204	220
			204	213
			203	209
			200	207
			200	195
			190	194
			189	181
			188	178
			181	169
			182	155
			177	143
			176	141
			177	121
			174	119
			171	110
			168	109
			163	101
			160	97
			159	92
			154	93
			148	89
		</Right_Side>
	</curves.control>
	<curves.pixel type=list>
		<Left_Side type=matrix rownames=FALSE colnames=FALSE nrow=136 ncol=2 as.numeric=TRUE >
			148	89
			147	89
			146	89
			145	89
			144	90
			143	90
			142	91
			141	92
			140	93
			139	94
			139	95
			139	96
			138	96
			138	97
			137	97
			137	98
			137	99
			136	99
			136	100
			136	101
			135	101
			135	102
			135	103
			134	104
			134	105
			133	106
			133	107
			132	108
			131	109
			131	110
			130	110
			130	111
			130	112
			129	113
			129	114
			129	115
			129	116
			129	117
			129	118
			129	119
			129	120
			128	121
			128	122
			127	123
			127	124
			127	125
			127	126
			127	127
			127	128
			127	129
			127	130
			127	131
			127	132
			127	133
			126	134
			126	135
			126	136
			126	137
			125	138
			125	139
			124	140
			124	141
			124	142
			124	143
			124	144
			124	145
			124	146
			123	146
			123	147
			123	148
			123	149
			123	150
			123	151
			123	152
			123	153
			123	154
			123	155
			123	156
			122	157
			122	158
			122	159
			122	160
			122	161
			122	162
			122	163
			122	164
			121	165
			120	166
			120	167
			119	168
			118	168
			117	169
			116	170
			115	171
			114	171
			114	172
			113	172
			112	173
			111	174
			110	175
			109	176
			108	177
			109	178
			109	179
			110	180
			110	181
			110	182
			110	183
			110	184
			110	185
			110	186
			110	187
			109	188
			109	189
			109	190
			108	191
			108	192
			107	193
			107	194
			107	195
			106	196
			106	197
			106	198
			106	199
			105	200
			105	201
			105	202
			105	203
			104	204
			104	205
			104	206
			104	207
			104	208
			104	209
			104	210
			105	211
		</Left_Side>
		<Left_Wing type=matrix rownames=FALSE colnames=FALSE nrow=56 ncol=2 as.numeric=TRUE >
			105	211
			106	211
			107	211
			108	212
			108	213
			109	214
			110	214
			111	214
			112	215
			113	215
			114	215
			115	215
			116	216
			117	216
			118	216
			119	216
			120	216
			121	216
			122	216
			123	216
			124	216
			125	217
			126	217
			127	218
			128	219
			129	220
			130	221
			131	222
			132	223
			132	224
			133	225
			134	226
			135	227
			136	227
			137	228
			138	229
			139	230
			139	231
			140	232
			141	232
			142	233
			143	234
			144	235
			144	236
			145	237
			145	238
			146	239
			146	240
			146	241
			146	242
			147	243
			148	243
			149	244
			150	244
			151	244
			152	244
		</Left_Wing>
		<Right_Wing type=matrix rownames=FALSE colnames=FALSE nrow=65 ncol=2 as.numeric=TRUE >
			152	244
			153	244
			154	244
			155	244
			156	243
			157	243
			158	242
			159	241
			160	241
			161	240
			161	239
			162	238
			162	237
			162	236
			163	235
			163	234
			163	233
			164	232
			164	231
			164	230
			165	229
			165	228
			166	227
			167	227
			167	226
			168	225
			168	224
			169	224
			170	223
			170	222
			171	221
			172	220
			173	219
			174	218
			175	217
			176	217
			177	217
			178	216
			179	216
			180	216
			181	216
			182	216
			183	216
			184	217
			185	217
			186	218
			187	218
			188	219
			189	219
			190	220
			191	220
			192	221
			193	222
			194	222
			195	223
			196	224
			197	224
			197	225
			198	225
			199	225
			200	225
			200	224
			200	223
			201	223
			202	222
		</Right_Wing>
		<Right_Side type=matrix rownames=FALSE colnames=FALSE nrow=150 ncol=2 as.numeric=TRUE >
			202	222
			203	221
			204	220
			204	219
			204	218
			204	217
			204	216
			204	215
			204	214
			204	213
			204	212
			203	211
			203	210
			203	209
			202	208
			201	207
			201	206
			201	205
			201	204
			200	203
			200	202
			200	201
			200	200
			200	199
			200	198
			200	197
			200	196
			200	195
			199	195
			198	195
			197	194
			196	194
			195	194
			195	193
			194	193
			193	192
			192	191
			191	190
			191	189
			190	188
			190	187
			190	186
			189	185
			189	184
			189	183
			189	182
			189	181
			189	180
			188	179
			187	178
			187	177
			186	176
			186	175
			185	174
			184	173
			183	172
			183	171
			182	170
			181	169
			181	168
			181	167
			181	166
			181	165
			181	164
			181	163
			181	162
			181	161
			181	160
			181	159
			181	158
			181	157
			181	156
			180	155
			180	154
			180	153
			180	152
			179	151
			179	150
			179	149
			179	148
			178	147
			178	146
			178	145
			177	144
			177	143
			177	142
			177	141
			177	140
			177	139
			177	138
			177	137
			177	136
			177	135
			177	134
			177	133
			177	132
			177	131
			177	130
			177	129
			177	128
			177	127
			177	126
			177	125
			177	124
			177	123
			177	122
			177	121
			176	120
			175	119
			174	118
			174	117
			173	116
			173	115
			173	114
			172	113
			172	112
			171	111
			171	110
			170	110
			170	109
			169	108
			168	108
			167	107
			167	106
			166	105
			165	104
			164	103
			163	102
			163	101
			162	100
			162	99
			161	98
			161	97
			160	97
			160	96
			160	95
			159	94
			159	93
			159	92
			158	92
			157	92
			156	92
			155	92
			154	92
			153	91
			152	91
			151	91
			150	90
			149	90
			148	89
		</Right_Side>
	</curves.pixel>
	<curves.scaled type=list>
		<Left_Side type=matrix rownames=FALSE colnames=FALSE nrow=136 ncol=2 as.numeric=TRUE >
			37.4683544215837	-22.5316455643308
			37.2151898646812	-22.5316455643308
			36.9620253077786	-22.5316455643308
			36.708860750876	-22.5316455643308
			36.4556961939734	-22.7848101212334
			36.2025316370708	-22.7848101212334
			35.9493670801682	-23.037974678136
			35.6962025232656	-23.2911392350385
			35.443037966363	-23.5443037919411
			35.1898734094604	-23.7974683488437
			35.1898734094604	-24.0506329057463
			35.1898734094604	-24.3037974626489
			34.9367088525578	-24.3037974626489
			34.9367088525578	-24.5569620195515
			34.6835442956552	-24.5569620195515
			34.6835442956552	-24.8101265764541
			34.6835442956552	-25.0632911333567
			34.4303797387526	-25.0632911333567
			34.4303797387526	-25.3164556902593
			34.4303797387526	-25.5696202471619
			34.17721518185	-25.5696202471619
			34.17721518185	-25.8227848040645
			34.17721518185	-26.0759493609671
			33.9240506249474	-26.3291139178697
			33.9240506249474	-26.5822784747723
			33.6708860680449	-26.8354430316748
			33.6708860680449	-27.0886075885774
			33.4177215111423	-27.34177214548
			33.1645569542397	-27.5949367023826
			33.1645569542397	-27.8481012592852
			32.9113923973371	-27.8481012592852
			32.9113923973371	-28.1012658161878
			32.9113923973371	-28.3544303730904
			32.6582278404345	-28.607594929993
			32.6582278404345	-28.8607594868956
			32.6582278404345	-29.1139240437982
			32.6582278404345	-29.3670886007008
			32.6582278404345	-29.6202531576034
			32.6582278404345	-29.873417714506
			32.6582278404345	-30.1265822714086
			32.6582278404345	-30.3797468283111
			32.4050632835319	-30.6329113852137
			32.4050632835319	-30.8860759421163
			32.1518987266293	-31.1392404990189
			32.1518987266293	-31.3924050559215
			32.1518987266293	-31.6455696128241
			32.1518987266293	-31.8987341697267
			32.1518987266293	-32.1518987266293
			32.1518987266293	-32.4050632835319
			32.1518987266293	-32.6582278404345
			32.1518987266293	-32.9113923973371
			32.1518987266293	-33.1645569542397
			32.1518987266293	-33.4177215111423
			32.1518987266293	-33.6708860680449
			31.8987341697267	-33.9240506249474
			31.8987341697267	-34.17721518185
			31.8987341697267	-34.4303797387526
			31.8987341697267	-34.6835442956552
			31.6455696128241	-34.9367088525578
			31.6455696128241	-35.1898734094604
			31.3924050559215	-35.443037966363
			31.3924050559215	-35.6962025232656
			31.3924050559215	-35.9493670801682
			31.3924050559215	-36.2025316370708
			31.3924050559215	-36.4556961939734
			31.3924050559215	-36.708860750876
			31.3924050559215	-36.9620253077786
			31.1392404990189	-36.9620253077786
			31.1392404990189	-37.2151898646812
			31.1392404990189	-37.4683544215837
			31.1392404990189	-37.7215189784863
			31.1392404990189	-37.9746835353889
			31.1392404990189	-38.2278480922915
			31.1392404990189	-38.4810126491941
			31.1392404990189	-38.7341772060967
			31.1392404990189	-38.9873417629993
			31.1392404990189	-39.2405063199019
			31.1392404990189	-39.4936708768045
			30.8860759421163	-39.7468354337071
			30.8860759421163	-39.9999999906097
			30.8860759421163	-40.2531645475123
			30.8860759421163	-40.5063291044149
			30.8860759421163	-40.7594936613174
			30.8860759421163	-41.01265821822
			30.8860759421163	-41.2658227751226
			30.8860759421163	-41.5189873320252
			30.6329113852137	-41.7721518889278
			30.3797468283111	-42.0253164458304
			30.3797468283111	-42.278481002733
			30.1265822714086	-42.5316455596356
			29.873417714506	-42.5316455596356
			29.6202531576034	-42.7848101165382
			29.3670886007008	-43.0379746734408
			29.1139240437982	-43.2911392303434
			28.8607594868956	-43.2911392303434
			28.8607594868956	-43.544303787246
			28.607594929993	-43.544303787246
			28.3544303730904	-43.7974683441486
			28.1012658161878	-44.0506329010512
			27.8481012592852	-44.3037974579538
			27.5949367023826	-44.5569620148563
			27.34177214548	-44.8101265717589
			27.5949367023826	-45.0632911286615
			27.5949367023826	-45.3164556855641
			27.8481012592852	-45.5696202424667
			27.8481012592852	-45.8227847993693
			27.8481012592852	-46.0759493562719
			27.8481012592852	-46.3291139131745
			27.8481012592852	-46.5822784700771
			27.8481012592852	-46.8354430269797
			27.8481012592852	-47.0886075838823
			27.8481012592852	-47.3417721407849
			27.5949367023826	-47.5949366976875
			27.5949367023826	-47.8481012545901
			27.5949367023826	-48.1012658114926
			27.34177214548	-48.3544303683952
			27.34177214548	-48.6075949252978
			27.0886075885774	-48.8607594822004
			27.0886075885774	-49.113924039103
			27.0886075885774	-49.3670885960056
			26.8354430316748	-49.6202531529082
			26.8354430316748	-49.8734177098108
			26.8354430316748	-50.1265822667134
			26.8354430316748	-50.379746823616
			26.5822784747723	-50.6329113805186
			26.5822784747723	-50.8860759374212
			26.5822784747723	-51.1392404943238
			26.5822784747723	-51.3924050512264
			26.3291139178697	-51.6455696081289
			26.3291139178697	-51.8987341650315
			26.3291139178697	-52.1518987219341
			26.3291139178697	-52.4050632788367
			26.3291139178697	-52.6582278357393
			26.3291139178697	-52.9113923926419
			26.3291139178697	-53.1645569495445
			26.5822784747723	-53.4177215064471
		</Left_Side>
		<Left_Wing type=matrix rownames=FALSE colnames=FALSE nrow=56 ncol=2 as.numeric=TRUE >
			26.5822784747723	-53.4177215064471
			26.8354430316748	-53.4177215064471
			27.0886075885774	-53.4177215064471
			27.34177214548	-53.6708860633497
			27.34177214548	-53.9240506202523
			27.5949367023826	-54.1772151771549
			27.8481012592852	-54.1772151771549
			28.1012658161878	-54.1772151771549
			28.3544303730904	-54.4303797340575
			28.607594929993	-54.4303797340575
			28.8607594868956	-54.4303797340575
			29.1139240437982	-54.4303797340575
			29.3670886007008	-54.6835442909601
			29.6202531576034	-54.6835442909601
			29.873417714506	-54.6835442909601
			30.1265822714086	-54.6835442909601
			30.3797468283111	-54.6835442909601
			30.6329113852137	-54.6835442909601
			30.8860759421163	-54.6835442909601
			31.1392404990189	-54.6835442909601
			31.3924050559215	-54.6835442909601
			31.6455696128241	-54.9367088478627
			31.8987341697267	-54.9367088478627
			32.1518987266293	-55.1898734047652
			32.4050632835319	-55.4430379616678
			32.6582278404345	-55.6962025185704
			32.9113923973371	-55.949367075473
			33.1645569542397	-56.2025316323756
			33.4177215111423	-56.4556961892782
			33.4177215111423	-56.7088607461808
			33.6708860680449	-56.9620253030834
			33.9240506249474	-57.215189859986
			34.17721518185	-57.4683544168886
			34.4303797387526	-57.4683544168886
			34.6835442956552	-57.7215189737912
			34.9367088525578	-57.9746835306938
			35.1898734094604	-58.2278480875964
			35.1898734094604	-58.481012644499
			35.443037966363	-58.7341772014016
			35.6962025232656	-58.7341772014016
			35.9493670801682	-58.9873417583041
			36.2025316370708	-59.2405063152067
			36.4556961939734	-59.4936708721093
			36.4556961939734	-59.7468354290119
			36.708860750876	-59.9999999859145
			36.708860750876	-60.2531645428171
			36.9620253077786	-60.5063290997197
			36.9620253077786	-60.7594936566223
			36.9620253077786	-61.0126582135249
			36.9620253077786	-61.2658227704275
			37.2151898646812	-61.5189873273301
			37.4683544215837	-61.5189873273301
			37.7215189784863	-61.7721518842327
			37.9746835353889	-61.7721518842327
			38.2278480922915	-61.7721518842327
			38.4810126491941	-61.7721518842327
		</Left_Wing>
		<Right_Wing type=matrix rownames=FALSE colnames=FALSE nrow=65 ncol=2 as.numeric=TRUE >
			38.4810126491941	-61.7721518842327
			38.7341772060967	-61.7721518842327
			38.9873417629993	-61.7721518842327
			39.2405063199019	-61.7721518842327
			39.4936708768045	-61.5189873273301
			39.7468354337071	-61.5189873273301
			39.9999999906097	-61.2658227704275
			40.2531645475123	-61.0126582135249
			40.5063291044149	-61.0126582135249
			40.7594936613174	-60.7594936566223
			40.7594936613174	-60.5063290997197
			41.01265821822	-60.2531645428171
			41.01265821822	-59.9999999859145
			41.01265821822	-59.7468354290119
			41.2658227751226	-59.4936708721093
			41.2658227751226	-59.2405063152067
			41.2658227751226	-58.9873417583041
			41.5189873320252	-58.7341772014016
			41.5189873320252	-58.481012644499
			41.5189873320252	-58.2278480875964
			41.7721518889278	-57.9746835306938
			41.7721518889278	-57.7215189737912
			42.0253164458304	-57.4683544168886
			42.278481002733	-57.4683544168886
			42.278481002733	-57.215189859986
			42.5316455596356	-56.9620253030834
			42.5316455596356	-56.7088607461808
			42.7848101165382	-56.7088607461808
			43.0379746734408	-56.4556961892782
			43.0379746734408	-56.2025316323756
			43.2911392303434	-55.949367075473
			43.544303787246	-55.6962025185704
			43.7974683441486	-55.4430379616678
			44.0506329010512	-55.1898734047652
			44.3037974579538	-54.9367088478627
			44.5569620148563	-54.9367088478627
			44.8101265717589	-54.9367088478627
			45.0632911286615	-54.6835442909601
			45.3164556855641	-54.6835442909601
			45.5696202424667	-54.6835442909601
			45.8227847993693	-54.6835442909601
			46.0759493562719	-54.6835442909601
			46.3291139131745	-54.6835442909601
			46.5822784700771	-54.9367088478627
			46.8354430269797	-54.9367088478627
			47.0886075838823	-55.1898734047652
			47.3417721407849	-55.1898734047652
			47.5949366976875	-55.4430379616678
			47.8481012545901	-55.4430379616678
			48.1012658114926	-55.6962025185704
			48.3544303683952	-55.6962025185704
			48.6075949252978	-55.949367075473
			48.8607594822004	-56.2025316323756
			49.113924039103	-56.2025316323756
			49.3670885960056	-56.4556961892782
			49.6202531529082	-56.7088607461808
			49.8734177098108	-56.7088607461808
			49.8734177098108	-56.9620253030834
			50.1265822667134	-56.9620253030834
			50.379746823616	-56.9620253030834
			50.6329113805186	-56.9620253030834
			50.6329113805186	-56.7088607461808
			50.6329113805186	-56.4556961892782
			50.8860759374212	-56.4556961892782
			51.1392404943238	-56.2025316323756
		</Right_Wing>
		<Right_Side type=matrix rownames=FALSE colnames=FALSE nrow=150 ncol=2 as.numeric=TRUE >
			51.1392404943238	-56.2025316323756
			51.3924050512264	-55.949367075473
			51.6455696081289	-55.6962025185704
			51.6455696081289	-55.4430379616678
			51.6455696081289	-55.1898734047652
			51.6455696081289	-54.9367088478627
			51.6455696081289	-54.6835442909601
			51.6455696081289	-54.4303797340575
			51.6455696081289	-54.1772151771549
			51.6455696081289	-53.9240506202523
			51.6455696081289	-53.6708860633497
			51.3924050512264	-53.4177215064471
			51.3924050512264	-53.1645569495445
			51.3924050512264	-52.9113923926419
			51.1392404943238	-52.6582278357393
			50.8860759374212	-52.4050632788367
			50.8860759374212	-52.1518987219341
			50.8860759374212	-51.8987341650315
			50.8860759374212	-51.6455696081289
			50.6329113805186	-51.3924050512264
			50.6329113805186	-51.1392404943238
			50.6329113805186	-50.8860759374212
			50.6329113805186	-50.6329113805186
			50.6329113805186	-50.379746823616
			50.6329113805186	-50.1265822667134
			50.6329113805186	-49.8734177098108
			50.6329113805186	-49.6202531529082
			50.6329113805186	-49.3670885960056
			50.379746823616	-49.3670885960056
			50.1265822667134	-49.3670885960056
			49.8734177098108	-49.113924039103
			49.6202531529082	-49.113924039103
			49.3670885960056	-49.113924039103
			49.3670885960056	-48.8607594822004
			49.113924039103	-48.8607594822004
			48.8607594822004	-48.6075949252978
			48.6075949252978	-48.3544303683952
			48.3544303683952	-48.1012658114926
			48.3544303683952	-47.8481012545901
			48.1012658114926	-47.5949366976875
			48.1012658114926	-47.3417721407849
			48.1012658114926	-47.0886075838823
			47.8481012545901	-46.8354430269797
			47.8481012545901	-46.5822784700771
			47.8481012545901	-46.3291139131745
			47.8481012545901	-46.0759493562719
			47.8481012545901	-45.8227847993693
			47.8481012545901	-45.5696202424667
			47.5949366976875	-45.3164556855641
			47.3417721407849	-45.0632911286615
			47.3417721407849	-44.8101265717589
			47.0886075838823	-44.5569620148563
			47.0886075838823	-44.3037974579538
			46.8354430269797	-44.0506329010512
			46.5822784700771	-43.7974683441486
			46.3291139131745	-43.544303787246
			46.3291139131745	-43.2911392303434
			46.0759493562719	-43.0379746734408
			45.8227847993693	-42.7848101165382
			45.8227847993693	-42.5316455596356
			45.8227847993693	-42.278481002733
			45.8227847993693	-42.0253164458304
			45.8227847993693	-41.7721518889278
			45.8227847993693	-41.5189873320252
			45.8227847993693	-41.2658227751226
			45.8227847993693	-41.01265821822
			45.8227847993693	-40.7594936613174
			45.8227847993693	-40.5063291044149
			45.8227847993693	-40.2531645475123
			45.8227847993693	-39.9999999906097
			45.8227847993693	-39.7468354337071
			45.8227847993693	-39.4936708768045
			45.5696202424667	-39.2405063199019
			45.5696202424667	-38.9873417629993
			45.5696202424667	-38.7341772060967
			45.5696202424667	-38.4810126491941
			45.3164556855641	-38.2278480922915
			45.3164556855641	-37.9746835353889
			45.3164556855641	-37.7215189784863
			45.3164556855641	-37.4683544215837
			45.0632911286615	-37.2151898646812
			45.0632911286615	-36.9620253077786
			45.0632911286615	-36.708860750876
			44.8101265717589	-36.4556961939734
			44.8101265717589	-36.2025316370708
			44.8101265717589	-35.9493670801682
			44.8101265717589	-35.6962025232656
			44.8101265717589	-35.443037966363
			44.8101265717589	-35.1898734094604
			44.8101265717589	-34.9367088525578
			44.8101265717589	-34.6835442956552
			44.8101265717589	-34.4303797387526
			44.8101265717589	-34.17721518185
			44.8101265717589	-33.9240506249474
			44.8101265717589	-33.6708860680449
			44.8101265717589	-33.4177215111423
			44.8101265717589	-33.1645569542397
			44.8101265717589	-32.9113923973371
			44.8101265717589	-32.6582278404345
			44.8101265717589	-32.4050632835319
			44.8101265717589	-32.1518987266293
			44.8101265717589	-31.8987341697267
			44.8101265717589	-31.6455696128241
			44.8101265717589	-31.3924050559215
			44.8101265717589	-31.1392404990189
			44.8101265717589	-30.8860759421163
			44.8101265717589	-30.6329113852137
			44.5569620148563	-30.3797468283111
			44.3037974579538	-30.1265822714086
			44.0506329010512	-29.873417714506
			44.0506329010512	-29.6202531576034
			43.7974683441486	-29.3670886007008
			43.7974683441486	-29.1139240437982
			43.7974683441486	-28.8607594868956
			43.544303787246	-28.607594929993
			43.544303787246	-28.3544303730904
			43.2911392303434	-28.1012658161878
			43.2911392303434	-27.8481012592852
			43.0379746734408	-27.8481012592852
			43.0379746734408	-27.5949367023826
			42.7848101165382	-27.34177214548
			42.5316455596356	-27.34177214548
			42.278481002733	-27.0886075885774
			42.278481002733	-26.8354430316748
			42.0253164458304	-26.5822784747723
			41.7721518889278	-26.3291139178697
			41.5189873320252	-26.0759493609671
			41.2658227751226	-25.8227848040645
			41.2658227751226	-25.5696202471619
			41.01265821822	-25.3164556902593
			41.01265821822	-25.0632911333567
			40.7594936613174	-24.8101265764541
			40.7594936613174	-24.5569620195515
			40.5063291044149	-24.5569620195515
			40.5063291044149	-24.3037974626489
			40.5063291044149	-24.0506329057463
			40.2531645475123	-23.7974683488437
			40.2531645475123	-23.5443037919411
			40.2531645475123	-23.2911392350385
			39.9999999906097	-23.2911392350385
			39.7468354337071	-23.2911392350385
			39.4936708768045	-23.2911392350385
			39.2405063199019	-23.2911392350385
			38.9873417629993	-23.2911392350385
			38.7341772060967	-23.037974678136
			38.4810126491941	-23.037974678136
			38.2278480922915	-23.037974678136
			37.9746835353889	-22.7848101212334
			37.7215189784863	-22.7848101212334
			37.4683544215837	-22.5316455643308
		</Right_Side>
	</curves.scaled>
	<ruler.points type=matrix rownames=TRUE colnames=FALSE nrow=3 ncol=2 as.numeric=TRUE >
		Ruler point 1	255	315
		Ruler point 2	294	315
		Ruler point 3	334	315
	</ruler.points>
</shapes>

