<shapes type=list>
	<ruler.pixel type=vector names=FALSE length=1 as.numeric=TRUE >33.0218164023156</ruler.pixel>
	<ruler.interval type=vector names=FALSE length=1 as.numeric=TRUE >10</ruler.interval>
	<scaling.units type=vector names=FALSE length=1 as.numeric=FALSE >mm</scaling.units>
	<scaling type=vector names=FALSE length=1 as.numeric=TRUE >0.302830101111541</scaling>
	<landmarks.pixel type=matrix rownames=TRUE colnames=FALSE nrow=4 ncol=2 as.numeric=TRUE >
		Point_Tip	299	144
		Left_Tang_Center	272	264
		Base_Center	293	288
		Right_Tang_Center	317	266
	</landmarks.pixel>
	<landmarks.scaled type=matrix rownames=TRUE colnames=FALSE nrow=4 ncol=2 as.numeric=TRUE >
		Point_Tip	90.5462002323509	-43.607534560062
		Left_Tang_Center	82.3697875023393	-79.9471466934469
		Base_Center	88.7292196256817	-87.2150691201239
		Right_Tang_Center	95.9971420523586	-80.55280689567
	</landmarks.scaled>
	<curves.control type=list>
		<Left_Side type=matrix rownames=FALSE colnames=FALSE nrow=37 ncol=2 as.numeric=TRUE >
			299	144
			297	146
			297	149
			296	151
			295	156
			294	158
			293	159
			292	162
			291	164
			291	168
			289	171
			289	175
			287	178
			287	182
			285	185
			288	189
			284	190
			283	192
			285	194
			284	196
			282	200
			284	204
			281	205
			280	208
			282	209
			280	213
			280	219
			279	221
			277	222
			280	226
			277	229
			279	233
			275	236
			277	238
			275	243
			268	260
			272	264
		</Left_Side>
		<Left_Wing type=matrix rownames=FALSE colnames=FALSE nrow=9 ncol=2 as.numeric=TRUE >
			272	264
			276	261
			280	257
			284	255
			285	260
			285	272
			286	280
			287	286
			293	288
		</Left_Wing>
		<Right_Wing type=matrix rownames=FALSE colnames=FALSE nrow=11 ncol=2 as.numeric=TRUE >
			293	288
			295	287
			297	285
			302	280
			302	273
			302	264
			305	263
			308	263
			311	265
			316	267
			317	266
		</Right_Wing>
		<Right_Side type=matrix rownames=FALSE colnames=FALSE nrow=15 ncol=2 as.numeric=TRUE >
			317	266
			316	253
			315	246
			313	244
			314	241
			310	238
			312	234
			311	231
			311	227
			310	225
			308	208
			306	191
			304	173
			303	161
			299	144
		</Right_Side>
	</curves.control>
	<curves.pixel type=list>
		<Left_Side type=matrix rownames=FALSE colnames=FALSE nrow=132 ncol=2 as.numeric=TRUE >
			299	144
			298	145
			298	146
			297	147
			297	148
			297	149
			297	150
			296	151
			296	152
			296	153
			295	154
			295	155
			295	156
			295	157
			294	157
			294	158
			293	159
			293	160
			292	161
			292	162
			292	163
			291	163
			291	164
			291	165
			291	166
			291	167
			290	168
			290	169
			290	170
			289	171
			289	172
			289	173
			289	174
			288	175
			288	176
			288	177
			287	178
			287	179
			287	180
			287	181
			286	182
			286	183
			286	184
			285	185
			286	186
			286	187
			286	188
			286	189
			285	190
			284	190
			284	191
			284	192
			284	193
			285	194
			284	195
			284	196
			283	197
			283	198
			283	199
			282	200
			282	201
			283	201
			283	202
			283	203
			283	204
			282	204
			282	205
			281	205
			281	206
			281	207
			281	208
			282	209
			281	210
			281	211
			281	212
			281	213
			280	214
			280	215
			280	216
			280	217
			280	218
			280	219
			279	220
			279	221
			278	221
			277	222
			278	223
			278	224
			278	225
			278	226
			278	227
			278	228
			277	229
			277	230
			278	231
			278	232
			277	233
			277	234
			276	235
			276	236
			275	236
			275	237
			276	237
			276	238
			276	239
			276	240
			276	241
			275	242
			275	243
			274	244
			274	245
			274	246
			273	247
			273	248
			273	249
			273	250
			272	250
			272	251
			272	252
			272	253
			271	253
			271	254
			271	255
			271	256
			271	257
			271	258
			271	259
			271	260
			271	261
			271	262
			271	263
			272	264
		</Left_Side>
		<Left_Wing type=matrix rownames=FALSE colnames=FALSE nrow=48 ncol=2 as.numeric=TRUE >
			272	264
			273	264
			273	263
			274	262
			275	262
			275	261
			276	261
			277	260
			278	259
			279	258
			280	257
			281	257
			282	256
			283	257
			284	257
			284	258
			285	259
			285	260
			285	261
			285	262
			285	263
			285	264
			285	265
			285	266
			285	267
			285	268
			285	269
			285	270
			285	271
			285	272
			285	273
			285	274
			286	275
			286	276
			286	277
			286	278
			286	279
			286	280
			286	281
			287	282
			287	283
			287	284
			288	285
			289	286
			290	286
			291	287
			292	288
			293	288
		</Left_Wing>
		<Right_Wing type=matrix rownames=FALSE colnames=FALSE nrow=43 ncol=2 as.numeric=TRUE >
			293	288
			294	287
			295	287
			296	286
			297	285
			298	284
			299	283
			300	282
			300	281
			301	280
			301	279
			301	278
			301	277
			302	277
			302	276
			302	275
			302	274
			302	273
			302	272
			302	271
			302	270
			302	269
			302	268
			302	267
			303	267
			303	266
			303	265
			303	264
			304	264
			305	263
			306	263
			307	263
			308	263
			309	264
			310	264
			310	265
			311	265
			312	265
			313	266
			314	266
			315	266
			316	266
			317	266
		</Right_Wing>
		<Right_Side type=matrix rownames=FALSE colnames=FALSE nrow=127 ncol=2 as.numeric=TRUE >
			317	266
			317	265
			317	264
			317	263
			317	262
			317	261
			317	260
			316	260
			316	259
			316	258
			316	257
			316	256
			316	255
			316	254
			316	253
			316	252
			316	251
			316	250
			315	249
			315	248
			315	247
			315	246
			315	245
			314	245
			314	244
			314	243
			314	242
			314	241
			313	240
			312	239
			312	238
			311	237
			311	236
			312	235
			312	234
			312	233
			311	232
			311	231
			311	230
			311	229
			311	228
			311	227
			311	226
			310	225
			310	224
			310	223
			310	222
			310	221
			310	220
			309	219
			309	218
			309	217
			309	216
			309	215
			309	214
			309	213
			308	212
			308	211
			308	210
			308	209
			308	208
			308	207
			308	206
			308	205
			308	204
			307	203
			307	202
			307	201
			307	200
			307	199
			307	198
			307	197
			307	196
			306	195
			306	194
			306	193
			306	192
			306	191
			306	190
			306	189
			306	188
			306	187
			305	186
			305	185
			305	184
			305	183
			305	182
			305	181
			305	180
			305	179
			305	178
			304	177
			304	176
			304	175
			304	174
			304	173
			304	172
			304	171
			304	170
			304	169
			304	168
			303	168
			303	167
			303	166
			303	165
			303	164
			303	163
			303	162
			302	161
			302	160
			302	159
			302	158
			302	157
			302	156
			301	155
			301	154
			301	153
			301	152
			301	151
			300	150
			300	149
			300	148
			300	147
			300	146
			299	146
			299	145
			299	144
		</Right_Side>
	</curves.pixel>
	<curves.scaled type=list>
		<Left_Side type=matrix rownames=FALSE colnames=FALSE nrow=132 ncol=2 as.numeric=TRUE >
			90.5462002323509	-43.607534560062
			90.2433701312394	-43.9103646611735
			90.2433701312394	-44.2131947622851
			89.9405400301278	-44.5160248633966
			89.9405400301278	-44.8188549645081
			89.9405400301278	-45.1216850656197
			89.9405400301278	-45.4245151667312
			89.6377099290163	-45.7273452678428
			89.6377099290163	-46.0301753689543
			89.6377099290163	-46.3330054700658
			89.3348798279047	-46.6358355711774
			89.3348798279047	-46.9386656722889
			89.3348798279047	-47.2414957734005
			89.3348798279047	-47.544325874512
			89.0320497267932	-47.544325874512
			89.0320497267932	-47.8471559756236
			88.7292196256817	-48.1499860767351
			88.7292196256817	-48.4528161778466
			88.4263895245701	-48.7556462789582
			88.4263895245701	-49.0584763800697
			88.4263895245701	-49.3613064811813
			88.1235594234586	-49.3613064811813
			88.1235594234586	-49.6641365822928
			88.1235594234586	-49.9669666834043
			88.1235594234586	-50.2697967845159
			88.1235594234586	-50.5726268856274
			87.820729322347	-50.875456986739
			87.820729322347	-51.1782870878505
			87.820729322347	-51.481117188962
			87.5178992212355	-51.7839472900736
			87.5178992212355	-52.0867773911851
			87.5178992212355	-52.3896074922967
			87.5178992212355	-52.6924375934082
			87.2150691201239	-52.9952676945198
			87.2150691201239	-53.2980977956313
			87.2150691201239	-53.6009278967428
			86.9122390190124	-53.9037579978544
			86.9122390190124	-54.2065880989659
			86.9122390190124	-54.5094182000775
			86.9122390190124	-54.812248301189
			86.6094089179009	-55.1150784023005
			86.6094089179009	-55.4179085034121
			86.6094089179009	-55.7207386045236
			86.3065788167893	-56.0235687056352
			86.6094089179009	-56.3263988067467
			86.6094089179009	-56.6292289078583
			86.6094089179009	-56.9320590089698
			86.6094089179009	-57.2348891100813
			86.3065788167893	-57.5377192111929
			86.0037487156778	-57.5377192111929
			86.0037487156778	-57.8405493123044
			86.0037487156778	-58.143379413416
			86.0037487156778	-58.4462095145275
			86.3065788167893	-58.749039615639
			86.0037487156778	-59.0518697167506
			86.0037487156778	-59.3546998178621
			85.7009186145662	-59.6575299189737
			85.7009186145662	-59.9603600200852
			85.7009186145662	-60.2631901211968
			85.3980885134547	-60.5660202223083
			85.3980885134547	-60.8688503234198
			85.7009186145662	-60.8688503234198
			85.7009186145662	-61.1716804245314
			85.7009186145662	-61.4745105256429
			85.7009186145662	-61.7773406267545
			85.3980885134547	-61.7773406267545
			85.3980885134547	-62.080170727866
			85.0952584123432	-62.080170727866
			85.0952584123432	-62.3830008289775
			85.0952584123432	-62.6858309300891
			85.0952584123432	-62.9886610312006
			85.3980885134547	-63.2914911323122
			85.0952584123432	-63.5943212334237
			85.0952584123432	-63.8971513345352
			85.0952584123432	-64.1999814356468
			85.0952584123432	-64.5028115367583
			84.7924283112316	-64.8056416378699
			84.7924283112316	-65.1084717389814
			84.7924283112316	-65.411301840093
			84.7924283112316	-65.7141319412045
			84.7924283112316	-66.016962042316
			84.7924283112316	-66.3197921434276
			84.4895982101201	-66.6226222445391
			84.4895982101201	-66.9254523456507
			84.1867681090085	-66.9254523456507
			83.883938007897	-67.2282824467622
			84.1867681090085	-67.5311125478737
			84.1867681090085	-67.8339426489853
			84.1867681090085	-68.1367727500968
			84.1867681090085	-68.4396028512084
			84.1867681090085	-68.7424329523199
			84.1867681090085	-69.0452630534315
			83.883938007897	-69.348093154543
			83.883938007897	-69.6509232556545
			84.1867681090085	-69.9537533567661
			84.1867681090085	-70.2565834578776
			83.883938007897	-70.5594135589892
			83.883938007897	-70.8622436601007
			83.5811079067854	-71.1650737612122
			83.5811079067854	-71.4679038623238
			83.2782778056739	-71.4679038623238
			83.2782778056739	-71.7707339634353
			83.5811079067854	-71.7707339634353
			83.5811079067854	-72.0735640645469
			83.5811079067854	-72.3763941656584
			83.5811079067854	-72.6792242667699
			83.5811079067854	-72.9820543678815
			83.2782778056739	-73.284884468993
			83.2782778056739	-73.5877145701046
			82.9754477045624	-73.8905446712161
			82.9754477045624	-74.1933747723277
			82.9754477045624	-74.4962048734392
			82.6726176034508	-74.7990349745507
			82.6726176034508	-75.1018650756623
			82.6726176034508	-75.4046951767738
			82.6726176034508	-75.7075252778854
			82.3697875023393	-75.7075252778854
			82.3697875023393	-76.0103553789969
			82.3697875023393	-76.3131854801084
			82.3697875023393	-76.61601558122
			82.0669574012277	-76.61601558122
			82.0669574012277	-76.9188456823315
			82.0669574012277	-77.2216757834431
			82.0669574012277	-77.5245058845546
			82.0669574012277	-77.8273359856662
			82.0669574012277	-78.1301660867777
			82.0669574012277	-78.4329961878892
			82.0669574012277	-78.7358262890008
			82.0669574012277	-79.0386563901123
			82.0669574012277	-79.3414864912239
			82.0669574012277	-79.6443165923354
			82.3697875023393	-79.9471466934469
		</Left_Side>
		<Left_Wing type=matrix rownames=FALSE colnames=FALSE nrow=48 ncol=2 as.numeric=TRUE >
			82.3697875023393	-79.9471466934469
			82.6726176034508	-79.9471466934469
			82.6726176034508	-79.6443165923354
			82.9754477045624	-79.3414864912239
			83.2782778056739	-79.3414864912239
			83.2782778056739	-79.0386563901123
			83.5811079067854	-79.0386563901123
			83.883938007897	-78.7358262890008
			84.1867681090085	-78.4329961878892
			84.4895982101201	-78.1301660867777
			84.7924283112316	-77.8273359856662
			85.0952584123432	-77.8273359856662
			85.3980885134547	-77.5245058845546
			85.7009186145662	-77.8273359856662
			86.0037487156778	-77.8273359856662
			86.0037487156778	-78.1301660867777
			86.3065788167893	-78.4329961878892
			86.3065788167893	-78.7358262890008
			86.3065788167893	-79.0386563901123
			86.3065788167893	-79.3414864912239
			86.3065788167893	-79.6443165923354
			86.3065788167893	-79.9471466934469
			86.3065788167893	-80.2499767945585
			86.3065788167893	-80.55280689567
			86.3065788167893	-80.8556369967816
			86.3065788167893	-81.1584670978931
			86.3065788167893	-81.4612971990046
			86.3065788167893	-81.7641273001162
			86.3065788167893	-82.0669574012277
			86.3065788167893	-82.3697875023393
			86.3065788167893	-82.6726176034508
			86.3065788167893	-82.9754477045624
			86.6094089179009	-83.2782778056739
			86.6094089179009	-83.5811079067854
			86.6094089179009	-83.883938007897
			86.6094089179009	-84.1867681090085
			86.6094089179009	-84.4895982101201
			86.6094089179009	-84.7924283112316
			86.6094089179009	-85.0952584123432
			86.9122390190124	-85.3980885134547
			86.9122390190124	-85.7009186145662
			86.9122390190124	-86.0037487156778
			87.2150691201239	-86.3065788167893
			87.5178992212355	-86.6094089179009
			87.820729322347	-86.6094089179009
			88.1235594234586	-86.9122390190124
			88.4263895245701	-87.2150691201239
			88.7292196256817	-87.2150691201239
		</Left_Wing>
		<Right_Wing type=matrix rownames=FALSE colnames=FALSE nrow=43 ncol=2 as.numeric=TRUE >
			88.7292196256817	-87.2150691201239
			89.0320497267932	-86.9122390190124
			89.3348798279047	-86.9122390190124
			89.6377099290163	-86.6094089179009
			89.9405400301278	-86.3065788167893
			90.2433701312394	-86.0037487156778
			90.5462002323509	-85.7009186145662
			90.8490303334624	-85.3980885134547
			90.8490303334624	-85.0952584123432
			91.151860434574	-84.7924283112316
			91.151860434574	-84.4895982101201
			91.151860434574	-84.1867681090085
			91.151860434574	-83.883938007897
			91.4546905356855	-83.883938007897
			91.4546905356855	-83.5811079067854
			91.4546905356855	-83.2782778056739
			91.4546905356855	-82.9754477045624
			91.4546905356855	-82.6726176034508
			91.4546905356855	-82.3697875023393
			91.4546905356855	-82.0669574012277
			91.4546905356855	-81.7641273001162
			91.4546905356855	-81.4612971990046
			91.4546905356855	-81.1584670978931
			91.4546905356855	-80.8556369967816
			91.7575206367971	-80.8556369967816
			91.7575206367971	-80.55280689567
			91.7575206367971	-80.2499767945585
			91.7575206367971	-79.9471466934469
			92.0603507379086	-79.9471466934469
			92.3631808390201	-79.6443165923354
			92.6660109401317	-79.6443165923354
			92.9688410412432	-79.6443165923354
			93.2716711423548	-79.6443165923354
			93.5745012434663	-79.9471466934469
			93.8773313445779	-79.9471466934469
			93.8773313445779	-80.2499767945585
			94.1801614456894	-80.2499767945585
			94.4829915468009	-80.2499767945585
			94.7858216479125	-80.55280689567
			95.088651749024	-80.55280689567
			95.3914818501356	-80.55280689567
			95.6943119512471	-80.55280689567
			95.9971420523586	-80.55280689567
		</Right_Wing>
		<Right_Side type=matrix rownames=FALSE colnames=FALSE nrow=127 ncol=2 as.numeric=TRUE >
			95.9971420523586	-80.55280689567
			95.9971420523586	-80.2499767945585
			95.9971420523586	-79.9471466934469
			95.9971420523586	-79.6443165923354
			95.9971420523586	-79.3414864912239
			95.9971420523586	-79.0386563901123
			95.9971420523586	-78.7358262890008
			95.6943119512471	-78.7358262890008
			95.6943119512471	-78.4329961878892
			95.6943119512471	-78.1301660867777
			95.6943119512471	-77.8273359856662
			95.6943119512471	-77.5245058845546
			95.6943119512471	-77.2216757834431
			95.6943119512471	-76.9188456823315
			95.6943119512471	-76.61601558122
			95.6943119512471	-76.3131854801084
			95.6943119512471	-76.0103553789969
			95.6943119512471	-75.7075252778854
			95.3914818501356	-75.4046951767738
			95.3914818501356	-75.1018650756623
			95.3914818501356	-74.7990349745507
			95.3914818501356	-74.4962048734392
			95.3914818501356	-74.1933747723277
			95.088651749024	-74.1933747723277
			95.088651749024	-73.8905446712161
			95.088651749024	-73.5877145701046
			95.088651749024	-73.284884468993
			95.088651749024	-72.9820543678815
			94.7858216479125	-72.6792242667699
			94.4829915468009	-72.3763941656584
			94.4829915468009	-72.0735640645469
			94.1801614456894	-71.7707339634353
			94.1801614456894	-71.4679038623238
			94.4829915468009	-71.1650737612122
			94.4829915468009	-70.8622436601007
			94.4829915468009	-70.5594135589892
			94.1801614456894	-70.2565834578776
			94.1801614456894	-69.9537533567661
			94.1801614456894	-69.6509232556545
			94.1801614456894	-69.348093154543
			94.1801614456894	-69.0452630534315
			94.1801614456894	-68.7424329523199
			94.1801614456894	-68.4396028512084
			93.8773313445779	-68.1367727500968
			93.8773313445779	-67.8339426489853
			93.8773313445779	-67.5311125478737
			93.8773313445779	-67.2282824467622
			93.8773313445779	-66.9254523456507
			93.8773313445779	-66.6226222445391
			93.5745012434663	-66.3197921434276
			93.5745012434663	-66.016962042316
			93.5745012434663	-65.7141319412045
			93.5745012434663	-65.411301840093
			93.5745012434663	-65.1084717389814
			93.5745012434663	-64.8056416378699
			93.5745012434663	-64.5028115367583
			93.2716711423548	-64.1999814356468
			93.2716711423548	-63.8971513345352
			93.2716711423548	-63.5943212334237
			93.2716711423548	-63.2914911323122
			93.2716711423548	-62.9886610312006
			93.2716711423548	-62.6858309300891
			93.2716711423548	-62.3830008289775
			93.2716711423548	-62.080170727866
			93.2716711423548	-61.7773406267545
			92.9688410412432	-61.4745105256429
			92.9688410412432	-61.1716804245314
			92.9688410412432	-60.8688503234198
			92.9688410412432	-60.5660202223083
			92.9688410412432	-60.2631901211968
			92.9688410412432	-59.9603600200852
			92.9688410412432	-59.6575299189737
			92.9688410412432	-59.3546998178621
			92.6660109401317	-59.0518697167506
			92.6660109401317	-58.749039615639
			92.6660109401317	-58.4462095145275
			92.6660109401317	-58.143379413416
			92.6660109401317	-57.8405493123044
			92.6660109401317	-57.5377192111929
			92.6660109401317	-57.2348891100813
			92.6660109401317	-56.9320590089698
			92.6660109401317	-56.6292289078583
			92.3631808390201	-56.3263988067467
			92.3631808390201	-56.0235687056352
			92.3631808390201	-55.7207386045236
			92.3631808390201	-55.4179085034121
			92.3631808390201	-55.1150784023005
			92.3631808390201	-54.812248301189
			92.3631808390201	-54.5094182000775
			92.3631808390201	-54.2065880989659
			92.3631808390201	-53.9037579978544
			92.0603507379086	-53.6009278967428
			92.0603507379086	-53.2980977956313
			92.0603507379086	-52.9952676945198
			92.0603507379086	-52.6924375934082
			92.0603507379086	-52.3896074922967
			92.0603507379086	-52.0867773911851
			92.0603507379086	-51.7839472900736
			92.0603507379086	-51.481117188962
			92.0603507379086	-51.1782870878505
			92.0603507379086	-50.875456986739
			91.7575206367971	-50.875456986739
			91.7575206367971	-50.5726268856274
			91.7575206367971	-50.2697967845159
			91.7575206367971	-49.9669666834043
			91.7575206367971	-49.6641365822928
			91.7575206367971	-49.3613064811813
			91.7575206367971	-49.0584763800697
			91.4546905356855	-48.7556462789582
			91.4546905356855	-48.4528161778466
			91.4546905356855	-48.1499860767351
			91.4546905356855	-47.8471559756236
			91.4546905356855	-47.544325874512
			91.4546905356855	-47.2414957734005
			91.151860434574	-46.9386656722889
			91.151860434574	-46.6358355711774
			91.151860434574	-46.3330054700658
			91.151860434574	-46.0301753689543
			91.151860434574	-45.7273452678428
			90.8490303334624	-45.4245151667312
			90.8490303334624	-45.1216850656197
			90.8490303334624	-44.8188549645081
			90.8490303334624	-44.5160248633966
			90.8490303334624	-44.2131947622851
			90.5462002323509	-44.2131947622851
			90.5462002323509	-43.9103646611735
			90.5462002323509	-43.607534560062
		</Right_Side>
	</curves.scaled>
	<ruler.points type=matrix rownames=TRUE colnames=FALSE nrow=6 ncol=2 as.numeric=TRUE >
		Ruler point 1	281	362
		Ruler point 2	314	361
		Ruler point 3	347	359
		Ruler point 4	380	359
		Ruler point 5	411	357
		Ruler point 6	446	356
	</ruler.points>
</shapes>

