<shapes type=list>
	<ruler.pixel type=vector names=FALSE length=1 as.numeric=TRUE >31</ruler.pixel>
	<ruler.interval type=vector names=FALSE length=1 as.numeric=TRUE >10</ruler.interval>
	<scaling.units type=vector names=FALSE length=1 as.numeric=FALSE >mm</scaling.units>
	<scaling type=vector names=FALSE length=1 as.numeric=TRUE >0.32258064516129</scaling>
	<landmarks.pixel type=matrix rownames=TRUE colnames=FALSE nrow=4 ncol=2 as.numeric=TRUE >
		Point_Tip	325	200
		Left_Tang_Center	299	251
		Base_Center	324	266
		Right_Tang_Center	358	256
	</landmarks.pixel>
	<landmarks.scaled type=matrix rownames=TRUE colnames=FALSE nrow=4 ncol=2 as.numeric=TRUE >
		Point_Tip	104.838709677419	-64.5161290322581
		Left_Tang_Center	96.4516129032258	-80.9677419354839
		Base_Center	104.516129032258	-85.8064516129032
		Right_Tang_Center	115.483870967742	-82.5806451612903
	</landmarks.scaled>
	<curves.control type=list>
		<Left_Side type=matrix rownames=FALSE colnames=FALSE nrow=9 ncol=2 as.numeric=TRUE >
			325	200
			322	202
			322	205
			315	212
			311	218
			310	223
			311	227
			308	237
			299	251
		</Left_Side>
		<Left_Wing type=matrix rownames=FALSE colnames=FALSE nrow=7 ncol=2 as.numeric=TRUE >
			299	251
			305	255
			309	253
			315	254
			317	257
			318	265
			324	266
		</Left_Wing>
		<Right_Wing type=matrix rownames=FALSE colnames=FALSE nrow=9 ncol=2 as.numeric=TRUE >
			324	266
			332	269
			334	263
			334	258
			338	255
			343	253
			348	258
			354	257
			358	256
		</Right_Wing>
		<Right_Side type=matrix rownames=FALSE colnames=FALSE nrow=9 ncol=2 as.numeric=TRUE >
			358	256
			355	252
			355	247
			344	242
			341	226
			338	218
			334	208
			329	203
			325	200
		</Right_Side>
	</curves.control>
	<curves.pixel type=list>
		<Left_Side type=matrix rownames=FALSE colnames=FALSE nrow=56 ncol=2 as.numeric=TRUE >
			325	200
			324	201
			323	202
			322	203
			322	204
			322	205
			321	206
			320	207
			319	208
			318	209
			318	210
			317	210
			316	211
			316	212
			315	213
			314	213
			314	214
			313	215
			313	216
			312	216
			312	217
			311	218
			311	219
			311	220
			311	221
			311	222
			311	223
			311	224
			311	225
			311	226
			311	227
			311	228
			310	229
			310	230
			310	231
			309	232
			309	233
			308	234
			308	235
			307	236
			307	237
			307	238
			306	239
			305	240
			305	241
			304	242
			304	243
			303	244
			302	245
			302	246
			302	247
			301	247
			301	248
			300	249
			300	250
			299	251
		</Left_Side>
		<Left_Wing type=matrix rownames=FALSE colnames=FALSE nrow=31 ncol=2 as.numeric=TRUE >
			299	251
			300	252
			301	252
			302	253
			303	253
			304	253
			305	254
			306	254
			307	254
			308	253
			309	253
			310	253
			311	253
			312	254
			313	254
			314	254
			315	255
			316	256
			317	256
			317	257
			317	258
			317	259
			318	260
			318	261
			318	262
			319	263
			320	264
			321	265
			322	265
			323	266
			324	266
		</Left_Wing>
		<Right_Wing type=matrix rownames=FALSE colnames=FALSE nrow=40 ncol=2 as.numeric=TRUE >
			324	266
			325	266
			326	267
			327	267
			328	267
			329	267
			330	267
			331	266
			332	266
			333	265
			334	264
			334	263
			334	262
			334	261
			334	260
			335	259
			336	258
			336	257
			337	256
			338	255
			339	255
			340	255
			341	254
			342	255
			343	255
			344	255
			345	256
			346	256
			347	257
			348	258
			349	258
			350	258
			351	257
			352	257
			353	257
			354	257
			355	257
			356	256
			357	256
			358	256
		</Right_Wing>
		<Right_Side type=matrix rownames=FALSE colnames=FALSE nrow=65 ncol=2 as.numeric=TRUE >
			358	256
			357	255
			357	254
			356	253
			356	252
			355	251
			355	250
			355	249
			355	248
			355	247
			354	247
			353	246
			352	245
			351	245
			350	244
			349	243
			349	242
			348	242
			347	241
			347	240
			346	239
			345	238
			345	237
			344	236
			344	235
			343	234
			343	233
			343	232
			342	231
			342	230
			342	229
			342	228
			341	228
			341	227
			341	226
			341	225
			340	224
			340	223
			339	222
			339	221
			339	220
			338	219
			338	218
			337	217
			337	216
			337	215
			336	214
			336	213
			336	212
			335	212
			335	211
			335	210
			334	209
			334	208
			333	207
			332	206
			331	206
			331	205
			330	204
			329	203
			328	203
			327	202
			327	201
			326	201
			325	200
		</Right_Side>
	</curves.pixel>
	<curves.scaled type=list>
		<Left_Side type=matrix rownames=FALSE colnames=FALSE nrow=56 ncol=2 as.numeric=TRUE >
			104.838709677419	-64.5161290322581
			104.516129032258	-64.8387096774194
			104.193548387097	-65.1612903225806
			103.870967741935	-65.4838709677419
			103.870967741935	-65.8064516129032
			103.870967741935	-66.1290322580645
			103.548387096774	-66.4516129032258
			103.225806451613	-66.7741935483871
			102.903225806452	-67.0967741935484
			102.58064516129	-67.4193548387097
			102.58064516129	-67.741935483871
			102.258064516129	-67.741935483871
			101.935483870968	-68.0645161290323
			101.935483870968	-68.3870967741936
			101.612903225806	-68.7096774193548
			101.290322580645	-68.7096774193548
			101.290322580645	-69.0322580645161
			100.967741935484	-69.3548387096774
			100.967741935484	-69.6774193548387
			100.645161290323	-69.6774193548387
			100.645161290323	-70
			100.322580645161	-70.3225806451613
			100.322580645161	-70.6451612903226
			100.322580645161	-70.9677419354839
			100.322580645161	-71.2903225806452
			100.322580645161	-71.6129032258064
			100.322580645161	-71.9354838709677
			100.322580645161	-72.258064516129
			100.322580645161	-72.5806451612903
			100.322580645161	-72.9032258064516
			100.322580645161	-73.2258064516129
			100.322580645161	-73.5483870967742
			100	-73.8709677419355
			100	-74.1935483870968
			100	-74.5161290322581
			99.6774193548387	-74.8387096774194
			99.6774193548387	-75.1612903225806
			99.3548387096774	-75.4838709677419
			99.3548387096774	-75.8064516129032
			99.0322580645161	-76.1290322580645
			99.0322580645161	-76.4516129032258
			99.0322580645161	-76.7741935483871
			98.7096774193548	-77.0967741935484
			98.3870967741936	-77.4193548387097
			98.3870967741936	-77.741935483871
			98.0645161290323	-78.0645161290323
			98.0645161290323	-78.3870967741936
			97.741935483871	-78.7096774193548
			97.4193548387097	-79.0322580645161
			97.4193548387097	-79.3548387096774
			97.4193548387097	-79.6774193548387
			97.0967741935484	-79.6774193548387
			97.0967741935484	-80
			96.7741935483871	-80.3225806451613
			96.7741935483871	-80.6451612903226
			96.4516129032258	-80.9677419354839
		</Left_Side>
		<Left_Wing type=matrix rownames=FALSE colnames=FALSE nrow=31 ncol=2 as.numeric=TRUE >
			96.4516129032258	-80.9677419354839
			96.7741935483871	-81.2903225806452
			97.0967741935484	-81.2903225806452
			97.4193548387097	-81.6129032258064
			97.741935483871	-81.6129032258064
			98.0645161290323	-81.6129032258064
			98.3870967741936	-81.9354838709677
			98.7096774193548	-81.9354838709677
			99.0322580645161	-81.9354838709677
			99.3548387096774	-81.6129032258064
			99.6774193548387	-81.6129032258064
			100	-81.6129032258064
			100.322580645161	-81.6129032258064
			100.645161290323	-81.9354838709677
			100.967741935484	-81.9354838709677
			101.290322580645	-81.9354838709677
			101.612903225806	-82.258064516129
			101.935483870968	-82.5806451612903
			102.258064516129	-82.5806451612903
			102.258064516129	-82.9032258064516
			102.258064516129	-83.2258064516129
			102.258064516129	-83.5483870967742
			102.58064516129	-83.8709677419355
			102.58064516129	-84.1935483870968
			102.58064516129	-84.5161290322581
			102.903225806452	-84.8387096774194
			103.225806451613	-85.1612903225806
			103.548387096774	-85.4838709677419
			103.870967741935	-85.4838709677419
			104.193548387097	-85.8064516129032
			104.516129032258	-85.8064516129032
		</Left_Wing>
		<Right_Wing type=matrix rownames=FALSE colnames=FALSE nrow=40 ncol=2 as.numeric=TRUE >
			104.516129032258	-85.8064516129032
			104.838709677419	-85.8064516129032
			105.161290322581	-86.1290322580645
			105.483870967742	-86.1290322580645
			105.806451612903	-86.1290322580645
			106.129032258065	-86.1290322580645
			106.451612903226	-86.1290322580645
			106.774193548387	-85.8064516129032
			107.096774193548	-85.8064516129032
			107.41935483871	-85.4838709677419
			107.741935483871	-85.1612903225806
			107.741935483871	-84.8387096774194
			107.741935483871	-84.5161290322581
			107.741935483871	-84.1935483870968
			107.741935483871	-83.8709677419355
			108.064516129032	-83.5483870967742
			108.387096774194	-83.2258064516129
			108.387096774194	-82.9032258064516
			108.709677419355	-82.5806451612903
			109.032258064516	-82.258064516129
			109.354838709677	-82.258064516129
			109.677419354839	-82.258064516129
			110	-81.9354838709677
			110.322580645161	-82.258064516129
			110.645161290323	-82.258064516129
			110.967741935484	-82.258064516129
			111.290322580645	-82.5806451612903
			111.612903225806	-82.5806451612903
			111.935483870968	-82.9032258064516
			112.258064516129	-83.2258064516129
			112.58064516129	-83.2258064516129
			112.903225806452	-83.2258064516129
			113.225806451613	-82.9032258064516
			113.548387096774	-82.9032258064516
			113.870967741935	-82.9032258064516
			114.193548387097	-82.9032258064516
			114.516129032258	-82.9032258064516
			114.838709677419	-82.5806451612903
			115.161290322581	-82.5806451612903
			115.483870967742	-82.5806451612903
		</Right_Wing>
		<Right_Side type=matrix rownames=FALSE colnames=FALSE nrow=65 ncol=2 as.numeric=TRUE >
			115.483870967742	-82.5806451612903
			115.161290322581	-82.258064516129
			115.161290322581	-81.9354838709677
			114.838709677419	-81.6129032258064
			114.838709677419	-81.2903225806452
			114.516129032258	-80.9677419354839
			114.516129032258	-80.6451612903226
			114.516129032258	-80.3225806451613
			114.516129032258	-80
			114.516129032258	-79.6774193548387
			114.193548387097	-79.6774193548387
			113.870967741935	-79.3548387096774
			113.548387096774	-79.0322580645161
			113.225806451613	-79.0322580645161
			112.903225806452	-78.7096774193548
			112.58064516129	-78.3870967741936
			112.58064516129	-78.0645161290323
			112.258064516129	-78.0645161290323
			111.935483870968	-77.741935483871
			111.935483870968	-77.4193548387097
			111.612903225806	-77.0967741935484
			111.290322580645	-76.7741935483871
			111.290322580645	-76.4516129032258
			110.967741935484	-76.1290322580645
			110.967741935484	-75.8064516129032
			110.645161290323	-75.4838709677419
			110.645161290323	-75.1612903225806
			110.645161290323	-74.8387096774194
			110.322580645161	-74.5161290322581
			110.322580645161	-74.1935483870968
			110.322580645161	-73.8709677419355
			110.322580645161	-73.5483870967742
			110	-73.5483870967742
			110	-73.2258064516129
			110	-72.9032258064516
			110	-72.5806451612903
			109.677419354839	-72.258064516129
			109.677419354839	-71.9354838709677
			109.354838709677	-71.6129032258064
			109.354838709677	-71.2903225806452
			109.354838709677	-70.9677419354839
			109.032258064516	-70.6451612903226
			109.032258064516	-70.3225806451613
			108.709677419355	-70
			108.709677419355	-69.6774193548387
			108.709677419355	-69.3548387096774
			108.387096774194	-69.0322580645161
			108.387096774194	-68.7096774193548
			108.387096774194	-68.3870967741936
			108.064516129032	-68.3870967741936
			108.064516129032	-68.0645161290323
			108.064516129032	-67.741935483871
			107.741935483871	-67.4193548387097
			107.741935483871	-67.0967741935484
			107.41935483871	-66.7741935483871
			107.096774193548	-66.4516129032258
			106.774193548387	-66.4516129032258
			106.774193548387	-66.1290322580645
			106.451612903226	-65.8064516129032
			106.129032258065	-65.4838709677419
			105.806451612903	-65.4838709677419
			105.483870967742	-65.1612903225806
			105.483870967742	-64.8387096774194
			105.161290322581	-64.8387096774194
			104.838709677419	-64.5161290322581
		</Right_Side>
	</curves.scaled>
	<ruler.points type=matrix rownames=TRUE colnames=FALSE nrow=3 ncol=2 as.numeric=TRUE >
		Ruler point 1	296	501
		Ruler point 2	327	501
		Ruler point 3	358	501
	</ruler.points>
</shapes>

