<shapes type=list>
	<ruler.pixel type=vector names=FALSE length=1 as.numeric=TRUE >26.9999999999946</ruler.pixel>
	<ruler.interval type=vector names=FALSE length=1 as.numeric=TRUE >10</ruler.interval>
	<scaling.units type=vector names=FALSE length=1 as.numeric=FALSE >mm</scaling.units>
	<scaling type=vector names=FALSE length=1 as.numeric=TRUE >0.370370370370445</scaling>
	<landmarks.pixel type=matrix rownames=TRUE colnames=FALSE nrow=4 ncol=2 as.numeric=TRUE >
		Point_Tip	185	212
		Left_Tang_Center	167	261
		Base_Center	183	273
		Right_Tang_Center	199	256
	</landmarks.pixel>
	<landmarks.scaled type=matrix rownames=TRUE colnames=FALSE nrow=4 ncol=2 as.numeric=TRUE >
		Point_Tip	68.5185185185322	-78.5185185185343
		Left_Tang_Center	61.8518518518642	-96.666666666686
		Base_Center	67.7777777777914	-101.111111111131
		Right_Tang_Center	73.7037037037185	-94.8148148148338
	</landmarks.scaled>
	<curves.control type=list>
		<Left_Side type=matrix rownames=FALSE colnames=FALSE nrow=11 ncol=2 as.numeric=TRUE >
			185	212
			183	212
			181	214
			176	222
			176	225
			174	228
			172	232
			172	237
			171	243
			167	248
			167	261
		</Left_Side>
		<Left_Wing type=matrix rownames=FALSE colnames=FALSE nrow=9 ncol=2 as.numeric=TRUE >
			167	261
			170	260
			173	258
			177	257
			177	261
			176	267
			180	270
			181	272
			183	273
		</Left_Wing>
		<Right_Wing type=matrix rownames=FALSE colnames=FALSE nrow=9 ncol=2 as.numeric=TRUE >
			183	273
			185	273
			188	267
			188	260
			190	259
			193	259
			197	259
			198	258
			199	256
		</Right_Wing>
		<Right_Side type=matrix rownames=FALSE colnames=FALSE nrow=11 ncol=2 as.numeric=TRUE >
			199	256
			199	253
			197	251
			198	242
			192	232
			194	225
			191	218
			188	215
			188	213
			186	212
			185	212
		</Right_Side>
	</curves.control>
	<curves.pixel type=list>
		<Left_Side type=matrix rownames=FALSE colnames=FALSE nrow=52 ncol=2 as.numeric=TRUE >
			185	212
			184	212
			183	213
			182	213
			181	214
			180	215
			180	216
			179	217
			178	218
			178	219
			177	220
			177	221
			177	222
			176	223
			176	224
			176	225
			175	226
			175	227
			174	228
			173	229
			173	230
			172	231
			172	232
			172	233
			172	234
			172	235
			172	236
			172	237
			172	238
			172	239
			171	240
			171	241
			171	242
			171	243
			170	244
			170	245
			169	246
			169	247
			169	248
			168	249
			168	250
			168	251
			168	252
			167	253
			167	254
			167	255
			167	256
			167	257
			167	258
			167	259
			167	260
			167	261
		</Left_Side>
		<Left_Wing type=matrix rownames=FALSE colnames=FALSE nrow=27 ncol=2 as.numeric=TRUE >
			167	261
			168	261
			169	260
			170	260
			171	259
			172	258
			173	258
			174	258
			175	258
			176	258
			177	259
			177	260
			177	261
			177	262
			177	263
			177	264
			177	265
			177	266
			178	267
			178	268
			179	269
			180	270
			180	271
			181	271
			181	272
			182	272
			183	273
		</Left_Wing>
		<Right_Wing type=matrix rownames=FALSE colnames=FALSE nrow=28 ncol=2 as.numeric=TRUE >
			183	273
			184	273
			184	272
			185	272
			186	271
			186	270
			187	269
			187	268
			188	267
			188	266
			188	265
			188	264
			188	263
			188	262
			189	261
			189	260
			190	259
			191	259
			192	259
			193	259
			194	259
			195	259
			196	259
			197	259
			197	258
			198	258
			199	257
			199	256
		</Right_Wing>
		<Right_Side type=matrix rownames=FALSE colnames=FALSE nrow=48 ncol=2 as.numeric=TRUE >
			199	256
			199	255
			199	254
			198	253
			198	252
			197	251
			197	250
			197	249
			197	248
			197	247
			197	246
			197	245
			197	244
			197	243
			196	243
			196	242
			196	241
			196	240
			195	239
			195	238
			194	237
			194	236
			193	235
			193	234
			192	233
			192	232
			192	231
			192	230
			193	229
			193	228
			193	227
			193	226
			193	225
			193	224
			192	223
			192	222
			192	221
			192	220
			191	219
			191	218
			190	217
			189	216
			189	215
			188	214
			188	213
			187	212
			186	212
			185	212
		</Right_Side>
	</curves.pixel>
	<curves.scaled type=list>
		<Left_Side type=matrix rownames=FALSE colnames=FALSE nrow=52 ncol=2 as.numeric=TRUE >
			68.5185185185322	-78.5185185185343
			68.1481481481618	-78.5185185185343
			67.7777777777914	-78.8888888889047
			67.4074074074209	-78.8888888889047
			67.0370370370505	-79.2592592592751
			66.66666666668	-79.6296296296456
			66.66666666668	-80.000000000016
			66.2962962963096	-80.3703703703865
			65.9259259259391	-80.7407407407569
			65.9259259259391	-81.1111111111274
			65.5555555555687	-81.4814814814978
			65.5555555555687	-81.8518518518682
			65.5555555555687	-82.2222222222387
			65.1851851851983	-82.5925925926091
			65.1851851851983	-82.9629629629796
			65.1851851851983	-83.33333333335
			64.8148148148278	-83.7037037037205
			64.8148148148278	-84.0740740740909
			64.4444444444574	-84.4444444444614
			64.0740740740869	-84.8148148148318
			64.0740740740869	-85.1851851852023
			63.7037037037165	-85.5555555555727
			63.7037037037165	-85.9259259259431
			63.7037037037165	-86.2962962963136
			63.7037037037165	-86.666666666684
			63.7037037037165	-87.0370370370545
			63.7037037037165	-87.4074074074249
			63.7037037037165	-87.7777777777954
			63.7037037037165	-88.1481481481658
			63.7037037037165	-88.5185185185363
			63.333333333346	-88.8888888889067
			63.333333333346	-89.2592592592771
			63.333333333346	-89.6296296296476
			63.333333333346	-90.000000000018
			62.9629629629756	-90.3703703703885
			62.9629629629756	-90.7407407407589
			62.5925925926051	-91.1111111111294
			62.5925925926051	-91.4814814814998
			62.5925925926051	-91.8518518518703
			62.2222222222347	-92.2222222222407
			62.2222222222347	-92.5925925926111
			62.2222222222347	-92.9629629629816
			62.2222222222347	-93.333333333352
			61.8518518518642	-93.7037037037225
			61.8518518518642	-94.0740740740929
			61.8518518518642	-94.4444444444634
			61.8518518518642	-94.8148148148338
			61.8518518518642	-95.1851851852042
			61.8518518518642	-95.5555555555747
			61.8518518518642	-95.9259259259451
			61.8518518518642	-96.2962962963156
			61.8518518518642	-96.666666666686
		</Left_Side>
		<Left_Wing type=matrix rownames=FALSE colnames=FALSE nrow=27 ncol=2 as.numeric=TRUE >
			61.8518518518642	-96.666666666686
			62.2222222222347	-96.666666666686
			62.5925925926051	-96.2962962963156
			62.9629629629756	-96.2962962963156
			63.333333333346	-95.9259259259451
			63.7037037037165	-95.5555555555747
			64.0740740740869	-95.5555555555747
			64.4444444444574	-95.5555555555747
			64.8148148148278	-95.5555555555747
			65.1851851851983	-95.5555555555747
			65.5555555555687	-95.9259259259451
			65.5555555555687	-96.2962962963156
			65.5555555555687	-96.666666666686
			65.5555555555687	-97.0370370370565
			65.5555555555687	-97.4074074074269
			65.5555555555687	-97.7777777777974
			65.5555555555687	-98.1481481481678
			65.5555555555687	-98.5185185185383
			65.9259259259391	-98.8888888889087
			65.9259259259391	-99.2592592592791
			66.2962962963096	-99.6296296296496
			66.66666666668	-100.00000000002
			66.66666666668	-100.37037037039
			67.0370370370505	-100.37037037039
			67.0370370370505	-100.740740740761
			67.4074074074209	-100.740740740761
			67.7777777777914	-101.111111111131
		</Left_Wing>
		<Right_Wing type=matrix rownames=FALSE colnames=FALSE nrow=28 ncol=2 as.numeric=TRUE >
			67.7777777777914	-101.111111111131
			68.1481481481618	-101.111111111131
			68.1481481481618	-100.740740740761
			68.5185185185322	-100.740740740761
			68.8888888889027	-100.37037037039
			68.8888888889027	-100.00000000002
			69.2592592592731	-99.6296296296496
			69.2592592592731	-99.2592592592791
			69.6296296296436	-98.8888888889087
			69.6296296296436	-98.5185185185383
			69.6296296296436	-98.1481481481678
			69.6296296296436	-97.7777777777974
			69.6296296296436	-97.4074074074269
			69.6296296296436	-97.0370370370565
			70.000000000014	-96.666666666686
			70.000000000014	-96.2962962963156
			70.3703703703845	-95.9259259259451
			70.7407407407549	-95.9259259259451
			71.1111111111254	-95.9259259259451
			71.4814814814958	-95.9259259259451
			71.8518518518662	-95.9259259259451
			72.2222222222367	-95.9259259259451
			72.5925925926071	-95.9259259259451
			72.9629629629776	-95.9259259259451
			72.9629629629776	-95.5555555555747
			73.333333333348	-95.5555555555747
			73.7037037037185	-95.1851851852042
			73.7037037037185	-94.8148148148338
		</Right_Wing>
		<Right_Side type=matrix rownames=FALSE colnames=FALSE nrow=48 ncol=2 as.numeric=TRUE >
			73.7037037037185	-94.8148148148338
			73.7037037037185	-94.4444444444634
			73.7037037037185	-94.0740740740929
			73.333333333348	-93.7037037037225
			73.333333333348	-93.333333333352
			72.9629629629776	-92.9629629629816
			72.9629629629776	-92.5925925926111
			72.9629629629776	-92.2222222222407
			72.9629629629776	-91.8518518518703
			72.9629629629776	-91.4814814814998
			72.9629629629776	-91.1111111111294
			72.9629629629776	-90.7407407407589
			72.9629629629776	-90.3703703703885
			72.9629629629776	-90.000000000018
			72.5925925926071	-90.000000000018
			72.5925925926071	-89.6296296296476
			72.5925925926071	-89.2592592592771
			72.5925925926071	-88.8888888889067
			72.2222222222367	-88.5185185185363
			72.2222222222367	-88.1481481481658
			71.8518518518662	-87.7777777777954
			71.8518518518662	-87.4074074074249
			71.4814814814958	-87.0370370370545
			71.4814814814958	-86.666666666684
			71.1111111111254	-86.2962962963136
			71.1111111111254	-85.9259259259431
			71.1111111111254	-85.5555555555727
			71.1111111111254	-85.1851851852023
			71.4814814814958	-84.8148148148318
			71.4814814814958	-84.4444444444614
			71.4814814814958	-84.0740740740909
			71.4814814814958	-83.7037037037205
			71.4814814814958	-83.33333333335
			71.4814814814958	-82.9629629629796
			71.1111111111254	-82.5925925926091
			71.1111111111254	-82.2222222222387
			71.1111111111254	-81.8518518518682
			71.1111111111254	-81.4814814814978
			70.7407407407549	-81.1111111111274
			70.7407407407549	-80.7407407407569
			70.3703703703845	-80.3703703703865
			70.000000000014	-80.000000000016
			70.000000000014	-79.6296296296456
			69.6296296296436	-79.2592592592751
			69.6296296296436	-78.8888888889047
			69.2592592592731	-78.5185185185343
			68.8888888889027	-78.5185185185343
			68.5185185185322	-78.5185185185343
		</Right_Side>
	</curves.scaled>
	<ruler.points type=matrix rownames=TRUE colnames=FALSE nrow=6 ncol=2 as.numeric=TRUE >
		Ruler point 1	188	526
		Ruler point 2	215	526
		Ruler point 3	242	526
		Ruler point 4	268	526
		Ruler point 5	296	526
		Ruler point 6	323	526
	</ruler.points>
</shapes>

