<shapes type=list>
	<ruler.pixel type=vector names=FALSE length=1 as.numeric=TRUE >27.001157417504</ruler.pixel>
	<ruler.interval type=vector names=FALSE length=1 as.numeric=TRUE >10</ruler.interval>
	<scaling.units type=vector names=FALSE length=1 as.numeric=FALSE >mm</scaling.units>
	<scaling type=vector names=FALSE length=1 as.numeric=TRUE >0.370354494267617</scaling>
	<landmarks.pixel type=matrix rownames=TRUE colnames=FALSE nrow=4 ncol=2 as.numeric=TRUE >
		Point_Tip	103	165
		Left_Tang_Center	83	196
		Base_Center	103	221
		Right_Tang_Center	125	200
	</landmarks.pixel>
	<landmarks.scaled type=matrix rownames=TRUE colnames=FALSE nrow=4 ncol=2 as.numeric=TRUE >
		Point_Tip	38.1465129095645	-61.1084915541567
		Left_Tang_Center	30.7394230242122	-72.5894808764529
		Base_Center	38.1465129095645	-81.8483432331433
		Right_Tang_Center	46.2943117834521	-74.0708988535233
	</landmarks.scaled>
	<curves.control type=list>
		<Left_Side type=matrix rownames=FALSE colnames=FALSE nrow=13 ncol=2 as.numeric=TRUE >
			103	165
			101	165
			101	166
			101	167
			100	168
			101	171
			98	172
			97	177
			94	177
			91	187
			85	192
			83	194
			83	196
		</Left_Side>
		<Left_Wing type=matrix rownames=FALSE colnames=FALSE nrow=15 ncol=2 as.numeric=TRUE >
			83	196
			84	197
			85	197
			87	198
			88	199
			90	199
			95	199
			95	201
			96	201
			96	208
			97	213
			99	214
			99	218
			101	219
			103	221
		</Left_Wing>
		<Right_Wing type=matrix rownames=FALSE colnames=FALSE nrow=11 ncol=2 as.numeric=TRUE >
			103	221
			105	222
			107	218
			108	215
			109	208
			111	206
			110	198
			112	197
			116	197
			117	198
			125	200
		</Right_Wing>
		<Right_Side type=matrix rownames=FALSE colnames=FALSE nrow=7 ncol=2 as.numeric=TRUE >
			125	200
			123	195
			108	173
			106	169
			105	167
			104	166
			103	165
		</Right_Side>
	</curves.control>
	<curves.pixel type=list>
		<Left_Side type=matrix rownames=FALSE colnames=FALSE nrow=35 ncol=2 as.numeric=TRUE >
			103	165
			102	165
			101	166
			101	167
			100	168
			100	169
			100	170
			100	171
			99	172
			98	173
			97	174
			97	175
			97	176
			96	176
			95	177
			94	177
			94	178
			93	179
			93	180
			93	181
			92	182
			92	183
			91	184
			91	185
			90	186
			90	187
			89	188
			88	189
			87	190
			86	191
			85	192
			84	193
			84	194
			83	195
			83	196
		</Left_Side>
		<Left_Wing type=matrix rownames=FALSE colnames=FALSE nrow=37 ncol=2 as.numeric=TRUE >
			83	196
			84	197
			85	197
			86	198
			87	198
			88	199
			89	199
			90	199
			91	199
			92	199
			93	199
			94	199
			95	199
			95	200
			95	201
			96	201
			96	202
			96	203
			96	204
			96	205
			96	206
			96	207
			96	208
			96	209
			96	210
			97	211
			97	212
			97	213
			98	214
			99	215
			99	216
			99	217
			99	218
			100	218
			101	219
			102	220
			103	221
		</Left_Wing>
		<Right_Wing type=matrix rownames=FALSE colnames=FALSE nrow=42 ncol=2 as.numeric=TRUE >
			103	221
			104	221
			105	221
			106	220
			106	219
			107	218
			107	217
			108	216
			108	215
			108	214
			108	213
			108	212
			109	211
			109	210
			109	209
			109	208
			109	207
			110	207
			110	206
			110	205
			110	204
			110	203
			110	202
			110	201
			110	200
			110	199
			110	198
			111	198
			112	197
			113	197
			114	197
			115	197
			116	197
			117	198
			118	198
			119	198
			120	199
			121	199
			122	199
			123	200
			124	200
			125	200
		</Right_Wing>
		<Right_Side type=matrix rownames=FALSE colnames=FALSE nrow=38 ncol=2 as.numeric=TRUE >
			125	200
			125	199
			124	198
			124	197
			123	196
			122	195
			122	194
			121	193
			120	192
			120	191
			119	190
			119	189
			118	188
			117	187
			117	186
			116	185
			115	184
			114	183
			114	182
			114	181
			113	180
			112	179
			111	178
			110	177
			110	176
			109	175
			109	174
			108	173
			108	172
			107	172
			107	171
			107	170
			106	170
			106	169
			106	168
			105	167
			104	166
			103	165
		</Right_Side>
	</curves.pixel>
	<curves.scaled type=list>
		<Left_Side type=matrix rownames=FALSE colnames=FALSE nrow=35 ncol=2 as.numeric=TRUE >
			38.1465129095645	-61.1084915541567
			37.7761584152969	-61.1084915541567
			37.4058039210293	-61.4788460484244
			37.4058039210293	-61.849200542692
			37.0354494267617	-62.2195550369596
			37.0354494267617	-62.5899095312272
			37.0354494267617	-62.9602640254948
			37.0354494267617	-63.3306185197624
			36.665094932494	-63.70097301403
			36.2947404382264	-64.0713275082977
			35.9243859439588	-64.4416820025653
			35.9243859439588	-64.8120364968329
			35.9243859439588	-65.1823909911005
			35.5540314496912	-65.1823909911005
			35.1836769554236	-65.5527454853681
			34.813322461156	-65.5527454853681
			34.813322461156	-65.9230999796358
			34.4429679668883	-66.2934544739034
			34.4429679668883	-66.663808968171
			34.4429679668883	-67.0341634624386
			34.0726134726207	-67.4045179567062
			34.0726134726207	-67.7748724509738
			33.7022589783531	-68.1452269452414
			33.7022589783531	-68.5155814395091
			33.3319044840855	-68.8859359337767
			33.3319044840855	-69.2562904280443
			32.9615499898179	-69.6266449223119
			32.5911954955503	-69.9969994165795
			32.2208410012826	-70.3673539108471
			31.850486507015	-70.7377084051148
			31.4801320127474	-71.1080628993824
			31.1097775184798	-71.47841739365
			31.1097775184798	-71.8487718879176
			30.7394230242122	-72.2191263821852
			30.7394230242122	-72.5894808764529
		</Left_Side>
		<Left_Wing type=matrix rownames=FALSE colnames=FALSE nrow=37 ncol=2 as.numeric=TRUE >
			30.7394230242122	-72.5894808764529
			31.1097775184798	-72.9598353707205
			31.4801320127474	-72.9598353707205
			31.850486507015	-73.3301898649881
			32.2208410012826	-73.3301898649881
			32.5911954955503	-73.7005443592557
			32.9615499898179	-73.7005443592557
			33.3319044840855	-73.7005443592557
			33.7022589783531	-73.7005443592557
			34.0726134726207	-73.7005443592557
			34.4429679668883	-73.7005443592557
			34.813322461156	-73.7005443592557
			35.1836769554236	-73.7005443592557
			35.1836769554236	-74.0708988535233
			35.1836769554236	-74.4412533477909
			35.5540314496912	-74.4412533477909
			35.5540314496912	-74.8116078420585
			35.5540314496912	-75.1819623363262
			35.5540314496912	-75.5523168305938
			35.5540314496912	-75.9226713248614
			35.5540314496912	-76.293025819129
			35.5540314496912	-76.6633803133966
			35.5540314496912	-77.0337348076642
			35.5540314496912	-77.4040893019319
			35.5540314496912	-77.7744437961995
			35.9243859439588	-78.1447982904671
			35.9243859439588	-78.5151527847347
			35.9243859439588	-78.8855072790023
			36.2947404382264	-79.2558617732699
			36.665094932494	-79.6262162675376
			36.665094932494	-79.9965707618052
			36.665094932494	-80.3669252560728
			36.665094932494	-80.7372797503404
			37.0354494267617	-80.7372797503404
			37.4058039210293	-81.107634244608
			37.7761584152969	-81.4779887388757
			38.1465129095645	-81.8483432331433
		</Left_Wing>
		<Right_Wing type=matrix rownames=FALSE colnames=FALSE nrow=42 ncol=2 as.numeric=TRUE >
			38.1465129095645	-81.8483432331433
			38.5168674038321	-81.8483432331433
			38.8872218980997	-81.8483432331433
			39.2575763923674	-81.4779887388757
			39.2575763923674	-81.107634244608
			39.627930886635	-80.7372797503404
			39.627930886635	-80.3669252560728
			39.9982853809026	-79.9965707618052
			39.9982853809026	-79.6262162675376
			39.9982853809026	-79.2558617732699
			39.9982853809026	-78.8855072790023
			39.9982853809026	-78.5151527847347
			40.3686398751702	-78.1447982904671
			40.3686398751702	-77.7744437961995
			40.3686398751702	-77.4040893019319
			40.3686398751702	-77.0337348076642
			40.3686398751702	-76.6633803133966
			40.7389943694378	-76.6633803133966
			40.7389943694378	-76.293025819129
			40.7389943694378	-75.9226713248614
			40.7389943694378	-75.5523168305938
			40.7389943694378	-75.1819623363262
			40.7389943694378	-74.8116078420585
			40.7389943694378	-74.4412533477909
			40.7389943694378	-74.0708988535233
			40.7389943694378	-73.7005443592557
			40.7389943694378	-73.3301898649881
			41.1093488637054	-73.3301898649881
			41.4797033579731	-72.9598353707205
			41.8500578522407	-72.9598353707205
			42.2204123465083	-72.9598353707205
			42.5907668407759	-72.9598353707205
			42.9611213350435	-72.9598353707205
			43.3314758293111	-73.3301898649881
			43.7018303235788	-73.3301898649881
			44.0721848178464	-73.3301898649881
			44.442539312114	-73.7005443592557
			44.8128938063816	-73.7005443592557
			45.1832483006492	-73.7005443592557
			45.5536027949168	-74.0708988535233
			45.9239572891845	-74.0708988535233
			46.2943117834521	-74.0708988535233
		</Right_Wing>
		<Right_Side type=matrix rownames=FALSE colnames=FALSE nrow=38 ncol=2 as.numeric=TRUE >
			46.2943117834521	-74.0708988535233
			46.2943117834521	-73.7005443592557
			45.9239572891845	-73.3301898649881
			45.9239572891845	-72.9598353707205
			45.5536027949168	-72.5894808764529
			45.1832483006492	-72.2191263821852
			45.1832483006492	-71.8487718879176
			44.8128938063816	-71.47841739365
			44.442539312114	-71.1080628993824
			44.442539312114	-70.7377084051148
			44.0721848178464	-70.3673539108471
			44.0721848178464	-69.9969994165795
			43.7018303235788	-69.6266449223119
			43.3314758293111	-69.2562904280443
			43.3314758293111	-68.8859359337767
			42.9611213350435	-68.5155814395091
			42.5907668407759	-68.1452269452414
			42.2204123465083	-67.7748724509738
			42.2204123465083	-67.4045179567062
			42.2204123465083	-67.0341634624386
			41.8500578522407	-66.663808968171
			41.4797033579731	-66.2934544739034
			41.1093488637054	-65.9230999796358
			40.7389943694378	-65.5527454853681
			40.7389943694378	-65.1823909911005
			40.3686398751702	-64.8120364968329
			40.3686398751702	-64.4416820025653
			39.9982853809026	-64.0713275082977
			39.9982853809026	-63.70097301403
			39.627930886635	-63.70097301403
			39.627930886635	-63.3306185197624
			39.627930886635	-62.9602640254948
			39.2575763923674	-62.9602640254948
			39.2575763923674	-62.5899095312272
			39.2575763923674	-62.2195550369596
			38.8872218980997	-61.849200542692
			38.5168674038321	-61.4788460484244
			38.1465129095645	-61.1084915541567
		</Right_Side>
	</curves.scaled>
	<ruler.points type=matrix rownames=TRUE colnames=FALSE nrow=6 ncol=2 as.numeric=TRUE >
		Ruler point 1	198	533
		Ruler point 2	225	533
		Ruler point 3	252	535
		Ruler point 4	279	534
		Ruler point 5	306	534
		Ruler point 6	334	533
	</ruler.points>
</shapes>

