<shapes type=list>
	<ruler.pixel type=vector names=FALSE length=1 as.numeric=TRUE >31</ruler.pixel>
	<ruler.interval type=vector names=FALSE length=1 as.numeric=TRUE >10</ruler.interval>
	<scaling.units type=vector names=FALSE length=1 as.numeric=FALSE >mm</scaling.units>
	<scaling type=vector names=FALSE length=1 as.numeric=TRUE >0.32258064516129</scaling>
	<landmarks.pixel type=matrix rownames=TRUE colnames=FALSE nrow=4 ncol=2 as.numeric=TRUE >
		Point_Tip	195	229
		Left_Tang_Center	164	300
		Base_Center	192	319
		Right_Tang_Center	221	302
	</landmarks.pixel>
	<landmarks.scaled type=matrix rownames=TRUE colnames=FALSE nrow=4 ncol=2 as.numeric=TRUE >
		Point_Tip	62.9032258064516	-73.8709677419355
		Left_Tang_Center	52.9032258064516	-96.7741935483871
		Base_Center	61.9354838709677	-102.903225806452
		Right_Tang_Center	71.2903225806452	-97.4193548387097
	</landmarks.scaled>
	<curves.control type=list>
		<Left_Side type=matrix rownames=FALSE colnames=FALSE nrow=25 ncol=2 as.numeric=TRUE >
			195	229
			191	232
			191	236
			190	236
			190	239
			188	240
			188	242
			187	245
			185	247
			184	253
			179	254
			180	262
			175	263
			172	266
			172	270
			171	270
			170	271
			169	273
			167	274
			168	279
			164	282
			164	292
			163	294
			162	298
			164	300
		</Left_Side>
		<Left_Wing type=matrix rownames=FALSE colnames=FALSE nrow=17 ncol=2 as.numeric=TRUE >
			164	300
			168	301
			169	298
			171	296
			176	295
			176	293
			178	293
			182	292
			182	295
			183	303
			181	304
			181	306
			183	311
			185	316
			187	319
			189	319
			192	319
		</Left_Wing>
		<Right_Wing type=matrix rownames=FALSE colnames=FALSE nrow=17 ncol=2 as.numeric=TRUE >
			192	319
			195	320
			198	320
			200	318
			201	315
			202	313
			203	312
			203	310
			202	308
			202	305
			204	304
			203	301
			203	299
			204	294
			211	297
			216	298
			221	302
		</Right_Wing>
		<Right_Side type=matrix rownames=FALSE colnames=FALSE nrow=17 ncol=2 as.numeric=TRUE >
			221	302
			222	294
			220	292
			220	289
			217	285
			217	272
			214	267
			212	259
			208	255
			208	251
			208	248
			201	246
			202	240
			199	237
			196	232
			196	230
			195	229
		</Right_Side>
	</curves.control>
	<curves.pixel type=list>
		<Left_Side type=matrix rownames=FALSE colnames=FALSE nrow=77 ncol=2 as.numeric=TRUE >
			195	229
			194	230
			193	231
			192	232
			192	233
			191	234
			191	235
			191	236
			190	237
			190	238
			190	239
			189	240
			188	240
			188	241
			188	242
			188	243
			187	244
			187	245
			186	246
			185	247
			185	248
			184	249
			184	250
			183	251
			183	252
			182	253
			181	253
			180	254
			179	255
			179	256
			179	257
			179	258
			179	259
			179	260
			178	260
			178	261
			177	262
			176	263
			175	263
			174	264
			173	265
			173	266
			172	267
			172	268
			172	269
			172	270
			171	270
			170	271
			169	272
			168	273
			167	274
			167	275
			167	276
			167	277
			167	278
			167	279
			166	280
			165	281
			164	282
			164	283
			164	284
			164	285
			164	286
			164	287
			164	288
			164	289
			164	290
			164	291
			163	292
			163	293
			163	294
			163	295
			163	296
			163	297
			163	298
			163	299
			164	300
		</Left_Side>
		<Left_Wing type=matrix rownames=FALSE colnames=FALSE nrow=53 ncol=2 as.numeric=TRUE >
			164	300
			165	300
			166	300
			167	300
			168	300
			168	299
			169	299
			169	298
			170	297
			171	297
			172	296
			173	296
			174	295
			175	295
			176	295
			176	294
			177	293
			178	293
			179	293
			180	293
			181	293
			182	294
			182	295
			182	296
			182	297
			182	298
			182	299
			182	300
			182	301
			182	302
			182	303
			181	304
			181	305
			181	306
			182	307
			182	308
			182	309
			183	310
			183	311
			183	312
			184	312
			184	313
			184	314
			185	315
			185	316
			186	317
			186	318
			187	319
			188	319
			189	319
			190	319
			191	319
			192	319
		</Left_Wing>
		<Right_Wing type=matrix rownames=FALSE colnames=FALSE nrow=48 ncol=2 as.numeric=TRUE >
			192	319
			193	319
			194	320
			195	320
			196	320
			197	320
			198	320
			199	319
			200	318
			200	317
			201	316
			201	315
			201	314
			202	314
			202	313
			203	312
			203	311
			203	310
			202	309
			202	308
			202	307
			202	306
			203	305
			204	304
			204	303
			203	302
			203	301
			203	300
			203	299
			203	298
			204	297
			205	296
			206	296
			207	296
			208	296
			209	296
			210	297
			211	297
			212	297
			213	298
			214	298
			215	298
			216	299
			217	299
			218	300
			219	301
			220	301
			221	302
		</Right_Wing>
		<Right_Side type=matrix rownames=FALSE colnames=FALSE nrow=78 ncol=2 as.numeric=TRUE >
			221	302
			221	301
			221	300
			221	299
			221	298
			221	297
			221	296
			221	295
			221	294
			221	293
			220	292
			220	291
			220	290
			219	289
			219	288
			219	287
			218	287
			218	286
			217	285
			217	284
			217	283
			217	282
			217	281
			217	280
			217	279
			217	278
			217	277
			217	276
			216	275
			216	274
			216	273
			216	272
			216	271
			215	270
			215	269
			214	268
			214	267
			214	266
			213	265
			213	264
			213	263
			213	262
			212	261
			211	260
			211	259
			210	258
			210	257
			209	257
			209	256
			208	255
			208	254
			208	253
			208	252
			208	251
			208	250
			208	249
			208	248
			207	248
			206	247
			205	247
			204	246
			203	245
			203	244
			202	243
			202	242
			202	241
			202	240
			201	239
			200	238
			199	237
			198	236
			198	235
			197	234
			197	233
			196	232
			196	231
			196	230
			195	229
		</Right_Side>
	</curves.pixel>
	<curves.scaled type=list>
		<Left_Side type=matrix rownames=FALSE colnames=FALSE nrow=77 ncol=2 as.numeric=TRUE >
			62.9032258064516	-73.8709677419355
			62.5806451612903	-74.1935483870968
			62.258064516129	-74.5161290322581
			61.9354838709677	-74.8387096774194
			61.9354838709677	-75.1612903225806
			61.6129032258064	-75.4838709677419
			61.6129032258064	-75.8064516129032
			61.6129032258064	-76.1290322580645
			61.2903225806452	-76.4516129032258
			61.2903225806452	-76.7741935483871
			61.2903225806452	-77.0967741935484
			60.9677419354839	-77.4193548387097
			60.6451612903226	-77.4193548387097
			60.6451612903226	-77.741935483871
			60.6451612903226	-78.0645161290323
			60.6451612903226	-78.3870967741936
			60.3225806451613	-78.7096774193548
			60.3225806451613	-79.0322580645161
			60	-79.3548387096774
			59.6774193548387	-79.6774193548387
			59.6774193548387	-80
			59.3548387096774	-80.3225806451613
			59.3548387096774	-80.6451612903226
			59.0322580645161	-80.9677419354839
			59.0322580645161	-81.2903225806452
			58.7096774193548	-81.6129032258064
			58.3870967741935	-81.6129032258064
			58.0645161290323	-81.9354838709677
			57.741935483871	-82.258064516129
			57.741935483871	-82.5806451612903
			57.741935483871	-82.9032258064516
			57.741935483871	-83.2258064516129
			57.741935483871	-83.5483870967742
			57.741935483871	-83.8709677419355
			57.4193548387097	-83.8709677419355
			57.4193548387097	-84.1935483870968
			57.0967741935484	-84.5161290322581
			56.7741935483871	-84.8387096774194
			56.4516129032258	-84.8387096774194
			56.1290322580645	-85.1612903225806
			55.8064516129032	-85.4838709677419
			55.8064516129032	-85.8064516129032
			55.4838709677419	-86.1290322580645
			55.4838709677419	-86.4516129032258
			55.4838709677419	-86.7741935483871
			55.4838709677419	-87.0967741935484
			55.1612903225806	-87.0967741935484
			54.8387096774194	-87.4193548387097
			54.5161290322581	-87.741935483871
			54.1935483870968	-88.0645161290323
			53.8709677419355	-88.3870967741936
			53.8709677419355	-88.7096774193548
			53.8709677419355	-89.0322580645161
			53.8709677419355	-89.3548387096774
			53.8709677419355	-89.6774193548387
			53.8709677419355	-90
			53.5483870967742	-90.3225806451613
			53.2258064516129	-90.6451612903226
			52.9032258064516	-90.9677419354839
			52.9032258064516	-91.2903225806452
			52.9032258064516	-91.6129032258064
			52.9032258064516	-91.9354838709677
			52.9032258064516	-92.258064516129
			52.9032258064516	-92.5806451612903
			52.9032258064516	-92.9032258064516
			52.9032258064516	-93.2258064516129
			52.9032258064516	-93.5483870967742
			52.9032258064516	-93.8709677419355
			52.5806451612903	-94.1935483870968
			52.5806451612903	-94.5161290322581
			52.5806451612903	-94.8387096774193
			52.5806451612903	-95.1612903225806
			52.5806451612903	-95.4838709677419
			52.5806451612903	-95.8064516129032
			52.5806451612903	-96.1290322580645
			52.5806451612903	-96.4516129032258
			52.9032258064516	-96.7741935483871
		</Left_Side>
		<Left_Wing type=matrix rownames=FALSE colnames=FALSE nrow=53 ncol=2 as.numeric=TRUE >
			52.9032258064516	-96.7741935483871
			53.2258064516129	-96.7741935483871
			53.5483870967742	-96.7741935483871
			53.8709677419355	-96.7741935483871
			54.1935483870968	-96.7741935483871
			54.1935483870968	-96.4516129032258
			54.5161290322581	-96.4516129032258
			54.5161290322581	-96.1290322580645
			54.8387096774194	-95.8064516129032
			55.1612903225806	-95.8064516129032
			55.4838709677419	-95.4838709677419
			55.8064516129032	-95.4838709677419
			56.1290322580645	-95.1612903225806
			56.4516129032258	-95.1612903225806
			56.7741935483871	-95.1612903225806
			56.7741935483871	-94.8387096774193
			57.0967741935484	-94.5161290322581
			57.4193548387097	-94.5161290322581
			57.741935483871	-94.5161290322581
			58.0645161290323	-94.5161290322581
			58.3870967741935	-94.5161290322581
			58.7096774193548	-94.8387096774193
			58.7096774193548	-95.1612903225806
			58.7096774193548	-95.4838709677419
			58.7096774193548	-95.8064516129032
			58.7096774193548	-96.1290322580645
			58.7096774193548	-96.4516129032258
			58.7096774193548	-96.7741935483871
			58.7096774193548	-97.0967741935484
			58.7096774193548	-97.4193548387097
			58.7096774193548	-97.741935483871
			58.3870967741935	-98.0645161290323
			58.3870967741935	-98.3870967741936
			58.3870967741935	-98.7096774193548
			58.7096774193548	-99.0322580645161
			58.7096774193548	-99.3548387096774
			58.7096774193548	-99.6774193548387
			59.0322580645161	-100
			59.0322580645161	-100.322580645161
			59.0322580645161	-100.645161290323
			59.3548387096774	-100.645161290323
			59.3548387096774	-100.967741935484
			59.3548387096774	-101.290322580645
			59.6774193548387	-101.612903225806
			59.6774193548387	-101.935483870968
			60	-102.258064516129
			60	-102.58064516129
			60.3225806451613	-102.903225806452
			60.6451612903226	-102.903225806452
			60.9677419354839	-102.903225806452
			61.2903225806452	-102.903225806452
			61.6129032258064	-102.903225806452
			61.9354838709677	-102.903225806452
		</Left_Wing>
		<Right_Wing type=matrix rownames=FALSE colnames=FALSE nrow=48 ncol=2 as.numeric=TRUE >
			61.9354838709677	-102.903225806452
			62.258064516129	-102.903225806452
			62.5806451612903	-103.225806451613
			62.9032258064516	-103.225806451613
			63.2258064516129	-103.225806451613
			63.5483870967742	-103.225806451613
			63.8709677419355	-103.225806451613
			64.1935483870968	-102.903225806452
			64.5161290322581	-102.58064516129
			64.5161290322581	-102.258064516129
			64.8387096774194	-101.935483870968
			64.8387096774194	-101.612903225806
			64.8387096774194	-101.290322580645
			65.1612903225806	-101.290322580645
			65.1612903225806	-100.967741935484
			65.4838709677419	-100.645161290323
			65.4838709677419	-100.322580645161
			65.4838709677419	-100
			65.1612903225806	-99.6774193548387
			65.1612903225806	-99.3548387096774
			65.1612903225806	-99.0322580645161
			65.1612903225806	-98.7096774193548
			65.4838709677419	-98.3870967741936
			65.8064516129032	-98.0645161290323
			65.8064516129032	-97.741935483871
			65.4838709677419	-97.4193548387097
			65.4838709677419	-97.0967741935484
			65.4838709677419	-96.7741935483871
			65.4838709677419	-96.4516129032258
			65.4838709677419	-96.1290322580645
			65.8064516129032	-95.8064516129032
			66.1290322580645	-95.4838709677419
			66.4516129032258	-95.4838709677419
			66.7741935483871	-95.4838709677419
			67.0967741935484	-95.4838709677419
			67.4193548387097	-95.4838709677419
			67.741935483871	-95.8064516129032
			68.0645161290323	-95.8064516129032
			68.3870967741936	-95.8064516129032
			68.7096774193548	-96.1290322580645
			69.0322580645161	-96.1290322580645
			69.3548387096774	-96.1290322580645
			69.6774193548387	-96.4516129032258
			70	-96.4516129032258
			70.3225806451613	-96.7741935483871
			70.6451612903226	-97.0967741935484
			70.9677419354839	-97.0967741935484
			71.2903225806452	-97.4193548387097
		</Right_Wing>
		<Right_Side type=matrix rownames=FALSE colnames=FALSE nrow=78 ncol=2 as.numeric=TRUE >
			71.2903225806452	-97.4193548387097
			71.2903225806452	-97.0967741935484
			71.2903225806452	-96.7741935483871
			71.2903225806452	-96.4516129032258
			71.2903225806452	-96.1290322580645
			71.2903225806452	-95.8064516129032
			71.2903225806452	-95.4838709677419
			71.2903225806452	-95.1612903225806
			71.2903225806452	-94.8387096774193
			71.2903225806452	-94.5161290322581
			70.9677419354839	-94.1935483870968
			70.9677419354839	-93.8709677419355
			70.9677419354839	-93.5483870967742
			70.6451612903226	-93.2258064516129
			70.6451612903226	-92.9032258064516
			70.6451612903226	-92.5806451612903
			70.3225806451613	-92.5806451612903
			70.3225806451613	-92.258064516129
			70	-91.9354838709677
			70	-91.6129032258064
			70	-91.2903225806452
			70	-90.9677419354839
			70	-90.6451612903226
			70	-90.3225806451613
			70	-90
			70	-89.6774193548387
			70	-89.3548387096774
			70	-89.0322580645161
			69.6774193548387	-88.7096774193548
			69.6774193548387	-88.3870967741936
			69.6774193548387	-88.0645161290323
			69.6774193548387	-87.741935483871
			69.6774193548387	-87.4193548387097
			69.3548387096774	-87.0967741935484
			69.3548387096774	-86.7741935483871
			69.0322580645161	-86.4516129032258
			69.0322580645161	-86.1290322580645
			69.0322580645161	-85.8064516129032
			68.7096774193548	-85.4838709677419
			68.7096774193548	-85.1612903225806
			68.7096774193548	-84.8387096774194
			68.7096774193548	-84.5161290322581
			68.3870967741936	-84.1935483870968
			68.0645161290323	-83.8709677419355
			68.0645161290323	-83.5483870967742
			67.741935483871	-83.2258064516129
			67.741935483871	-82.9032258064516
			67.4193548387097	-82.9032258064516
			67.4193548387097	-82.5806451612903
			67.0967741935484	-82.258064516129
			67.0967741935484	-81.9354838709677
			67.0967741935484	-81.6129032258064
			67.0967741935484	-81.2903225806452
			67.0967741935484	-80.9677419354839
			67.0967741935484	-80.6451612903226
			67.0967741935484	-80.3225806451613
			67.0967741935484	-80
			66.7741935483871	-80
			66.4516129032258	-79.6774193548387
			66.1290322580645	-79.6774193548387
			65.8064516129032	-79.3548387096774
			65.4838709677419	-79.0322580645161
			65.4838709677419	-78.7096774193548
			65.1612903225806	-78.3870967741936
			65.1612903225806	-78.0645161290323
			65.1612903225806	-77.741935483871
			65.1612903225806	-77.4193548387097
			64.8387096774194	-77.0967741935484
			64.5161290322581	-76.7741935483871
			64.1935483870968	-76.4516129032258
			63.8709677419355	-76.1290322580645
			63.8709677419355	-75.8064516129032
			63.5483870967742	-75.4838709677419
			63.5483870967742	-75.1612903225806
			63.2258064516129	-74.8387096774194
			63.2258064516129	-74.5161290322581
			63.2258064516129	-74.1935483870968
			62.9032258064516	-73.8709677419355
		</Right_Side>
	</curves.scaled>
	<ruler.points type=matrix rownames=TRUE colnames=FALSE nrow=6 ncol=2 as.numeric=TRUE >
		Ruler point 1	148	376
		Ruler point 2	179	376
		Ruler point 3	210	376
		Ruler point 4	241	376
		Ruler point 5	272	376
		Ruler point 6	302	376
	</ruler.points>
</shapes>

