<shapes type=list>
	<ruler.pixel type=vector names=FALSE length=1 as.numeric=TRUE >30.0093735204638</ruler.pixel>
	<ruler.interval type=vector names=FALSE length=1 as.numeric=TRUE >10</ruler.interval>
	<scaling.units type=vector names=FALSE length=1 as.numeric=FALSE >mm</scaling.units>
	<scaling type=vector names=FALSE length=1 as.numeric=TRUE >0.333229215637602</scaling>
	<landmarks.pixel type=matrix rownames=TRUE colnames=FALSE nrow=4 ncol=2 as.numeric=TRUE >
		Point_Tip	465	279
		Left_Tang_Center	449	319
		Base_Center	461	337
		Right_Tang_Center	477	321
	</landmarks.pixel>
	<landmarks.scaled type=matrix rownames=TRUE colnames=FALSE nrow=4 ncol=2 as.numeric=TRUE >
		Point_Tip	154.951585271485	-92.970951162891
		Left_Tang_Center	149.619917821283	-106.300119788395
		Base_Center	153.618668408935	-112.298245669872
		Right_Tang_Center	158.950335859136	-106.96657821967
	</landmarks.scaled>
	<curves.control type=list>
		<Left_Side type=matrix rownames=FALSE colnames=FALSE nrow=15 ncol=2 as.numeric=TRUE >
			465	279
			463	280
			460	285
			458	288
			458	290
			456	292
			455	295
			455	298
			453	302
			452	304
			451	309
			451	312
			449	313
			448	316
			449	319
		</Left_Side>
		<Left_Wing type=matrix rownames=FALSE colnames=FALSE nrow=7 ncol=2 as.numeric=TRUE >
			449	319
			451	321
			454	322
			457	326
			458	331
			459	336
			461	337
		</Left_Wing>
		<Right_Wing type=matrix rownames=FALSE colnames=FALSE nrow=7 ncol=2 as.numeric=TRUE >
			461	337
			464	336
			466	331
			468	327
			471	323
			474	322
			477	321
		</Right_Wing>
		<Right_Side type=matrix rownames=FALSE colnames=FALSE nrow=9 ncol=2 as.numeric=TRUE >
			477	321
			477	317
			475	314
			475	302
			472	295
			471	291
			470	288
			470	285
			465	279
		</Right_Side>
	</curves.control>
	<curves.pixel type=list>
		<Left_Side type=matrix rownames=FALSE colnames=FALSE nrow=44 ncol=2 as.numeric=TRUE >
			465	279
			464	279
			464	280
			463	281
			462	282
			461	283
			460	284
			460	285
			460	286
			459	286
			459	287
			458	288
			458	289
			458	290
			457	291
			456	292
			456	293
			455	294
			455	295
			455	296
			455	297
			454	298
			454	299
			454	300
			454	301
			453	301
			453	302
			453	303
			452	304
			452	305
			452	306
			451	307
			451	308
			451	309
			451	310
			451	311
			450	312
			449	313
			449	314
			449	315
			449	316
			449	317
			449	318
			449	319
		</Left_Side>
		<Left_Wing type=matrix rownames=FALSE colnames=FALSE nrow=22 ncol=2 as.numeric=TRUE >
			449	319
			450	320
			451	320
			452	321
			453	322
			454	322
			455	323
			456	324
			456	325
			456	326
			457	327
			457	328
			457	329
			458	330
			458	331
			458	332
			459	333
			459	334
			459	335
			460	335
			460	336
			461	337
		</Left_Wing>
		<Right_Wing type=matrix rownames=FALSE colnames=FALSE nrow=23 ncol=2 as.numeric=TRUE >
			461	337
			462	337
			462	336
			463	336
			464	335
			464	334
			465	333
			466	332
			466	331
			467	330
			467	329
			468	328
			468	327
			469	326
			470	325
			470	324
			471	323
			472	323
			473	322
			474	322
			475	322
			476	321
			477	321
		</Right_Wing>
		<Right_Side type=matrix rownames=FALSE colnames=FALSE nrow=46 ncol=2 as.numeric=TRUE >
			477	321
			477	320
			477	319
			477	318
			476	317
			476	316
			476	315
			475	315
			475	314
			475	313
			475	312
			475	311
			475	310
			475	309
			475	308
			475	307
			475	306
			474	305
			474	304
			474	303
			474	302
			474	301
			474	300
			473	299
			473	298
			473	297
			472	296
			472	295
			472	294
			472	293
			471	293
			471	292
			471	291
			471	290
			470	290
			470	289
			470	288
			470	287
			470	286
			469	285
			468	284
			468	283
			467	282
			467	281
			466	280
			465	279
		</Right_Side>
	</curves.pixel>
	<curves.scaled type=list>
		<Left_Side type=matrix rownames=FALSE colnames=FALSE nrow=44 ncol=2 as.numeric=TRUE >
			154.951585271485	-92.970951162891
			154.618356055847	-92.970951162891
			154.618356055847	-93.3041803785286
			154.28512684021	-93.6374095941662
			153.951897624572	-93.9706388098038
			153.618668408935	-94.3038680254414
			153.285439193297	-94.637097241079
			153.285439193297	-94.9703264567166
			153.285439193297	-95.3035556723542
			152.952209977659	-95.3035556723542
			152.952209977659	-95.6367848879919
			152.618980762022	-95.9700141036295
			152.618980762022	-96.3032433192671
			152.618980762022	-96.6364725349047
			152.285751546384	-96.9697017505423
			151.952522330747	-97.3029309661799
			151.952522330747	-97.6361601818175
			151.619293115109	-97.9693893974551
			151.619293115109	-98.3026186130927
			151.619293115109	-98.6358478287303
			151.619293115109	-98.9690770443679
			151.286063899471	-99.3023062600055
			151.286063899471	-99.6355354756431
			151.286063899471	-99.9687646912807
			151.286063899471	-100.301993906918
			150.952834683834	-100.301993906918
			150.952834683834	-100.635223122556
			150.952834683834	-100.968452338193
			150.619605468196	-101.301681553831
			150.619605468196	-101.634910769469
			150.619605468196	-101.968139985106
			150.286376252559	-102.301369200744
			150.286376252559	-102.634598416381
			150.286376252559	-102.967827632019
			150.286376252559	-103.301056847657
			150.286376252559	-103.634286063294
			149.953147036921	-103.967515278932
			149.619917821283	-104.30074449457
			149.619917821283	-104.633973710207
			149.619917821283	-104.967202925845
			149.619917821283	-105.300432141482
			149.619917821283	-105.63366135712
			149.619917821283	-105.966890572758
			149.619917821283	-106.300119788395
		</Left_Side>
		<Left_Wing type=matrix rownames=FALSE colnames=FALSE nrow=22 ncol=2 as.numeric=TRUE >
			149.619917821283	-106.300119788395
			149.953147036921	-106.633349004033
			150.286376252559	-106.633349004033
			150.619605468196	-106.96657821967
			150.952834683834	-107.299807435308
			151.286063899471	-107.299807435308
			151.619293115109	-107.633036650946
			151.952522330747	-107.966265866583
			151.952522330747	-108.299495082221
			151.952522330747	-108.632724297858
			152.285751546384	-108.965953513496
			152.285751546384	-109.299182729134
			152.285751546384	-109.632411944771
			152.618980762022	-109.965641160409
			152.618980762022	-110.298870376046
			152.618980762022	-110.632099591684
			152.952209977659	-110.965328807322
			152.952209977659	-111.298558022959
			152.952209977659	-111.631787238597
			153.285439193297	-111.631787238597
			153.285439193297	-111.965016454234
			153.618668408935	-112.298245669872
		</Left_Wing>
		<Right_Wing type=matrix rownames=FALSE colnames=FALSE nrow=23 ncol=2 as.numeric=TRUE >
			153.618668408935	-112.298245669872
			153.951897624572	-112.298245669872
			153.951897624572	-111.965016454234
			154.28512684021	-111.965016454234
			154.618356055847	-111.631787238597
			154.618356055847	-111.298558022959
			154.951585271485	-110.965328807322
			155.284814487123	-110.632099591684
			155.284814487123	-110.298870376046
			155.61804370276	-109.965641160409
			155.61804370276	-109.632411944771
			155.951272918398	-109.299182729134
			155.951272918398	-108.965953513496
			156.284502134035	-108.632724297858
			156.617731349673	-108.299495082221
			156.617731349673	-107.966265866583
			156.950960565311	-107.633036650946
			157.284189780948	-107.633036650946
			157.617418996586	-107.299807435308
			157.950648212223	-107.299807435308
			158.283877427861	-107.299807435308
			158.617106643499	-106.96657821967
			158.950335859136	-106.96657821967
		</Right_Wing>
		<Right_Side type=matrix rownames=FALSE colnames=FALSE nrow=46 ncol=2 as.numeric=TRUE >
			158.950335859136	-106.96657821967
			158.950335859136	-106.633349004033
			158.950335859136	-106.300119788395
			158.950335859136	-105.966890572758
			158.617106643499	-105.63366135712
			158.617106643499	-105.300432141482
			158.617106643499	-104.967202925845
			158.283877427861	-104.967202925845
			158.283877427861	-104.633973710207
			158.283877427861	-104.30074449457
			158.283877427861	-103.967515278932
			158.283877427861	-103.634286063294
			158.283877427861	-103.301056847657
			158.283877427861	-102.967827632019
			158.283877427861	-102.634598416381
			158.283877427861	-102.301369200744
			158.283877427861	-101.968139985106
			157.950648212223	-101.634910769469
			157.950648212223	-101.301681553831
			157.950648212223	-100.968452338193
			157.950648212223	-100.635223122556
			157.950648212223	-100.301993906918
			157.950648212223	-99.9687646912807
			157.617418996586	-99.6355354756431
			157.617418996586	-99.3023062600055
			157.617418996586	-98.9690770443679
			157.284189780948	-98.6358478287303
			157.284189780948	-98.3026186130927
			157.284189780948	-97.9693893974551
			157.284189780948	-97.6361601818175
			156.950960565311	-97.6361601818175
			156.950960565311	-97.3029309661799
			156.950960565311	-96.9697017505423
			156.950960565311	-96.6364725349047
			156.617731349673	-96.6364725349047
			156.617731349673	-96.3032433192671
			156.617731349673	-95.9700141036295
			156.617731349673	-95.6367848879919
			156.617731349673	-95.3035556723542
			156.284502134035	-94.9703264567166
			155.951272918398	-94.637097241079
			155.951272918398	-94.3038680254414
			155.61804370276	-93.9706388098038
			155.61804370276	-93.6374095941662
			155.284814487123	-93.3041803785286
			154.951585271485	-92.970951162891
		</Right_Side>
	</curves.scaled>
	<ruler.points type=matrix rownames=TRUE colnames=FALSE nrow=6 ncol=2 as.numeric=TRUE >
		Ruler point 1	281	535
		Ruler point 2	311	534
		Ruler point 3	341	534
		Ruler point 4	371	533
		Ruler point 5	400	532
		Ruler point 6	432	531
	</ruler.points>
</shapes>

