<shapes type=list>
	<ruler.pixel type=vector names=FALSE length=1 as.numeric=TRUE >31.258822237047</ruler.pixel>
	<ruler.interval type=vector names=FALSE length=1 as.numeric=TRUE >10</ruler.interval>
	<scaling.units type=vector names=FALSE length=1 as.numeric=FALSE >mm</scaling.units>
	<scaling type=vector names=FALSE length=1 as.numeric=TRUE >0.319909685789387</scaling>
	<landmarks.pixel type=matrix rownames=TRUE colnames=FALSE nrow=4 ncol=2 as.numeric=TRUE >
		Point_Tip	282	324
		Left_Tang_Center	250	425
		Base_Center	279	454
		Right_Tang_Center	313	424
	</landmarks.pixel>
	<landmarks.scaled type=matrix rownames=TRUE colnames=FALSE nrow=4 ncol=2 as.numeric=TRUE >
		Point_Tip	90.2145313926071	-103.650738195761
		Left_Tang_Center	79.9774214473468	-135.961616460489
		Base_Center	89.254802335239	-145.238997348382
		Right_Tang_Center	100.131731652078	-135.6417067747
	</landmarks.scaled>
	<curves.control type=list>
		<Left_Side type=matrix rownames=FALSE colnames=FALSE nrow=23 ncol=2 as.numeric=TRUE >
			282	324
			280	325
			279	329
			278	337
			274	340
			274	343
			272	348
			270	352
			270	353
			270	357
			265	364
			264	368
			262	370
			262	379
			257	381
			258	384
			256	386
			259	389
			251	398
			251	403
			249	407
			249	418
			250	425
		</Left_Side>
		<Left_Wing type=matrix rownames=FALSE colnames=FALSE nrow=13 ncol=2 as.numeric=TRUE >
			250	425
			252	427
			254	427
			266	414
			267	432
			265	434
			267	438
			267	443
			267	448
			270	450
			272	454
			275	454
			279	454
		</Left_Wing>
		<Right_Wing type=matrix rownames=FALSE colnames=FALSE nrow=11 ncol=2 as.numeric=TRUE >
			279	454
			283	455
			288	454
			290	449
			293	441
			292	427
			294	419
			300	416
			307	424
			310	425
			313	424
		</Right_Wing>
		<Right_Side type=matrix rownames=FALSE colnames=FALSE nrow=17 ncol=2 as.numeric=TRUE >
			313	424
			314	421
			312	416
			312	410
			310	391
			307	387
			308	383
			306	379
			306	375
			303	371
			292	345
			289	344
			290	338
			288	336
			288	333
			284	326
			282	324
		</Right_Side>
	</curves.control>
	<curves.pixel type=list>
		<Left_Side type=matrix rownames=FALSE colnames=FALSE nrow=106 ncol=2 as.numeric=TRUE >
			282	324
			281	325
			280	326
			280	327
			279	328
			279	329
			279	330
			279	331
			279	332
			278	332
			278	333
			278	334
			278	335
			277	336
			276	337
			276	338
			275	339
			274	340
			274	341
			274	342
			274	343
			273	344
			273	345
			273	346
			272	347
			272	348
			272	349
			271	350
			271	351
			270	351
			270	352
			270	353
			270	354
			270	355
			269	356
			269	357
			269	358
			268	359
			268	360
			267	360
			267	361
			266	362
			266	363
			265	364
			265	365
			264	366
			264	367
			263	368
			262	369
			262	370
			262	371
			262	372
			262	373
			262	374
			262	375
			261	376
			261	377
			260	378
			260	379
			259	380
			258	381
			257	381
			257	382
			257	383
			257	384
			257	385
			256	386
			257	387
			257	388
			257	389
			256	390
			256	391
			256	392
			255	393
			254	394
			253	395
			253	396
			252	397
			251	398
			251	399
			251	400
			251	401
			251	402
			250	403
			250	404
			250	405
			249	406
			249	407
			249	408
			249	409
			249	410
			249	411
			249	412
			249	413
			249	414
			249	415
			249	416
			249	417
			249	418
			249	419
			249	420
			250	421
			250	422
			250	423
			250	424
			250	425
		</Left_Side>
		<Left_Wing type=matrix rownames=FALSE colnames=FALSE nrow=56 ncol=2 as.numeric=TRUE >
			250	425
			251	426
			252	426
			252	427
			253	427
			254	427
			255	426
			256	425
			257	424
			258	423
			259	422
			260	422
			261	422
			262	422
			263	422
			264	422
			265	423
			265	424
			266	425
			266	426
			266	427
			267	428
			267	429
			267	430
			267	431
			267	432
			266	433
			266	434
			266	435
			266	436
			267	437
			267	438
			267	439
			267	440
			267	441
			267	442
			267	443
			267	444
			267	445
			267	446
			267	447
			267	448
			268	448
			269	449
			269	450
			270	451
			271	452
			272	453
			272	454
			273	454
			274	454
			275	454
			276	454
			277	454
			278	454
			279	454
		</Left_Wing>
		<Right_Wing type=matrix rownames=FALSE colnames=FALSE nrow=65 ncol=2 as.numeric=TRUE >
			279	454
			280	454
			281	454
			282	454
			283	454
			284	454
			285	454
			286	454
			287	454
			288	454
			288	453
			289	452
			289	451
			290	450
			290	449
			290	448
			291	447
			291	446
			292	445
			292	444
			292	443
			293	442
			293	441
			293	440
			293	439
			293	438
			293	437
			293	436
			293	435
			293	434
			293	433
			293	432
			293	431
			293	430
			293	429
			293	428
			293	427
			293	426
			293	425
			293	424
			293	423
			293	422
			294	421
			294	420
			294	419
			295	418
			296	418
			297	418
			298	418
			299	418
			300	419
			301	419
			302	419
			303	420
			304	421
			305	422
			306	422
			307	423
			307	424
			308	424
			309	424
			310	424
			311	424
			312	424
			313	424
		</Right_Wing>
		<Right_Side type=matrix rownames=FALSE colnames=FALSE nrow=108 ncol=2 as.numeric=TRUE >
			313	424
			313	423
			313	422
			313	421
			313	420
			313	419
			313	418
			312	417
			312	416
			312	415
			312	414
			312	413
			312	412
			312	411
			312	410
			312	409
			312	408
			312	407
			311	407
			311	406
			311	405
			311	404
			311	403
			311	402
			311	401
			311	400
			311	399
			311	398
			311	397
			311	396
			310	395
			310	394
			310	393
			310	392
			310	391
			310	390
			309	390
			309	389
			308	388
			308	387
			308	386
			308	385
			308	384
			308	383
			307	382
			307	381
			307	380
			306	379
			306	378
			306	377
			306	376
			306	375
			306	374
			305	373
			304	372
			304	371
			303	370
			303	369
			302	368
			302	367
			301	366
			301	365
			300	364
			300	363
			300	362
			299	361
			298	360
			298	359
			298	358
			297	357
			297	356
			296	355
			296	354
			295	353
			295	352
			294	351
			294	350
			294	349
			293	348
			293	347
			292	346
			292	345
			291	345
			291	344
			290	344
			290	343
			290	342
			290	341
			290	340
			290	339
			290	338
			289	337
			289	336
			288	335
			288	334
			288	333
			287	332
			287	331
			286	330
			286	329
			285	329
			285	328
			285	327
			284	327
			284	326
			283	326
			283	325
			282	324
		</Right_Side>
	</curves.pixel>
	<curves.scaled type=list>
		<Left_Side type=matrix rownames=FALSE colnames=FALSE nrow=106 ncol=2 as.numeric=TRUE >
			90.2145313926071	-103.650738195761
			89.8946217068177	-103.970647881551
			89.5747120210284	-104.29055756734
			89.5747120210284	-104.61046725313
			89.254802335239	-104.930376938919
			89.254802335239	-105.250286624708
			89.254802335239	-105.570196310498
			89.254802335239	-105.890105996287
			89.254802335239	-106.210015682076
			88.9348926494496	-106.210015682076
			88.9348926494496	-106.529925367866
			88.9348926494496	-106.849835053655
			88.9348926494496	-107.169744739445
			88.6149829636602	-107.489654425234
			88.2950732778708	-107.809564111023
			88.2950732778708	-108.129473796813
			87.9751635920814	-108.449383482602
			87.655253906292	-108.769293168392
			87.655253906292	-109.089202854181
			87.655253906292	-109.40911253997
			87.655253906292	-109.72902222576
			87.3353442205026	-110.048931911549
			87.3353442205026	-110.368841597339
			87.3353442205026	-110.688751283128
			87.0154345347133	-111.008660968917
			87.0154345347133	-111.328570654707
			87.0154345347133	-111.648480340496
			86.6955248489239	-111.968390026285
			86.6955248489239	-112.288299712075
			86.3756151631345	-112.288299712075
			86.3756151631345	-112.608209397864
			86.3756151631345	-112.928119083654
			86.3756151631345	-113.248028769443
			86.3756151631345	-113.567938455232
			86.0557054773451	-113.887848141022
			86.0557054773451	-114.207757826811
			86.0557054773451	-114.527667512601
			85.7357957915557	-114.84757719839
			85.7357957915557	-115.167486884179
			85.4158861057663	-115.167486884179
			85.4158861057663	-115.487396569969
			85.0959764199769	-115.807306255758
			85.0959764199769	-116.127215941547
			84.7760667341876	-116.447125627337
			84.7760667341876	-116.767035313126
			84.4561570483982	-117.086944998916
			84.4561570483982	-117.406854684705
			84.1362473626088	-117.726764370494
			83.8163376768194	-118.046674056284
			83.8163376768194	-118.366583742073
			83.8163376768194	-118.686493427863
			83.8163376768194	-119.006403113652
			83.8163376768194	-119.326312799441
			83.8163376768194	-119.646222485231
			83.8163376768194	-119.96613217102
			83.49642799103	-120.28604185681
			83.49642799103	-120.605951542599
			83.1765183052406	-120.925861228388
			83.1765183052406	-121.245770914178
			82.8566086194512	-121.565680599967
			82.5366989336618	-121.885590285756
			82.2167892478725	-121.885590285756
			82.2167892478725	-122.205499971546
			82.2167892478725	-122.525409657335
			82.2167892478725	-122.845319343125
			82.2167892478725	-123.165229028914
			81.8968795620831	-123.485138714703
			82.2167892478725	-123.805048400493
			82.2167892478725	-124.124958086282
			82.2167892478725	-124.444867772072
			81.8968795620831	-124.764777457861
			81.8968795620831	-125.08468714365
			81.8968795620831	-125.40459682944
			81.5769698762937	-125.724506515229
			81.2570601905043	-126.044416201018
			80.9371505047149	-126.364325886808
			80.9371505047149	-126.684235572597
			80.6172408189255	-127.004145258387
			80.2973311331361	-127.324054944176
			80.2973311331361	-127.643964629965
			80.2973311331361	-127.963874315755
			80.2973311331361	-128.283784001544
			80.2973311331361	-128.603693687334
			79.9774214473468	-128.923603373123
			79.9774214473468	-129.243513058912
			79.9774214473468	-129.563422744702
			79.6575117615574	-129.883332430491
			79.6575117615574	-130.203242116281
			79.6575117615574	-130.52315180207
			79.6575117615574	-130.843061487859
			79.6575117615574	-131.162971173649
			79.6575117615574	-131.482880859438
			79.6575117615574	-131.802790545227
			79.6575117615574	-132.122700231017
			79.6575117615574	-132.442609916806
			79.6575117615574	-132.762519602596
			79.6575117615574	-133.082429288385
			79.6575117615574	-133.402338974174
			79.6575117615574	-133.722248659964
			79.6575117615574	-134.042158345753
			79.6575117615574	-134.362068031543
			79.9774214473468	-134.681977717332
			79.9774214473468	-135.001887403121
			79.9774214473468	-135.321797088911
			79.9774214473468	-135.6417067747
			79.9774214473468	-135.961616460489
		</Left_Side>
		<Left_Wing type=matrix rownames=FALSE colnames=FALSE nrow=56 ncol=2 as.numeric=TRUE >
			79.9774214473468	-135.961616460489
			80.2973311331361	-136.281526146279
			80.6172408189255	-136.281526146279
			80.6172408189255	-136.601435832068
			80.9371505047149	-136.601435832068
			81.2570601905043	-136.601435832068
			81.5769698762937	-136.281526146279
			81.8968795620831	-135.961616460489
			82.2167892478725	-135.6417067747
			82.5366989336618	-135.321797088911
			82.8566086194512	-135.001887403121
			83.1765183052406	-135.001887403121
			83.49642799103	-135.001887403121
			83.8163376768194	-135.001887403121
			84.1362473626088	-135.001887403121
			84.4561570483982	-135.001887403121
			84.7760667341876	-135.321797088911
			84.7760667341876	-135.6417067747
			85.0959764199769	-135.961616460489
			85.0959764199769	-136.281526146279
			85.0959764199769	-136.601435832068
			85.4158861057663	-136.921345517858
			85.4158861057663	-137.241255203647
			85.4158861057663	-137.561164889436
			85.4158861057663	-137.881074575226
			85.4158861057663	-138.200984261015
			85.0959764199769	-138.520893946805
			85.0959764199769	-138.840803632594
			85.0959764199769	-139.160713318383
			85.0959764199769	-139.480623004173
			85.4158861057663	-139.800532689962
			85.4158861057663	-140.120442375752
			85.4158861057663	-140.440352061541
			85.4158861057663	-140.76026174733
			85.4158861057663	-141.08017143312
			85.4158861057663	-141.400081118909
			85.4158861057663	-141.719990804698
			85.4158861057663	-142.039900490488
			85.4158861057663	-142.359810176277
			85.4158861057663	-142.679719862067
			85.4158861057663	-142.999629547856
			85.4158861057663	-143.319539233645
			85.7357957915557	-143.319539233645
			86.0557054773451	-143.639448919435
			86.0557054773451	-143.959358605224
			86.3756151631345	-144.279268291014
			86.6955248489239	-144.599177976803
			87.0154345347133	-144.919087662592
			87.0154345347133	-145.238997348382
			87.3353442205026	-145.238997348382
			87.655253906292	-145.238997348382
			87.9751635920814	-145.238997348382
			88.2950732778708	-145.238997348382
			88.6149829636602	-145.238997348382
			88.9348926494496	-145.238997348382
			89.254802335239	-145.238997348382
		</Left_Wing>
		<Right_Wing type=matrix rownames=FALSE colnames=FALSE nrow=65 ncol=2 as.numeric=TRUE >
			89.254802335239	-145.238997348382
			89.5747120210284	-145.238997348382
			89.8946217068177	-145.238997348382
			90.2145313926071	-145.238997348382
			90.5344410783965	-145.238997348382
			90.8543507641859	-145.238997348382
			91.1742604499753	-145.238997348382
			91.4941701357647	-145.238997348382
			91.8140798215541	-145.238997348382
			92.1339895073435	-145.238997348382
			92.1339895073435	-144.919087662592
			92.4538991931328	-144.599177976803
			92.4538991931328	-144.279268291014
			92.7738088789222	-143.959358605224
			92.7738088789222	-143.639448919435
			92.7738088789222	-143.319539233645
			93.0937185647116	-142.999629547856
			93.0937185647116	-142.679719862067
			93.413628250501	-142.359810176277
			93.413628250501	-142.039900490488
			93.413628250501	-141.719990804698
			93.7335379362904	-141.400081118909
			93.7335379362904	-141.08017143312
			93.7335379362904	-140.76026174733
			93.7335379362904	-140.440352061541
			93.7335379362904	-140.120442375752
			93.7335379362904	-139.800532689962
			93.7335379362904	-139.480623004173
			93.7335379362904	-139.160713318383
			93.7335379362904	-138.840803632594
			93.7335379362904	-138.520893946805
			93.7335379362904	-138.200984261015
			93.7335379362904	-137.881074575226
			93.7335379362904	-137.561164889436
			93.7335379362904	-137.241255203647
			93.7335379362904	-136.921345517858
			93.7335379362904	-136.601435832068
			93.7335379362904	-136.281526146279
			93.7335379362904	-135.961616460489
			93.7335379362904	-135.6417067747
			93.7335379362904	-135.321797088911
			93.7335379362904	-135.001887403121
			94.0534476220798	-134.681977717332
			94.0534476220798	-134.362068031543
			94.0534476220798	-134.042158345753
			94.3733573078692	-133.722248659964
			94.6932669936586	-133.722248659964
			95.0131766794479	-133.722248659964
			95.3330863652373	-133.722248659964
			95.6529960510267	-133.722248659964
			95.9729057368161	-134.042158345753
			96.2928154226055	-134.042158345753
			96.6127251083949	-134.042158345753
			96.9326347941843	-134.362068031543
			97.2525444799737	-134.681977717332
			97.572454165763	-135.001887403121
			97.8923638515524	-135.001887403121
			98.2122735373418	-135.321797088911
			98.2122735373418	-135.6417067747
			98.5321832231312	-135.6417067747
			98.8520929089206	-135.6417067747
			99.17200259471	-135.6417067747
			99.4919122804994	-135.6417067747
			99.8118219662887	-135.6417067747
			100.131731652078	-135.6417067747
		</Right_Wing>
		<Right_Side type=matrix rownames=FALSE colnames=FALSE nrow=108 ncol=2 as.numeric=TRUE >
			100.131731652078	-135.6417067747
			100.131731652078	-135.321797088911
			100.131731652078	-135.001887403121
			100.131731652078	-134.681977717332
			100.131731652078	-134.362068031543
			100.131731652078	-134.042158345753
			100.131731652078	-133.722248659964
			99.8118219662887	-133.402338974174
			99.8118219662887	-133.082429288385
			99.8118219662887	-132.762519602596
			99.8118219662887	-132.442609916806
			99.8118219662887	-132.122700231017
			99.8118219662887	-131.802790545227
			99.8118219662887	-131.482880859438
			99.8118219662887	-131.162971173649
			99.8118219662887	-130.843061487859
			99.8118219662887	-130.52315180207
			99.8118219662887	-130.203242116281
			99.4919122804994	-130.203242116281
			99.4919122804994	-129.883332430491
			99.4919122804994	-129.563422744702
			99.4919122804994	-129.243513058912
			99.4919122804994	-128.923603373123
			99.4919122804994	-128.603693687334
			99.4919122804994	-128.283784001544
			99.4919122804994	-127.963874315755
			99.4919122804994	-127.643964629965
			99.4919122804994	-127.324054944176
			99.4919122804994	-127.004145258387
			99.4919122804994	-126.684235572597
			99.17200259471	-126.364325886808
			99.17200259471	-126.044416201018
			99.17200259471	-125.724506515229
			99.17200259471	-125.40459682944
			99.17200259471	-125.08468714365
			99.17200259471	-124.764777457861
			98.8520929089206	-124.764777457861
			98.8520929089206	-124.444867772072
			98.5321832231312	-124.124958086282
			98.5321832231312	-123.805048400493
			98.5321832231312	-123.485138714703
			98.5321832231312	-123.165229028914
			98.5321832231312	-122.845319343125
			98.5321832231312	-122.525409657335
			98.2122735373418	-122.205499971546
			98.2122735373418	-121.885590285756
			98.2122735373418	-121.565680599967
			97.8923638515524	-121.245770914178
			97.8923638515524	-120.925861228388
			97.8923638515524	-120.605951542599
			97.8923638515524	-120.28604185681
			97.8923638515524	-119.96613217102
			97.8923638515524	-119.646222485231
			97.572454165763	-119.326312799441
			97.2525444799737	-119.006403113652
			97.2525444799737	-118.686493427863
			96.9326347941843	-118.366583742073
			96.9326347941843	-118.046674056284
			96.6127251083949	-117.726764370494
			96.6127251083949	-117.406854684705
			96.2928154226055	-117.086944998916
			96.2928154226055	-116.767035313126
			95.9729057368161	-116.447125627337
			95.9729057368161	-116.127215941547
			95.9729057368161	-115.807306255758
			95.6529960510267	-115.487396569969
			95.3330863652373	-115.167486884179
			95.3330863652373	-114.84757719839
			95.3330863652373	-114.527667512601
			95.0131766794479	-114.207757826811
			95.0131766794479	-113.887848141022
			94.6932669936586	-113.567938455232
			94.6932669936586	-113.248028769443
			94.3733573078692	-112.928119083654
			94.3733573078692	-112.608209397864
			94.0534476220798	-112.288299712075
			94.0534476220798	-111.968390026285
			94.0534476220798	-111.648480340496
			93.7335379362904	-111.328570654707
			93.7335379362904	-111.008660968917
			93.413628250501	-110.688751283128
			93.413628250501	-110.368841597339
			93.0937185647116	-110.368841597339
			93.0937185647116	-110.048931911549
			92.7738088789222	-110.048931911549
			92.7738088789222	-109.72902222576
			92.7738088789222	-109.40911253997
			92.7738088789222	-109.089202854181
			92.7738088789222	-108.769293168392
			92.7738088789222	-108.449383482602
			92.7738088789222	-108.129473796813
			92.4538991931328	-107.809564111023
			92.4538991931328	-107.489654425234
			92.1339895073435	-107.169744739445
			92.1339895073435	-106.849835053655
			92.1339895073435	-106.529925367866
			91.8140798215541	-106.210015682076
			91.8140798215541	-105.890105996287
			91.4941701357647	-105.570196310498
			91.4941701357647	-105.250286624708
			91.1742604499753	-105.250286624708
			91.1742604499753	-104.930376938919
			91.1742604499753	-104.61046725313
			90.8543507641859	-104.61046725313
			90.8543507641859	-104.29055756734
			90.5344410783965	-104.29055756734
			90.5344410783965	-103.970647881551
			90.2145313926071	-103.650738195761
		</Right_Side>
	</curves.scaled>
	<ruler.points type=matrix rownames=TRUE colnames=FALSE nrow=5 ncol=2 as.numeric=TRUE >
		Ruler point 1	389	489
		Ruler point 2	420	489
		Ruler point 3	451	489
		Ruler point 4	483	489
		Ruler point 5	514	489
	</ruler.points>
</shapes>

