<shapes type=list>
	<ruler.pixel type=vector names=FALSE length=1 as.numeric=TRUE >32.6726976456629</ruler.pixel>
	<ruler.interval type=vector names=FALSE length=1 as.numeric=TRUE >10</ruler.interval>
	<scaling.units type=vector names=FALSE length=1 as.numeric=FALSE >mm</scaling.units>
	<scaling type=vector names=FALSE length=1 as.numeric=TRUE >0.306065942532524</scaling>
	<landmarks.pixel type=matrix rownames=TRUE colnames=FALSE nrow=4 ncol=2 as.numeric=TRUE >
		Point_Tip	435	156
		Left_Tang_Center	408	267
		Base_Center	429	288
		Right_Tang_Center	456	270
	</landmarks.pixel>
	<landmarks.scaled type=matrix rownames=TRUE colnames=FALSE nrow=4 ncol=2 as.numeric=TRUE >
		Point_Tip	133.138685001648	-47.7462870350737
		Left_Tang_Center	124.87490455327	-81.7196066561839
		Base_Center	131.302289346453	-88.1469914493669
		Right_Tang_Center	139.566069794831	-82.6378044837815
	</landmarks.scaled>
	<curves.control type=list>
		<Left_Side type=matrix rownames=FALSE colnames=FALSE nrow=17 ncol=2 as.numeric=TRUE >
			435	156
			433	156
			432	159
			430	163
			427	167
			423	177
			424	179
			423	184
			419	191
			418	199
			415	213
			411	233
			410	249
			410	256
			408	263
			407	265
			408	267
		</Left_Side>
		<Left_Wing type=matrix rownames=FALSE colnames=FALSE nrow=9 ncol=2 as.numeric=TRUE >
			408	267
			411	267
			415	265
			417	265
			420	267
			422	272
			423	279
			424	285
			429	288
		</Left_Wing>
		<Right_Wing type=matrix rownames=FALSE colnames=FALSE nrow=9 ncol=2 as.numeric=TRUE >
			429	288
			436	283
			437	279
			437	270
			440	266
			445	263
			449	267
			452	269
			456	270
		</Right_Wing>
		<Right_Side type=matrix rownames=FALSE colnames=FALSE nrow=15 ncol=2 as.numeric=TRUE >
			456	270
			458	267
			455	255
			451	241
			448	214
			446	200
			446	196
			442	194
			445	190
			443	187
			442	176
			440	169
			438	161
			437	156
			435	156
		</Right_Side>
	</curves.control>
	<curves.pixel type=list>
		<Left_Side type=matrix rownames=FALSE colnames=FALSE nrow=117 ncol=2 as.numeric=TRUE >
			435	156
			434	156
			434	157
			433	157
			432	158
			432	159
			431	160
			431	161
			430	162
			430	163
			429	164
			428	165
			428	166
			427	167
			427	168
			426	169
			426	170
			425	171
			425	172
			425	173
			425	174
			424	175
			424	176
			424	177
			424	178
			424	179
			424	180
			423	181
			423	182
			423	183
			423	184
			422	185
			422	186
			421	186
			421	187
			420	188
			420	189
			419	190
			419	191
			419	192
			419	193
			419	194
			419	195
			418	195
			418	196
			418	197
			418	198
			418	199
			418	200
			417	201
			417	202
			417	203
			417	204
			417	205
			416	206
			416	207
			416	208
			416	209
			416	210
			415	211
			415	212
			415	213
			415	214
			415	215
			414	216
			414	217
			414	218
			414	219
			414	220
			414	221
			413	222
			413	223
			413	224
			413	225
			413	226
			412	227
			412	228
			412	229
			412	230
			412	231
			412	232
			412	233
			411	234
			411	235
			411	236
			411	237
			411	238
			411	239
			411	240
			411	241
			411	242
			410	243
			410	244
			410	245
			410	246
			410	247
			410	248
			410	249
			410	250
			410	251
			410	252
			410	253
			410	254
			410	255
			410	256
			409	257
			409	258
			409	259
			409	260
			409	261
			408	261
			408	262
			408	263
			408	264
			408	265
			408	266
			408	267
		</Left_Side>
		<Left_Wing type=matrix rownames=FALSE colnames=FALSE nrow=33 ncol=2 as.numeric=TRUE >
			408	267
			409	267
			410	267
			411	267
			412	266
			413	266
			414	266
			415	265
			416	265
			417	265
			418	266
			419	267
			420	268
			421	269
			421	270
			421	271
			422	272
			422	273
			422	274
			422	275
			422	276
			423	277
			423	278
			423	279
			423	280
			424	281
			424	282
			424	283
			425	284
			426	285
			427	286
			428	287
			429	288
		</Left_Wing>
		<Right_Wing type=matrix rownames=FALSE colnames=FALSE nrow=47 ncol=2 as.numeric=TRUE >
			429	288
			430	287
			431	286
			432	285
			433	284
			434	284
			435	283
			436	282
			436	281
			436	280
			437	280
			437	279
			437	278
			437	277
			437	276
			437	275
			437	274
			437	273
			438	272
			438	271
			438	270
			438	269
			439	269
			439	268
			439	267
			440	267
			440	266
			441	266
			441	265
			442	265
			443	265
			444	265
			445	265
			446	265
			447	266
			448	266
			449	267
			450	267
			450	268
			451	268
			452	268
			452	269
			453	269
			454	269
			454	270
			455	270
			456	270
		</Right_Wing>
		<Right_Side type=matrix rownames=FALSE colnames=FALSE nrow=120 ncol=2 as.numeric=TRUE >
			456	270
			456	269
			457	268
			457	267
			457	266
			457	265
			457	264
			457	263
			456	262
			456	261
			456	260
			456	259
			456	258
			456	257
			455	257
			455	256
			455	255
			455	254
			455	253
			454	253
			454	252
			454	251
			454	250
			454	249
			453	249
			453	248
			453	247
			453	246
			453	245
			452	244
			452	243
			452	242
			452	241
			452	240
			452	239
			451	238
			451	237
			451	236
			451	235
			451	234
			450	233
			450	232
			450	231
			450	230
			450	229
			450	228
			450	227
			449	226
			449	225
			449	224
			449	223
			449	222
			449	221
			449	220
			449	219
			448	218
			448	217
			448	216
			448	215
			448	214
			448	213
			448	212
			448	211
			447	210
			447	209
			447	208
			447	207
			447	206
			447	205
			447	204
			447	203
			446	202
			446	201
			446	200
			446	199
			446	198
			446	197
			446	196
			445	195
			444	194
			444	193
			444	192
			445	191
			445	190
			444	189
			444	188
			444	187
			444	186
			443	185
			443	184
			443	183
			443	182
			443	181
			442	180
			442	179
			442	178
			442	177
			442	176
			442	175
			441	174
			441	173
			441	172
			441	171
			440	170
			440	169
			440	168
			439	167
			439	166
			439	165
			439	164
			438	163
			438	162
			438	161
			438	160
			438	159
			437	158
			437	157
			436	157
			436	156
			435	156
		</Right_Side>
	</curves.pixel>
	<curves.scaled type=list>
		<Left_Side type=matrix rownames=FALSE colnames=FALSE nrow=117 ncol=2 as.numeric=TRUE >
			133.138685001648	-47.7462870350737
			132.832619059115	-47.7462870350737
			132.832619059115	-48.0523529776063
			132.526553116583	-48.0523529776063
			132.22048717405	-48.3584189201388
			132.22048717405	-48.6644848626713
			131.914421231518	-48.9705508052038
			131.914421231518	-49.2766167477364
			131.608355288985	-49.5826826902689
			131.608355288985	-49.8887486328014
			131.302289346453	-50.1948145753339
			130.99622340392	-50.5008805178664
			130.99622340392	-50.806946460399
			130.690157461388	-51.1130124029315
			130.690157461388	-51.419078345464
			130.384091518855	-51.7251442879965
			130.384091518855	-52.0312102305291
			130.078025576323	-52.3372761730616
			130.078025576323	-52.6433421155941
			130.078025576323	-52.9494080581266
			130.078025576323	-53.2554740006592
			129.77195963379	-53.5615399431917
			129.77195963379	-53.8676058857242
			129.77195963379	-54.1736718282567
			129.77195963379	-54.4797377707893
			129.77195963379	-54.7858037133218
			129.77195963379	-55.0918696558543
			129.465893691258	-55.3979355983868
			129.465893691258	-55.7040015409194
			129.465893691258	-56.0100674834519
			129.465893691258	-56.3161334259844
			129.159827748725	-56.6221993685169
			129.159827748725	-56.9282653110495
			128.853761806193	-56.9282653110495
			128.853761806193	-57.234331253582
			128.54769586366	-57.5403971961145
			128.54769586366	-57.846463138647
			128.241629921128	-58.1525290811796
			128.241629921128	-58.4585950237121
			128.241629921128	-58.7646609662446
			128.241629921128	-59.0707269087771
			128.241629921128	-59.3767928513096
			128.241629921128	-59.6828587938422
			127.935563978595	-59.6828587938422
			127.935563978595	-59.9889247363747
			127.935563978595	-60.2949906789072
			127.935563978595	-60.6010566214397
			127.935563978595	-60.9071225639723
			127.935563978595	-61.2131885065048
			127.629498036062	-61.5192544490373
			127.629498036062	-61.8253203915698
			127.629498036062	-62.1313863341024
			127.629498036062	-62.4374522766349
			127.629498036062	-62.7435182191674
			127.32343209353	-63.0495841616999
			127.32343209353	-63.3556501042325
			127.32343209353	-63.661716046765
			127.32343209353	-63.9677819892975
			127.32343209353	-64.27384793183
			127.017366150997	-64.5799138743625
			127.017366150997	-64.8859798168951
			127.017366150997	-65.1920457594276
			127.017366150997	-65.4981117019601
			127.017366150997	-65.8041776444927
			126.711300208465	-66.1102435870252
			126.711300208465	-66.4163095295577
			126.711300208465	-66.7223754720902
			126.711300208465	-67.0284414146227
			126.711300208465	-67.3345073571553
			126.711300208465	-67.6405732996878
			126.405234265932	-67.9466392422203
			126.405234265932	-68.2527051847528
			126.405234265932	-68.5587711272854
			126.405234265932	-68.8648370698179
			126.405234265932	-69.1709030123504
			126.0991683234	-69.4769689548829
			126.0991683234	-69.7830348974155
			126.0991683234	-70.089100839948
			126.0991683234	-70.3951667824805
			126.0991683234	-70.701232725013
			126.0991683234	-71.0072986675456
			126.0991683234	-71.3133646100781
			125.793102380867	-71.6194305526106
			125.793102380867	-71.9254964951431
			125.793102380867	-72.2315624376756
			125.793102380867	-72.5376283802082
			125.793102380867	-72.8436943227407
			125.793102380867	-73.1497602652732
			125.793102380867	-73.4558262078057
			125.793102380867	-73.7618921503383
			125.793102380867	-74.0679580928708
			125.487036438335	-74.3740240354033
			125.487036438335	-74.6800899779359
			125.487036438335	-74.9861559204684
			125.487036438335	-75.2922218630009
			125.487036438335	-75.5982878055334
			125.487036438335	-75.9043537480659
			125.487036438335	-76.2104196905985
			125.487036438335	-76.516485633131
			125.487036438335	-76.8225515756635
			125.487036438335	-77.128617518196
			125.487036438335	-77.4346834607286
			125.487036438335	-77.7407494032611
			125.487036438335	-78.0468153457936
			125.487036438335	-78.3528812883261
			125.180970495802	-78.6589472308587
			125.180970495802	-78.9650131733912
			125.180970495802	-79.2710791159237
			125.180970495802	-79.5771450584562
			125.180970495802	-79.8832110009888
			124.87490455327	-79.8832110009888
			124.87490455327	-80.1892769435213
			124.87490455327	-80.4953428860538
			124.87490455327	-80.8014088285863
			124.87490455327	-81.1074747711188
			124.87490455327	-81.4135407136514
			124.87490455327	-81.7196066561839
		</Left_Side>
		<Left_Wing type=matrix rownames=FALSE colnames=FALSE nrow=33 ncol=2 as.numeric=TRUE >
			124.87490455327	-81.7196066561839
			125.180970495802	-81.7196066561839
			125.487036438335	-81.7196066561839
			125.793102380867	-81.7196066561839
			126.0991683234	-81.4135407136514
			126.405234265932	-81.4135407136514
			126.711300208465	-81.4135407136514
			127.017366150997	-81.1074747711188
			127.32343209353	-81.1074747711188
			127.629498036062	-81.1074747711188
			127.935563978595	-81.4135407136514
			128.241629921128	-81.7196066561839
			128.54769586366	-82.0256725987164
			128.853761806193	-82.3317385412489
			128.853761806193	-82.6378044837815
			128.853761806193	-82.943870426314
			129.159827748725	-83.2499363688465
			129.159827748725	-83.556002311379
			129.159827748725	-83.8620682539116
			129.159827748725	-84.1681341964441
			129.159827748725	-84.4742001389766
			129.465893691258	-84.7802660815091
			129.465893691258	-85.0863320240417
			129.465893691258	-85.3923979665742
			129.465893691258	-85.6984639091067
			129.77195963379	-86.0045298516392
			129.77195963379	-86.3105957941718
			129.77195963379	-86.6166617367043
			130.078025576323	-86.9227276792368
			130.384091518855	-87.2287936217693
			130.690157461388	-87.5348595643019
			130.99622340392	-87.8409255068344
			131.302289346453	-88.1469914493669
		</Left_Wing>
		<Right_Wing type=matrix rownames=FALSE colnames=FALSE nrow=47 ncol=2 as.numeric=TRUE >
			131.302289346453	-88.1469914493669
			131.608355288985	-87.8409255068344
			131.914421231518	-87.5348595643019
			132.22048717405	-87.2287936217693
			132.526553116583	-86.9227276792368
			132.832619059115	-86.9227276792368
			133.138685001648	-86.6166617367043
			133.44475094418	-86.3105957941718
			133.44475094418	-86.0045298516392
			133.44475094418	-85.6984639091067
			133.750816886713	-85.6984639091067
			133.750816886713	-85.3923979665742
			133.750816886713	-85.0863320240417
			133.750816886713	-84.7802660815091
			133.750816886713	-84.4742001389766
			133.750816886713	-84.1681341964441
			133.750816886713	-83.8620682539116
			133.750816886713	-83.556002311379
			134.056882829245	-83.2499363688465
			134.056882829245	-82.943870426314
			134.056882829245	-82.6378044837815
			134.056882829245	-82.3317385412489
			134.362948771778	-82.3317385412489
			134.362948771778	-82.0256725987164
			134.362948771778	-81.7196066561839
			134.669014714311	-81.7196066561839
			134.669014714311	-81.4135407136514
			134.975080656843	-81.4135407136514
			134.975080656843	-81.1074747711188
			135.281146599376	-81.1074747711188
			135.587212541908	-81.1074747711188
			135.893278484441	-81.1074747711188
			136.199344426973	-81.1074747711188
			136.505410369506	-81.1074747711188
			136.811476312038	-81.4135407136514
			137.117542254571	-81.4135407136514
			137.423608197103	-81.7196066561839
			137.729674139636	-81.7196066561839
			137.729674139636	-82.0256725987164
			138.035740082168	-82.0256725987164
			138.341806024701	-82.0256725987164
			138.341806024701	-82.3317385412489
			138.647871967233	-82.3317385412489
			138.953937909766	-82.3317385412489
			138.953937909766	-82.6378044837815
			139.260003852298	-82.6378044837815
			139.566069794831	-82.6378044837815
		</Right_Wing>
		<Right_Side type=matrix rownames=FALSE colnames=FALSE nrow=120 ncol=2 as.numeric=TRUE >
			139.566069794831	-82.6378044837815
			139.566069794831	-82.3317385412489
			139.872135737363	-82.0256725987164
			139.872135737363	-81.7196066561839
			139.872135737363	-81.4135407136514
			139.872135737363	-81.1074747711188
			139.872135737363	-80.8014088285863
			139.872135737363	-80.4953428860538
			139.566069794831	-80.1892769435213
			139.566069794831	-79.8832110009888
			139.566069794831	-79.5771450584562
			139.566069794831	-79.2710791159237
			139.566069794831	-78.9650131733912
			139.566069794831	-78.6589472308587
			139.260003852298	-78.6589472308587
			139.260003852298	-78.3528812883261
			139.260003852298	-78.0468153457936
			139.260003852298	-77.7407494032611
			139.260003852298	-77.4346834607286
			138.953937909766	-77.4346834607286
			138.953937909766	-77.128617518196
			138.953937909766	-76.8225515756635
			138.953937909766	-76.516485633131
			138.953937909766	-76.2104196905985
			138.647871967233	-76.2104196905985
			138.647871967233	-75.9043537480659
			138.647871967233	-75.5982878055334
			138.647871967233	-75.2922218630009
			138.647871967233	-74.9861559204684
			138.341806024701	-74.6800899779359
			138.341806024701	-74.3740240354033
			138.341806024701	-74.0679580928708
			138.341806024701	-73.7618921503383
			138.341806024701	-73.4558262078057
			138.341806024701	-73.1497602652732
			138.035740082168	-72.8436943227407
			138.035740082168	-72.5376283802082
			138.035740082168	-72.2315624376756
			138.035740082168	-71.9254964951431
			138.035740082168	-71.6194305526106
			137.729674139636	-71.3133646100781
			137.729674139636	-71.0072986675456
			137.729674139636	-70.701232725013
			137.729674139636	-70.3951667824805
			137.729674139636	-70.089100839948
			137.729674139636	-69.7830348974155
			137.729674139636	-69.4769689548829
			137.423608197103	-69.1709030123504
			137.423608197103	-68.8648370698179
			137.423608197103	-68.5587711272854
			137.423608197103	-68.2527051847528
			137.423608197103	-67.9466392422203
			137.423608197103	-67.6405732996878
			137.423608197103	-67.3345073571553
			137.423608197103	-67.0284414146227
			137.117542254571	-66.7223754720902
			137.117542254571	-66.4163095295577
			137.117542254571	-66.1102435870252
			137.117542254571	-65.8041776444927
			137.117542254571	-65.4981117019601
			137.117542254571	-65.1920457594276
			137.117542254571	-64.8859798168951
			137.117542254571	-64.5799138743625
			136.811476312038	-64.27384793183
			136.811476312038	-63.9677819892975
			136.811476312038	-63.661716046765
			136.811476312038	-63.3556501042325
			136.811476312038	-63.0495841616999
			136.811476312038	-62.7435182191674
			136.811476312038	-62.4374522766349
			136.811476312038	-62.1313863341024
			136.505410369506	-61.8253203915698
			136.505410369506	-61.5192544490373
			136.505410369506	-61.2131885065048
			136.505410369506	-60.9071225639723
			136.505410369506	-60.6010566214397
			136.505410369506	-60.2949906789072
			136.505410369506	-59.9889247363747
			136.199344426973	-59.6828587938422
			135.893278484441	-59.3767928513096
			135.893278484441	-59.0707269087771
			135.893278484441	-58.7646609662446
			136.199344426973	-58.4585950237121
			136.199344426973	-58.1525290811796
			135.893278484441	-57.846463138647
			135.893278484441	-57.5403971961145
			135.893278484441	-57.234331253582
			135.893278484441	-56.9282653110495
			135.587212541908	-56.6221993685169
			135.587212541908	-56.3161334259844
			135.587212541908	-56.0100674834519
			135.587212541908	-55.7040015409194
			135.587212541908	-55.3979355983868
			135.281146599376	-55.0918696558543
			135.281146599376	-54.7858037133218
			135.281146599376	-54.4797377707893
			135.281146599376	-54.1736718282567
			135.281146599376	-53.8676058857242
			135.281146599376	-53.5615399431917
			134.975080656843	-53.2554740006592
			134.975080656843	-52.9494080581266
			134.975080656843	-52.6433421155941
			134.975080656843	-52.3372761730616
			134.669014714311	-52.0312102305291
			134.669014714311	-51.7251442879965
			134.669014714311	-51.419078345464
			134.362948771778	-51.1130124029315
			134.362948771778	-50.806946460399
			134.362948771778	-50.5008805178664
			134.362948771778	-50.1948145753339
			134.056882829245	-49.8887486328014
			134.056882829245	-49.5826826902689
			134.056882829245	-49.2766167477364
			134.056882829245	-48.9705508052038
			134.056882829245	-48.6644848626713
			133.750816886713	-48.3584189201388
			133.750816886713	-48.0523529776063
			133.44475094418	-48.0523529776063
			133.44475094418	-47.7462870350737
			133.138685001648	-47.7462870350737
		</Right_Side>
	</curves.scaled>
	<ruler.points type=matrix rownames=TRUE colnames=FALSE nrow=6 ncol=2 as.numeric=TRUE >
		Ruler point 1	282	358
		Ruler point 2	313	358
		Ruler point 3	346	357
		Ruler point 4	380	356
		Ruler point 5	410	355
		Ruler point 6	445	353
	</ruler.points>
</shapes>

