<shapes type=list>
	<ruler.pixel type=vector names=FALSE length=1 as.numeric=TRUE >25.7581363930473</ruler.pixel>
	<ruler.interval type=vector names=FALSE length=1 as.numeric=TRUE >10</ruler.interval>
	<scaling.units type=vector names=FALSE length=1 as.numeric=FALSE >mm</scaling.units>
	<scaling type=vector names=FALSE length=1 as.numeric=TRUE >0.388226844031279</scaling>
	<landmarks.pixel type=matrix rownames=TRUE colnames=FALSE nrow=4 ncol=2 as.numeric=TRUE >
		Point_Tip	397	94
		Left_Tang_Center	381	158
		Base_Center	397	198
		Right_Tang_Center	415	157
	</landmarks.pixel>
	<landmarks.scaled type=matrix rownames=TRUE colnames=FALSE nrow=4 ncol=2 as.numeric=TRUE >
		Point_Tip	154.126057080418	-36.4933233389402
		Left_Tang_Center	147.914427575917	-61.3398413569421
		Base_Center	154.126057080418	-76.8689151181932
		Right_Tang_Center	161.114140272981	-60.9516145129108
	</landmarks.scaled>
	<curves.control type=list>
		<Left_Side type=matrix rownames=FALSE colnames=FALSE nrow=11 ncol=2 as.numeric=TRUE >
			397	94
			395	96
			395	102
			393	104
			392	106
			392	110
			389	114
			388	121
			383	137
			378	156
			381	158
		</Left_Side>
		<Left_Wing type=matrix rownames=FALSE colnames=FALSE nrow=7 ncol=2 as.numeric=TRUE >
			381	158
			384	159
			387	156
			391	152
			392	155
			392	192
			397	198
		</Left_Wing>
		<Right_Wing type=matrix rownames=FALSE colnames=FALSE nrow=9 ncol=2 as.numeric=TRUE >
			397	198
			401	197
			405	187
			406	173
			406	158
			403	152
			408	153
			412	157
			415	157
		</Right_Wing>
		<Right_Side type=matrix rownames=FALSE colnames=FALSE nrow=9 ncol=2 as.numeric=TRUE >
			415	157
			417	156
			415	136
			411	129
			406	109
			402	105
			400	99
			399	96
			397	94
		</Right_Side>
	</curves.control>
	<curves.pixel type=list>
		<Left_Side type=matrix rownames=FALSE colnames=FALSE nrow=66 ncol=2 as.numeric=TRUE >
			397	94
			396	95
			396	96
			396	97
			395	98
			395	99
			395	100
			395	101
			395	102
			394	103
			393	104
			393	105
			392	106
			392	107
			392	108
			391	109
			391	110
			391	111
			390	112
			390	113
			389	114
			389	115
			389	116
			388	117
			388	118
			388	119
			388	120
			388	121
			387	122
			387	123
			387	124
			387	125
			386	126
			386	127
			386	128
			385	129
			385	130
			385	131
			384	132
			384	133
			384	134
			384	135
			383	136
			383	137
			383	138
			382	139
			382	140
			382	141
			382	142
			382	143
			381	144
			381	145
			381	146
			381	147
			381	148
			380	148
			380	149
			380	150
			380	151
			380	152
			380	153
			380	154
			380	155
			380	156
			380	157
			381	158
		</Left_Side>
		<Left_Wing type=matrix rownames=FALSE colnames=FALSE nrow=56 ncol=2 as.numeric=TRUE >
			381	158
			382	158
			383	158
			384	158
			385	157
			386	157
			387	156
			388	155
			389	154
			390	154
			391	154
			392	154
			392	155
			392	156
			392	157
			392	158
			392	159
			392	160
			392	161
			392	162
			392	163
			392	164
			392	165
			392	166
			392	167
			392	168
			392	169
			392	170
			392	171
			392	172
			392	173
			392	174
			392	175
			393	176
			393	177
			393	178
			393	179
			393	180
			393	181
			393	182
			393	183
			393	184
			393	185
			393	186
			394	187
			394	188
			394	189
			394	190
			394	191
			395	192
			395	193
			395	194
			395	195
			396	196
			396	197
			397	198
		</Left_Wing>
		<Right_Wing type=matrix rownames=FALSE colnames=FALSE nrow=57 ncol=2 as.numeric=TRUE >
			397	198
			398	198
			399	197
			400	196
			401	195
			401	194
			402	193
			403	192
			403	191
			404	190
			404	189
			405	188
			405	187
			405	186
			405	185
			405	184
			405	183
			405	182
			405	181
			405	180
			406	179
			406	178
			406	177
			406	176
			406	175
			406	174
			406	173
			406	172
			406	171
			406	170
			406	169
			406	168
			406	167
			406	166
			406	165
			406	164
			406	163
			406	162
			406	161
			406	160
			406	159
			406	158
			406	157
			405	157
			405	156
			405	155
			405	154
			406	153
			407	153
			408	153
			409	154
			410	155
			411	156
			412	156
			413	157
			414	157
			415	157
		</Right_Wing>
		<Right_Side type=matrix rownames=FALSE colnames=FALSE nrow=68 ncol=2 as.numeric=TRUE >
			415	157
			415	156
			416	155
			416	154
			416	153
			416	152
			416	151
			416	150
			416	149
			416	148
			416	147
			416	146
			416	145
			416	144
			416	143
			416	142
			415	141
			415	140
			415	139
			415	138
			415	137
			415	136
			415	135
			414	135
			414	134
			414	133
			413	133
			413	132
			413	131
			412	130
			412	129
			411	128
			411	127
			411	126
			410	125
			410	124
			410	123
			410	122
			409	121
			409	120
			409	119
			408	118
			408	117
			408	116
			407	115
			407	114
			407	113
			407	112
			406	111
			406	110
			406	109
			405	108
			405	107
			404	107
			403	106
			403	105
			402	104
			402	103
			401	102
			401	101
			400	100
			400	99
			400	98
			399	97
			399	96
			398	96
			398	95
			397	94
		</Right_Side>
	</curves.pixel>
	<curves.scaled type=list>
		<Left_Side type=matrix rownames=FALSE colnames=FALSE nrow=66 ncol=2 as.numeric=TRUE >
			154.126057080418	-36.4933233389402
			153.737830236386	-36.8815501829715
			153.737830236386	-37.2697770270028
			153.737830236386	-37.6580038710341
			153.349603392355	-38.0462307150653
			153.349603392355	-38.4344575590966
			153.349603392355	-38.8226844031279
			153.349603392355	-39.2109112471592
			153.349603392355	-39.5991380911905
			152.961376548324	-39.9873649352217
			152.573149704293	-40.375591779253
			152.573149704293	-40.7638186232843
			152.184922860261	-41.1520454673156
			152.184922860261	-41.5402723113469
			152.184922860261	-41.9284991553781
			151.79669601623	-42.3167259994094
			151.79669601623	-42.7049528434407
			151.79669601623	-43.093179687472
			151.408469172199	-43.4814065315032
			151.408469172199	-43.8696333755345
			151.020242328168	-44.2578602195658
			151.020242328168	-44.6460870635971
			151.020242328168	-45.0343139076284
			150.632015484136	-45.4225407516596
			150.632015484136	-45.8107675956909
			150.632015484136	-46.1989944397222
			150.632015484136	-46.5872212837535
			150.632015484136	-46.9754481277848
			150.243788640105	-47.363674971816
			150.243788640105	-47.7519018158473
			150.243788640105	-48.1401286598786
			150.243788640105	-48.5283555039099
			149.855561796074	-48.9165823479412
			149.855561796074	-49.3048091919724
			149.855561796074	-49.6930360360037
			149.467334952042	-50.081262880035
			149.467334952042	-50.4694897240663
			149.467334952042	-50.8577165680976
			149.079108108011	-51.2459434121288
			149.079108108011	-51.6341702561601
			149.079108108011	-52.0223971001914
			149.079108108011	-52.4106239442227
			148.69088126398	-52.7988507882539
			148.69088126398	-53.1870776322852
			148.69088126398	-53.5753044763165
			148.302654419949	-53.9635313203478
			148.302654419949	-54.3517581643791
			148.302654419949	-54.7399850084103
			148.302654419949	-55.1282118524416
			148.302654419949	-55.5164386964729
			147.914427575917	-55.9046655405042
			147.914427575917	-56.2928923845355
			147.914427575917	-56.6811192285667
			147.914427575917	-57.069346072598
			147.914427575917	-57.4575729166293
			147.526200731886	-57.4575729166293
			147.526200731886	-57.8457997606606
			147.526200731886	-58.2340266046918
			147.526200731886	-58.6222534487231
			147.526200731886	-59.0104802927544
			147.526200731886	-59.3987071367857
			147.526200731886	-59.786933980817
			147.526200731886	-60.1751608248482
			147.526200731886	-60.5633876688795
			147.526200731886	-60.9516145129108
			147.914427575917	-61.3398413569421
		</Left_Side>
		<Left_Wing type=matrix rownames=FALSE colnames=FALSE nrow=56 ncol=2 as.numeric=TRUE >
			147.914427575917	-61.3398413569421
			148.302654419949	-61.3398413569421
			148.69088126398	-61.3398413569421
			149.079108108011	-61.3398413569421
			149.467334952042	-60.9516145129108
			149.855561796074	-60.9516145129108
			150.243788640105	-60.5633876688795
			150.632015484136	-60.1751608248482
			151.020242328168	-59.786933980817
			151.408469172199	-59.786933980817
			151.79669601623	-59.786933980817
			152.184922860261	-59.786933980817
			152.184922860261	-60.1751608248482
			152.184922860261	-60.5633876688795
			152.184922860261	-60.9516145129108
			152.184922860261	-61.3398413569421
			152.184922860261	-61.7280682009734
			152.184922860261	-62.1162950450046
			152.184922860261	-62.5045218890359
			152.184922860261	-62.8927487330672
			152.184922860261	-63.2809755770985
			152.184922860261	-63.6692024211298
			152.184922860261	-64.057429265161
			152.184922860261	-64.4456561091923
			152.184922860261	-64.8338829532236
			152.184922860261	-65.2221097972549
			152.184922860261	-65.6103366412862
			152.184922860261	-65.9985634853174
			152.184922860261	-66.3867903293487
			152.184922860261	-66.77501717338
			152.184922860261	-67.1632440174113
			152.184922860261	-67.5514708614425
			152.184922860261	-67.9396977054738
			152.573149704293	-68.3279245495051
			152.573149704293	-68.7161513935364
			152.573149704293	-69.1043782375677
			152.573149704293	-69.4926050815989
			152.573149704293	-69.8808319256302
			152.573149704293	-70.2690587696615
			152.573149704293	-70.6572856136928
			152.573149704293	-71.0455124577241
			152.573149704293	-71.4337393017553
			152.573149704293	-71.8219661457866
			152.573149704293	-72.2101929898179
			152.961376548324	-72.5984198338492
			152.961376548324	-72.9866466778805
			152.961376548324	-73.3748735219117
			152.961376548324	-73.763100365943
			152.961376548324	-74.1513272099743
			153.349603392355	-74.5395540540056
			153.349603392355	-74.9277808980368
			153.349603392355	-75.3160077420681
			153.349603392355	-75.7042345860994
			153.737830236386	-76.0924614301307
			153.737830236386	-76.480688274162
			154.126057080418	-76.8689151181932
		</Left_Wing>
		<Right_Wing type=matrix rownames=FALSE colnames=FALSE nrow=57 ncol=2 as.numeric=TRUE >
			154.126057080418	-76.8689151181932
			154.514283924449	-76.8689151181932
			154.90251076848	-76.480688274162
			155.290737612512	-76.0924614301307
			155.678964456543	-75.7042345860994
			155.678964456543	-75.3160077420681
			156.067191300574	-74.9277808980368
			156.455418144605	-74.5395540540056
			156.455418144605	-74.1513272099743
			156.843644988637	-73.763100365943
			156.843644988637	-73.3748735219117
			157.231871832668	-72.9866466778805
			157.231871832668	-72.5984198338492
			157.231871832668	-72.2101929898179
			157.231871832668	-71.8219661457866
			157.231871832668	-71.4337393017553
			157.231871832668	-71.0455124577241
			157.231871832668	-70.6572856136928
			157.231871832668	-70.2690587696615
			157.231871832668	-69.8808319256302
			157.620098676699	-69.4926050815989
			157.620098676699	-69.1043782375677
			157.620098676699	-68.7161513935364
			157.620098676699	-68.3279245495051
			157.620098676699	-67.9396977054738
			157.620098676699	-67.5514708614425
			157.620098676699	-67.1632440174113
			157.620098676699	-66.77501717338
			157.620098676699	-66.3867903293487
			157.620098676699	-65.9985634853174
			157.620098676699	-65.6103366412862
			157.620098676699	-65.2221097972549
			157.620098676699	-64.8338829532236
			157.620098676699	-64.4456561091923
			157.620098676699	-64.057429265161
			157.620098676699	-63.6692024211298
			157.620098676699	-63.2809755770985
			157.620098676699	-62.8927487330672
			157.620098676699	-62.5045218890359
			157.620098676699	-62.1162950450046
			157.620098676699	-61.7280682009734
			157.620098676699	-61.3398413569421
			157.620098676699	-60.9516145129108
			157.231871832668	-60.9516145129108
			157.231871832668	-60.5633876688795
			157.231871832668	-60.1751608248482
			157.231871832668	-59.786933980817
			157.620098676699	-59.3987071367857
			158.008325520731	-59.3987071367857
			158.396552364762	-59.3987071367857
			158.784779208793	-59.786933980817
			159.173006052824	-60.1751608248482
			159.561232896856	-60.5633876688795
			159.949459740887	-60.5633876688795
			160.337686584918	-60.9516145129108
			160.725913428949	-60.9516145129108
			161.114140272981	-60.9516145129108
		</Right_Wing>
		<Right_Side type=matrix rownames=FALSE colnames=FALSE nrow=68 ncol=2 as.numeric=TRUE >
			161.114140272981	-60.9516145129108
			161.114140272981	-60.5633876688795
			161.502367117012	-60.1751608248482
			161.502367117012	-59.786933980817
			161.502367117012	-59.3987071367857
			161.502367117012	-59.0104802927544
			161.502367117012	-58.6222534487231
			161.502367117012	-58.2340266046918
			161.502367117012	-57.8457997606606
			161.502367117012	-57.4575729166293
			161.502367117012	-57.069346072598
			161.502367117012	-56.6811192285667
			161.502367117012	-56.2928923845355
			161.502367117012	-55.9046655405042
			161.502367117012	-55.5164386964729
			161.502367117012	-55.1282118524416
			161.114140272981	-54.7399850084103
			161.114140272981	-54.3517581643791
			161.114140272981	-53.9635313203478
			161.114140272981	-53.5753044763165
			161.114140272981	-53.1870776322852
			161.114140272981	-52.7988507882539
			161.114140272981	-52.4106239442227
			160.725913428949	-52.4106239442227
			160.725913428949	-52.0223971001914
			160.725913428949	-51.6341702561601
			160.337686584918	-51.6341702561601
			160.337686584918	-51.2459434121288
			160.337686584918	-50.8577165680976
			159.949459740887	-50.4694897240663
			159.949459740887	-50.081262880035
			159.561232896856	-49.6930360360037
			159.561232896856	-49.3048091919724
			159.561232896856	-48.9165823479412
			159.173006052824	-48.5283555039099
			159.173006052824	-48.1401286598786
			159.173006052824	-47.7519018158473
			159.173006052824	-47.363674971816
			158.784779208793	-46.9754481277848
			158.784779208793	-46.5872212837535
			158.784779208793	-46.1989944397222
			158.396552364762	-45.8107675956909
			158.396552364762	-45.4225407516596
			158.396552364762	-45.0343139076284
			158.008325520731	-44.6460870635971
			158.008325520731	-44.2578602195658
			158.008325520731	-43.8696333755345
			158.008325520731	-43.4814065315032
			157.620098676699	-43.093179687472
			157.620098676699	-42.7049528434407
			157.620098676699	-42.3167259994094
			157.231871832668	-41.9284991553781
			157.231871832668	-41.5402723113469
			156.843644988637	-41.5402723113469
			156.455418144605	-41.1520454673156
			156.455418144605	-40.7638186232843
			156.067191300574	-40.375591779253
			156.067191300574	-39.9873649352217
			155.678964456543	-39.5991380911905
			155.678964456543	-39.2109112471592
			155.290737612512	-38.8226844031279
			155.290737612512	-38.4344575590966
			155.290737612512	-38.0462307150653
			154.90251076848	-37.6580038710341
			154.90251076848	-37.2697770270028
			154.514283924449	-37.2697770270028
			154.514283924449	-36.8815501829715
			154.126057080418	-36.4933233389402
		</Right_Side>
	</curves.scaled>
	<ruler.points type=matrix rownames=TRUE colnames=FALSE nrow=6 ncol=2 as.numeric=TRUE >
		Ruler point 1	304	436
		Ruler point 2	328	436
		Ruler point 3	356	437
		Ruler point 4	381	437
		Ruler point 5	407	437
		Ruler point 6	433	438
	</ruler.points>
</shapes>

