<shapes type=list>
	<ruler.pixel type=vector names=FALSE length=1 as.numeric=TRUE >27.0007922758253</ruler.pixel>
	<ruler.interval type=vector names=FALSE length=1 as.numeric=TRUE >10</ruler.interval>
	<scaling.units type=vector names=FALSE length=1 as.numeric=FALSE >mm</scaling.units>
	<scaling type=vector names=FALSE length=1 as.numeric=TRUE >0.370359502708124</scaling>
	<landmarks.pixel type=matrix rownames=TRUE colnames=FALSE nrow=4 ncol=2 as.numeric=TRUE >
		Point_Tip	437	394
		Left_Tang_Center	406	473
		Base_Center	437	493
		Right_Tang_Center	467	468
	</landmarks.pixel>
	<landmarks.scaled type=matrix rownames=TRUE colnames=FALSE nrow=4 ncol=2 as.numeric=TRUE >
		Point_Tip	161.84710268345	-145.921644067001
		Left_Tang_Center	150.365958099498	-175.180044780943
		Base_Center	161.84710268345	-182.587234835105
		Right_Tang_Center	172.957887764694	-173.328247267402
	</landmarks.scaled>
	<curves.control type=list>
		<Left_Side type=matrix rownames=FALSE colnames=FALSE nrow=13 ncol=2 as.numeric=TRUE >
			437	394
			435	396
			435	403
			432	406
			432	411
			428	420
			421	436
			416	445
			410	456
			407	462
			406	468
			406	471
			406	473
		</Left_Side>
		<Left_Wing type=matrix rownames=FALSE colnames=FALSE nrow=13 ncol=2 as.numeric=TRUE >
			406	473
			409	472
			413	469
			418	465
			420	462
			424	456
			424	464
			426	471
			427	481
			430	486
			432	491
			434	493
			437	493
		</Left_Wing>
		<Right_Wing type=matrix rownames=FALSE colnames=FALSE nrow=11 ncol=2 as.numeric=TRUE >
			437	493
			441	493
			446	489
			447	480
			449	475
			449	466
			450	462
			454	462
			458	465
			463	469
			467	468
		</Right_Wing>
		<Right_Side type=matrix rownames=FALSE colnames=FALSE nrow=15 ncol=2 as.numeric=TRUE >
			467	468
			470	468
			468	464
			465	457
			461	449
			457	442
			454	435
			452	430
			448	421
			446	417
			444	411
			443	407
			440	401
			439	394
			437	394
		</Right_Side>
	</curves.control>
	<curves.pixel type=list>
		<Left_Side type=matrix rownames=FALSE colnames=FALSE nrow=82 ncol=2 as.numeric=TRUE >
			437	394
			436	395
			436	396
			436	397
			435	398
			435	399
			435	400
			435	401
			435	402
			435	403
			434	404
			434	405
			433	406
			432	407
			432	408
			432	409
			432	410
			432	411
			431	412
			431	413
			431	414
			430	415
			430	416
			429	417
			429	418
			428	419
			428	420
			427	421
			427	422
			427	423
			426	424
			426	425
			425	426
			425	427
			425	428
			424	429
			424	430
			423	431
			423	432
			422	433
			422	434
			422	435
			421	436
			421	437
			420	437
			420	438
			419	439
			419	440
			418	441
			418	442
			417	442
			417	443
			416	444
			416	445
			415	446
			415	447
			414	448
			414	449
			413	450
			413	451
			412	452
			412	453
			411	454
			410	455
			410	456
			410	457
			409	458
			409	459
			408	460
			408	461
			408	462
			407	463
			407	464
			407	465
			406	466
			406	467
			406	468
			406	469
			406	470
			406	471
			406	472
			406	473
		</Left_Side>
		<Left_Wing type=matrix rownames=FALSE colnames=FALSE nrow=59 ncol=2 as.numeric=TRUE >
			406	473
			407	473
			408	472
			409	472
			410	471
			411	470
			412	470
			413	469
			414	468
			415	467
			416	467
			417	466
			418	465
			418	464
			419	463
			420	463
			420	462
			421	461
			422	460
			422	459
			423	460
			424	461
			424	462
			424	463
			424	464
			424	465
			424	466
			425	466
			425	467
			425	468
			425	469
			425	470
			426	470
			426	471
			426	472
			426	473
			426	474
			426	475
			426	476
			427	477
			427	478
			427	479
			427	480
			427	481
			428	482
			428	483
			429	484
			429	485
			430	486
			430	487
			431	488
			431	489
			432	490
			432	491
			433	492
			434	492
			435	493
			436	493
			437	493
		</Left_Wing>
		<Right_Wing type=matrix rownames=FALSE colnames=FALSE nrow=56 ncol=2 as.numeric=TRUE >
			437	493
			438	493
			439	493
			440	492
			441	492
			442	492
			443	491
			444	490
			445	490
			446	489
			446	488
			446	487
			446	486
			447	485
			447	484
			447	483
			447	482
			447	481
			447	480
			448	479
			448	478
			448	477
			449	476
			449	475
			449	474
			449	473
			449	472
			449	471
			449	470
			449	469
			449	468
			449	467
			449	466
			449	465
			450	465
			450	464
			450	463
			450	462
			451	462
			452	462
			453	462
			454	463
			455	463
			456	464
			457	465
			458	465
			459	466
			460	466
			460	467
			461	467
			462	467
			463	468
			464	468
			465	468
			466	468
			467	468
		</Right_Wing>
		<Right_Side type=matrix rownames=FALSE colnames=FALSE nrow=80 ncol=2 as.numeric=TRUE >
			467	468
			468	468
			469	467
			469	466
			468	465
			468	464
			468	463
			467	462
			467	461
			466	460
			466	459
			465	458
			465	457
			464	456
			464	455
			464	454
			463	454
			463	453
			463	452
			462	451
			462	450
			461	449
			460	448
			460	447
			459	446
			459	445
			458	444
			458	443
			457	442
			457	441
			456	440
			456	439
			455	438
			455	437
			454	436
			454	435
			454	434
			453	433
			453	432
			452	431
			452	430
			451	429
			451	428
			451	427
			450	426
			450	425
			449	424
			449	423
			448	422
			448	421
			448	420
			447	420
			447	419
			447	418
			446	417
			446	416
			445	415
			445	414
			445	413
			444	412
			444	411
			444	410
			443	409
			443	408
			443	407
			442	406
			442	405
			442	404
			441	403
			441	402
			440	401
			440	400
			440	399
			439	398
			439	397
			439	396
			439	395
			438	395
			438	394
			437	394
		</Right_Side>
	</curves.pixel>
	<curves.scaled type=list>
		<Left_Side type=matrix rownames=FALSE colnames=FALSE nrow=82 ncol=2 as.numeric=TRUE >
			161.84710268345	-145.921644067001
			161.476743180742	-146.292003569709
			161.476743180742	-146.662363072417
			161.476743180742	-147.032722575125
			161.106383678034	-147.403082077833
			161.106383678034	-147.773441580541
			161.106383678034	-148.14380108325
			161.106383678034	-148.514160585958
			161.106383678034	-148.884520088666
			161.106383678034	-149.254879591374
			160.736024175326	-149.625239094082
			160.736024175326	-149.99559859679
			160.365664672618	-150.365958099498
			159.99530516991	-150.736317602206
			159.99530516991	-151.106677104915
			159.99530516991	-151.477036607623
			159.99530516991	-151.847396110331
			159.99530516991	-152.217755613039
			159.624945667201	-152.588115115747
			159.624945667201	-152.958474618455
			159.624945667201	-153.328834121163
			159.254586164493	-153.699193623871
			159.254586164493	-154.06955312658
			158.884226661785	-154.439912629288
			158.884226661785	-154.810272131996
			158.513867159077	-155.180631634704
			158.513867159077	-155.550991137412
			158.143507656369	-155.92135064012
			158.143507656369	-156.291710142828
			158.143507656369	-156.662069645536
			157.773148153661	-157.032429148245
			157.773148153661	-157.402788650953
			157.402788650953	-157.773148153661
			157.402788650953	-158.143507656369
			157.402788650953	-158.513867159077
			157.032429148245	-158.884226661785
			157.032429148245	-159.254586164493
			156.662069645536	-159.624945667201
			156.662069645536	-159.99530516991
			156.291710142828	-160.365664672618
			156.291710142828	-160.736024175326
			156.291710142828	-161.106383678034
			155.92135064012	-161.476743180742
			155.92135064012	-161.84710268345
			155.550991137412	-161.84710268345
			155.550991137412	-162.217462186158
			155.180631634704	-162.587821688866
			155.180631634704	-162.958181191575
			154.810272131996	-163.328540694283
			154.810272131996	-163.698900196991
			154.439912629288	-163.698900196991
			154.439912629288	-164.069259699699
			154.06955312658	-164.439619202407
			154.06955312658	-164.809978705115
			153.699193623871	-165.180338207823
			153.699193623871	-165.550697710531
			153.328834121163	-165.92105721324
			153.328834121163	-166.291416715948
			152.958474618455	-166.661776218656
			152.958474618455	-167.032135721364
			152.588115115747	-167.402495224072
			152.588115115747	-167.77285472678
			152.217755613039	-168.143214229488
			151.847396110331	-168.513573732196
			151.847396110331	-168.883933234905
			151.847396110331	-169.254292737613
			151.477036607623	-169.624652240321
			151.477036607623	-169.995011743029
			151.106677104915	-170.365371245737
			151.106677104915	-170.735730748445
			151.106677104915	-171.106090251153
			150.736317602206	-171.476449753861
			150.736317602206	-171.84680925657
			150.736317602206	-172.217168759278
			150.365958099498	-172.587528261986
			150.365958099498	-172.957887764694
			150.365958099498	-173.328247267402
			150.365958099498	-173.69860677011
			150.365958099498	-174.068966272818
			150.365958099498	-174.439325775526
			150.365958099498	-174.809685278235
			150.365958099498	-175.180044780943
		</Left_Side>
		<Left_Wing type=matrix rownames=FALSE colnames=FALSE nrow=59 ncol=2 as.numeric=TRUE >
			150.365958099498	-175.180044780943
			150.736317602206	-175.180044780943
			151.106677104915	-174.809685278235
			151.477036607623	-174.809685278235
			151.847396110331	-174.439325775526
			152.217755613039	-174.068966272818
			152.588115115747	-174.068966272818
			152.958474618455	-173.69860677011
			153.328834121163	-173.328247267402
			153.699193623871	-172.957887764694
			154.06955312658	-172.957887764694
			154.439912629288	-172.587528261986
			154.810272131996	-172.217168759278
			154.810272131996	-171.84680925657
			155.180631634704	-171.476449753861
			155.550991137412	-171.476449753861
			155.550991137412	-171.106090251153
			155.92135064012	-170.735730748445
			156.291710142828	-170.365371245737
			156.291710142828	-169.995011743029
			156.662069645536	-170.365371245737
			157.032429148245	-170.735730748445
			157.032429148245	-171.106090251153
			157.032429148245	-171.476449753861
			157.032429148245	-171.84680925657
			157.032429148245	-172.217168759278
			157.032429148245	-172.587528261986
			157.402788650953	-172.587528261986
			157.402788650953	-172.957887764694
			157.402788650953	-173.328247267402
			157.402788650953	-173.69860677011
			157.402788650953	-174.068966272818
			157.773148153661	-174.068966272818
			157.773148153661	-174.439325775526
			157.773148153661	-174.809685278235
			157.773148153661	-175.180044780943
			157.773148153661	-175.550404283651
			157.773148153661	-175.920763786359
			157.773148153661	-176.291123289067
			158.143507656369	-176.661482791775
			158.143507656369	-177.031842294483
			158.143507656369	-177.402201797191
			158.143507656369	-177.7725612999
			158.143507656369	-178.142920802608
			158.513867159077	-178.513280305316
			158.513867159077	-178.883639808024
			158.884226661785	-179.253999310732
			158.884226661785	-179.62435881344
			159.254586164493	-179.994718316148
			159.254586164493	-180.365077818856
			159.624945667201	-180.735437321565
			159.624945667201	-181.105796824273
			159.99530516991	-181.476156326981
			159.99530516991	-181.846515829689
			160.365664672618	-182.216875332397
			160.736024175326	-182.216875332397
			161.106383678034	-182.587234835105
			161.476743180742	-182.587234835105
			161.84710268345	-182.587234835105
		</Left_Wing>
		<Right_Wing type=matrix rownames=FALSE colnames=FALSE nrow=56 ncol=2 as.numeric=TRUE >
			161.84710268345	-182.587234835105
			162.217462186158	-182.587234835105
			162.587821688866	-182.587234835105
			162.958181191575	-182.216875332397
			163.328540694283	-182.216875332397
			163.698900196991	-182.216875332397
			164.069259699699	-181.846515829689
			164.439619202407	-181.476156326981
			164.809978705115	-181.476156326981
			165.180338207823	-181.105796824273
			165.180338207823	-180.735437321565
			165.180338207823	-180.365077818856
			165.180338207823	-179.994718316148
			165.550697710531	-179.62435881344
			165.550697710531	-179.253999310732
			165.550697710531	-178.883639808024
			165.550697710531	-178.513280305316
			165.550697710531	-178.142920802608
			165.550697710531	-177.7725612999
			165.92105721324	-177.402201797191
			165.92105721324	-177.031842294483
			165.92105721324	-176.661482791775
			166.291416715948	-176.291123289067
			166.291416715948	-175.920763786359
			166.291416715948	-175.550404283651
			166.291416715948	-175.180044780943
			166.291416715948	-174.809685278235
			166.291416715948	-174.439325775526
			166.291416715948	-174.068966272818
			166.291416715948	-173.69860677011
			166.291416715948	-173.328247267402
			166.291416715948	-172.957887764694
			166.291416715948	-172.587528261986
			166.291416715948	-172.217168759278
			166.661776218656	-172.217168759278
			166.661776218656	-171.84680925657
			166.661776218656	-171.476449753861
			166.661776218656	-171.106090251153
			167.032135721364	-171.106090251153
			167.402495224072	-171.106090251153
			167.77285472678	-171.106090251153
			168.143214229488	-171.476449753861
			168.513573732196	-171.476449753861
			168.883933234905	-171.84680925657
			169.254292737613	-172.217168759278
			169.624652240321	-172.217168759278
			169.995011743029	-172.587528261986
			170.365371245737	-172.587528261986
			170.365371245737	-172.957887764694
			170.735730748445	-172.957887764694
			171.106090251153	-172.957887764694
			171.476449753861	-173.328247267402
			171.84680925657	-173.328247267402
			172.217168759278	-173.328247267402
			172.587528261986	-173.328247267402
			172.957887764694	-173.328247267402
		</Right_Wing>
		<Right_Side type=matrix rownames=FALSE colnames=FALSE nrow=80 ncol=2 as.numeric=TRUE >
			172.957887764694	-173.328247267402
			173.328247267402	-173.328247267402
			173.69860677011	-172.957887764694
			173.69860677011	-172.587528261986
			173.328247267402	-172.217168759278
			173.328247267402	-171.84680925657
			173.328247267402	-171.476449753861
			172.957887764694	-171.106090251153
			172.957887764694	-170.735730748445
			172.587528261986	-170.365371245737
			172.587528261986	-169.995011743029
			172.217168759278	-169.624652240321
			172.217168759278	-169.254292737613
			171.84680925657	-168.883933234905
			171.84680925657	-168.513573732196
			171.84680925657	-168.143214229488
			171.476449753861	-168.143214229488
			171.476449753861	-167.77285472678
			171.476449753861	-167.402495224072
			171.106090251153	-167.032135721364
			171.106090251153	-166.661776218656
			170.735730748445	-166.291416715948
			170.365371245737	-165.92105721324
			170.365371245737	-165.550697710531
			169.995011743029	-165.180338207823
			169.995011743029	-164.809978705115
			169.624652240321	-164.439619202407
			169.624652240321	-164.069259699699
			169.254292737613	-163.698900196991
			169.254292737613	-163.328540694283
			168.883933234905	-162.958181191575
			168.883933234905	-162.587821688866
			168.513573732196	-162.217462186158
			168.513573732196	-161.84710268345
			168.143214229488	-161.476743180742
			168.143214229488	-161.106383678034
			168.143214229488	-160.736024175326
			167.77285472678	-160.365664672618
			167.77285472678	-159.99530516991
			167.402495224072	-159.624945667201
			167.402495224072	-159.254586164493
			167.032135721364	-158.884226661785
			167.032135721364	-158.513867159077
			167.032135721364	-158.143507656369
			166.661776218656	-157.773148153661
			166.661776218656	-157.402788650953
			166.291416715948	-157.032429148245
			166.291416715948	-156.662069645536
			165.92105721324	-156.291710142828
			165.92105721324	-155.92135064012
			165.92105721324	-155.550991137412
			165.550697710531	-155.550991137412
			165.550697710531	-155.180631634704
			165.550697710531	-154.810272131996
			165.180338207823	-154.439912629288
			165.180338207823	-154.06955312658
			164.809978705115	-153.699193623871
			164.809978705115	-153.328834121163
			164.809978705115	-152.958474618455
			164.439619202407	-152.588115115747
			164.439619202407	-152.217755613039
			164.439619202407	-151.847396110331
			164.069259699699	-151.477036607623
			164.069259699699	-151.106677104915
			164.069259699699	-150.736317602206
			163.698900196991	-150.365958099498
			163.698900196991	-149.99559859679
			163.698900196991	-149.625239094082
			163.328540694283	-149.254879591374
			163.328540694283	-148.884520088666
			162.958181191575	-148.514160585958
			162.958181191575	-148.14380108325
			162.958181191575	-147.773441580541
			162.587821688866	-147.403082077833
			162.587821688866	-147.032722575125
			162.587821688866	-146.662363072417
			162.587821688866	-146.292003569709
			162.217462186158	-146.292003569709
			162.217462186158	-145.921644067001
			161.84710268345	-145.921644067001
		</Right_Side>
	</curves.scaled>
	<ruler.points type=matrix rownames=TRUE colnames=FALSE nrow=6 ncol=2 as.numeric=TRUE >
		Ruler point 1	198	532
		Ruler point 2	226	532
		Ruler point 3	252	532
		Ruler point 4	279	533
		Ruler point 5	306	533
		Ruler point 6	334	533
	</ruler.points>
</shapes>

