<shapes type=list>
	<ruler.pixel type=vector names=FALSE length=1 as.numeric=TRUE >37.4999999743641</ruler.pixel>
	<ruler.interval type=vector names=FALSE length=1 as.numeric=TRUE >10</ruler.interval>
	<scaling.units type=vector names=FALSE length=1 as.numeric=FALSE >mm</scaling.units>
	<scaling type=vector names=FALSE length=1 as.numeric=TRUE >0.266666666848966</scaling>
	<landmarks.pixel type=matrix rownames=TRUE colnames=FALSE nrow=4 ncol=2 as.numeric=TRUE >
		Point_Tip	343	229
		Left_Tang_Center	305	311
		Base_Center	342	336
		Right_Tang_Center	375	307
	</landmarks.pixel>
	<landmarks.scaled type=matrix rownames=TRUE colnames=FALSE nrow=4 ncol=2 as.numeric=TRUE >
		Point_Tip	91.4666667291955	-61.0666667084133
		Left_Tang_Center	81.3333333889347	-82.9333333900285
		Base_Center	91.2000000623465	-89.6000000612527
		Right_Tang_Center	100.000000068362	-81.8666667226327
	</landmarks.scaled>
	<curves.control type=list>
		<Left_Side type=matrix rownames=FALSE colnames=FALSE nrow=13 ncol=2 as.numeric=TRUE >
			343	229
			339	231
			336	238
			333	250
			330	262
			327	272
			315	286
			315	292
			310	293
			307	300
			305	305
			304	308
			305	311
		</Left_Side>
		<Left_Wing type=matrix rownames=FALSE colnames=FALSE nrow=13 ncol=2 as.numeric=TRUE >
			305	311
			307	311
			311	309
			319	304
			327	305
			333	308
			334	313
			336	320
			334	323
			335	326
			335	329
			335	336
			342	336
		</Left_Wing>
		<Right_Wing type=matrix rownames=FALSE colnames=FALSE nrow=11 ncol=2 as.numeric=TRUE >
			342	336
			346	335
			350	332
			350	328
			352	326
			352	320
			355	307
			360	301
			367	303
			372	308
			375	307
		</Right_Wing>
		<Right_Side type=matrix rownames=FALSE colnames=FALSE nrow=13 ncol=2 as.numeric=TRUE >
			375	307
			376	303
			371	290
			359	283
			359	275
			355	271
			355	253
			353	247
			353	240
			348	236
			348	231
			346	229
			343	229
		</Right_Side>
	</curves.control>
	<curves.pixel type=list>
		<Left_Side type=matrix rownames=FALSE colnames=FALSE nrow=88 ncol=2 as.numeric=TRUE >
			343	229
			342	229
			342	230
			341	230
			341	231
			340	232
			339	233
			338	234
			337	235
			337	236
			336	237
			336	238
			336	239
			335	240
			335	241
			335	242
			335	243
			334	244
			334	245
			334	246
			334	247
			333	248
			333	249
			333	250
			333	251
			332	252
			332	253
			332	254
			332	255
			332	256
			331	257
			331	258
			331	259
			331	260
			330	261
			330	262
			330	263
			329	264
			329	265
			328	266
			328	267
			327	268
			327	269
			326	270
			326	271
			325	272
			325	273
			324	274
			323	275
			323	276
			322	277
			321	278
			321	279
			320	280
			319	281
			319	282
			318	282
			317	283
			316	284
			316	285
			315	286
			315	287
			315	288
			314	289
			314	290
			313	291
			312	292
			311	293
			310	293
			309	294
			309	295
			309	296
			308	297
			308	298
			307	299
			307	300
			306	301
			306	302
			306	303
			306	304
			305	304
			305	305
			305	306
			305	307
			305	308
			305	309
			305	310
			305	311
		</Left_Side>
		<Left_Wing type=matrix rownames=FALSE colnames=FALSE nrow=62 ncol=2 as.numeric=TRUE >
			305	311
			306	311
			307	311
			308	310
			309	310
			310	309
			311	309
			312	308
			313	308
			314	307
			315	307
			316	307
			316	306
			317	306
			318	306
			319	305
			320	305
			321	305
			322	305
			323	305
			324	305
			325	305
			326	305
			327	305
			328	305
			329	306
			330	307
			331	308
			332	308
			332	309
			333	310
			333	311
			334	311
			334	312
			334	313
			334	314
			334	315
			335	316
			335	317
			335	318
			335	319
			335	320
			335	321
			334	322
			334	323
			334	324
			335	325
			335	326
			335	327
			335	328
			335	329
			335	330
			335	331
			335	332
			336	333
			336	334
			337	335
			338	335
			339	336
			340	336
			341	336
			342	336
		</Left_Wing>
		<Right_Wing type=matrix rownames=FALSE colnames=FALSE nrow=55 ncol=2 as.numeric=TRUE >
			342	336
			343	336
			344	335
			345	335
			346	334
			347	334
			348	333
			349	333
			350	332
			350	331
			350	330
			350	329
			351	328
			351	327
			352	326
			352	325
			352	324
			352	323
			352	322
			352	321
			353	320
			353	319
			353	318
			353	317
			353	316
			353	315
			354	314
			354	313
			354	312
			354	311
			354	310
			355	309
			355	308
			355	307
			356	306
			357	305
			358	304
			359	304
			360	303
			361	303
			362	303
			363	303
			364	303
			365	303
			366	303
			367	303
			368	304
			369	305
			370	305
			370	306
			371	306
			372	307
			373	307
			374	307
			375	307
		</Right_Wing>
		<Right_Side type=matrix rownames=FALSE colnames=FALSE nrow=84 ncol=2 as.numeric=TRUE >
			375	307
			375	306
			375	305
			375	304
			375	303
			375	302
			375	301
			374	300
			374	299
			374	298
			374	297
			373	296
			373	295
			373	294
			372	293
			372	292
			371	291
			371	290
			370	289
			369	289
			368	288
			367	287
			366	286
			365	286
			364	285
			363	284
			362	283
			362	282
			361	281
			360	280
			360	279
			359	278
			359	277
			359	276
			359	275
			358	274
			358	273
			357	272
			357	271
			357	270
			356	269
			356	268
			356	267
			356	266
			356	265
			356	264
			355	263
			355	262
			355	261
			355	260
			355	259
			355	258
			355	257
			355	256
			355	255
			355	254
			355	253
			355	252
			354	251
			354	250
			354	249
			354	248
			353	247
			353	246
			353	245
			353	244
			353	243
			353	242
			353	241
			353	240
			352	239
			351	238
			350	237
			349	236
			349	235
			348	234
			348	233
			348	232
			348	231
			347	230
			346	230
			345	229
			344	229
			343	229
		</Right_Side>
	</curves.pixel>
	<curves.scaled type=list>
		<Left_Side type=matrix rownames=FALSE colnames=FALSE nrow=88 ncol=2 as.numeric=TRUE >
			91.4666667291955	-61.0666667084133
			91.2000000623465	-61.0666667084133
			91.2000000623465	-61.3333333752623
			90.9333333954975	-61.3333333752623
			90.9333333954975	-61.6000000421112
			90.6666667286486	-61.8666667089602
			90.4000000617996	-62.1333333758092
			90.1333333949506	-62.4000000426581
			89.8666667281017	-62.6666667095071
			89.8666667281017	-62.9333333763561
			89.6000000612527	-63.200000043205
			89.6000000612527	-63.466666710054
			89.6000000612527	-63.733333376903
			89.3333333944037	-64.0000000437519
			89.3333333944037	-64.2666667106009
			89.3333333944037	-64.5333333774498
			89.3333333944037	-64.8000000442988
			89.0666667275548	-65.0666667111478
			89.0666667275548	-65.3333333779968
			89.0666667275548	-65.6000000448457
			89.0666667275548	-65.8666667116947
			88.8000000607058	-66.1333333785437
			88.8000000607058	-66.4000000453926
			88.8000000607058	-66.6666667122416
			88.8000000607058	-66.9333333790906
			88.5333333938568	-67.2000000459395
			88.5333333938568	-67.4666667127885
			88.5333333938568	-67.7333333796374
			88.5333333938568	-68.0000000464864
			88.5333333938568	-68.2666667133354
			88.2666667270079	-68.5333333801843
			88.2666667270079	-68.8000000470333
			88.2666667270079	-69.0666667138823
			88.2666667270079	-69.3333333807312
			88.0000000601589	-69.6000000475802
			88.0000000601589	-69.8666667144292
			88.0000000601589	-70.1333333812781
			87.7333333933099	-70.4000000481271
			87.7333333933099	-70.6666667149761
			87.466666726461	-70.9333333818251
			87.466666726461	-71.200000048674
			87.200000059612	-71.466666715523
			87.200000059612	-71.7333333823719
			86.933333392763	-72.0000000492209
			86.933333392763	-72.2666667160699
			86.6666667259141	-72.5333333829188
			86.6666667259141	-72.8000000497678
			86.4000000590651	-73.0666667166168
			86.1333333922161	-73.3333333834657
			86.1333333922161	-73.6000000503147
			85.8666667253672	-73.8666667171637
			85.6000000585182	-74.1333333840126
			85.6000000585182	-74.4000000508616
			85.3333333916692	-74.6666667177106
			85.0666667248203	-74.9333333845595
			85.0666667248203	-75.2000000514085
			84.8000000579713	-75.2000000514085
			84.5333333911223	-75.4666667182575
			84.2666667242734	-75.7333333851064
			84.2666667242734	-76.0000000519554
			84.0000000574244	-76.2666667188044
			84.0000000574244	-76.5333333856533
			84.0000000574244	-76.8000000525023
			83.7333333905754	-77.0666667193513
			83.7333333905754	-77.3333333862002
			83.4666667237265	-77.6000000530492
			83.2000000568775	-77.8666667198982
			82.9333333900285	-78.1333333867471
			82.6666667231796	-78.1333333867471
			82.4000000563306	-78.4000000535961
			82.4000000563306	-78.6666667204451
			82.4000000563306	-78.933333387294
			82.1333333894816	-79.200000054143
			82.1333333894816	-79.466666720992
			81.8666667226327	-79.7333333878409
			81.8666667226327	-80.0000000546899
			81.6000000557837	-80.2666667215389
			81.6000000557837	-80.5333333883878
			81.6000000557837	-80.8000000552368
			81.6000000557837	-81.0666667220858
			81.3333333889347	-81.0666667220858
			81.3333333889347	-81.3333333889347
			81.3333333889347	-81.6000000557837
			81.3333333889347	-81.8666667226327
			81.3333333889347	-82.1333333894816
			81.3333333889347	-82.4000000563306
			81.3333333889347	-82.6666667231796
			81.3333333889347	-82.9333333900285
		</Left_Side>
		<Left_Wing type=matrix rownames=FALSE colnames=FALSE nrow=62 ncol=2 as.numeric=TRUE >
			81.3333333889347	-82.9333333900285
			81.6000000557837	-82.9333333900285
			81.8666667226327	-82.9333333900285
			82.1333333894816	-82.6666667231796
			82.4000000563306	-82.6666667231796
			82.6666667231796	-82.4000000563306
			82.9333333900285	-82.4000000563306
			83.2000000568775	-82.1333333894816
			83.4666667237265	-82.1333333894816
			83.7333333905754	-81.8666667226327
			84.0000000574244	-81.8666667226327
			84.2666667242734	-81.8666667226327
			84.2666667242734	-81.6000000557837
			84.5333333911223	-81.6000000557837
			84.8000000579713	-81.6000000557837
			85.0666667248203	-81.3333333889347
			85.3333333916692	-81.3333333889347
			85.6000000585182	-81.3333333889347
			85.8666667253672	-81.3333333889347
			86.1333333922161	-81.3333333889347
			86.4000000590651	-81.3333333889347
			86.6666667259141	-81.3333333889347
			86.933333392763	-81.3333333889347
			87.200000059612	-81.3333333889347
			87.466666726461	-81.3333333889347
			87.7333333933099	-81.6000000557837
			88.0000000601589	-81.8666667226327
			88.2666667270079	-82.1333333894816
			88.5333333938568	-82.1333333894816
			88.5333333938568	-82.4000000563306
			88.8000000607058	-82.6666667231796
			88.8000000607058	-82.9333333900285
			89.0666667275548	-82.9333333900285
			89.0666667275548	-83.2000000568775
			89.0666667275548	-83.4666667237265
			89.0666667275548	-83.7333333905754
			89.0666667275548	-84.0000000574244
			89.3333333944037	-84.2666667242734
			89.3333333944037	-84.5333333911223
			89.3333333944037	-84.8000000579713
			89.3333333944037	-85.0666667248203
			89.3333333944037	-85.3333333916692
			89.3333333944037	-85.6000000585182
			89.0666667275548	-85.8666667253672
			89.0666667275548	-86.1333333922161
			89.0666667275548	-86.4000000590651
			89.3333333944037	-86.6666667259141
			89.3333333944037	-86.933333392763
			89.3333333944037	-87.200000059612
			89.3333333944037	-87.466666726461
			89.3333333944037	-87.7333333933099
			89.3333333944037	-88.0000000601589
			89.3333333944037	-88.2666667270079
			89.3333333944037	-88.5333333938568
			89.6000000612527	-88.8000000607058
			89.6000000612527	-89.0666667275548
			89.8666667281017	-89.3333333944037
			90.1333333949506	-89.3333333944037
			90.4000000617996	-89.6000000612527
			90.6666667286486	-89.6000000612527
			90.9333333954975	-89.6000000612527
			91.2000000623465	-89.6000000612527
		</Left_Wing>
		<Right_Wing type=matrix rownames=FALSE colnames=FALSE nrow=55 ncol=2 as.numeric=TRUE >
			91.2000000623465	-89.6000000612527
			91.4666667291955	-89.6000000612527
			91.7333333960444	-89.3333333944037
			92.0000000628934	-89.3333333944037
			92.2666667297424	-89.0666667275548
			92.5333333965913	-89.0666667275548
			92.8000000634403	-88.8000000607058
			93.0666667302893	-88.8000000607058
			93.3333333971382	-88.5333333938568
			93.3333333971382	-88.2666667270079
			93.3333333971382	-88.0000000601589
			93.3333333971382	-87.7333333933099
			93.6000000639872	-87.466666726461
			93.6000000639872	-87.200000059612
			93.8666667308362	-86.933333392763
			93.8666667308362	-86.6666667259141
			93.8666667308362	-86.4000000590651
			93.8666667308362	-86.1333333922161
			93.8666667308362	-85.8666667253672
			93.8666667308362	-85.6000000585182
			94.1333333976851	-85.3333333916692
			94.1333333976851	-85.0666667248203
			94.1333333976851	-84.8000000579713
			94.1333333976851	-84.5333333911223
			94.1333333976851	-84.2666667242734
			94.1333333976851	-84.0000000574244
			94.4000000645341	-83.7333333905754
			94.4000000645341	-83.4666667237265
			94.4000000645341	-83.2000000568775
			94.4000000645341	-82.9333333900285
			94.4000000645341	-82.6666667231796
			94.666666731383	-82.4000000563306
			94.666666731383	-82.1333333894816
			94.666666731383	-81.8666667226327
			94.933333398232	-81.6000000557837
			95.200000065081	-81.3333333889347
			95.4666667319299	-81.0666667220858
			95.7333333987789	-81.0666667220858
			96.0000000656279	-80.8000000552368
			96.2666667324768	-80.8000000552368
			96.5333333993258	-80.8000000552368
			96.8000000661748	-80.8000000552368
			97.0666667330238	-80.8000000552368
			97.3333333998727	-80.8000000552368
			97.6000000667217	-80.8000000552368
			97.8666667335706	-80.8000000552368
			98.1333334004196	-81.0666667220858
			98.4000000672686	-81.3333333889347
			98.6666667341175	-81.3333333889347
			98.6666667341175	-81.6000000557837
			98.9333334009665	-81.6000000557837
			99.2000000678155	-81.8666667226327
			99.4666667346644	-81.8666667226327
			99.7333334015134	-81.8666667226327
			100.000000068362	-81.8666667226327
		</Right_Wing>
		<Right_Side type=matrix rownames=FALSE colnames=FALSE nrow=84 ncol=2 as.numeric=TRUE >
			100.000000068362	-81.8666667226327
			100.000000068362	-81.6000000557837
			100.000000068362	-81.3333333889347
			100.000000068362	-81.0666667220858
			100.000000068362	-80.8000000552368
			100.000000068362	-80.5333333883878
			100.000000068362	-80.2666667215389
			99.7333334015134	-80.0000000546899
			99.7333334015134	-79.7333333878409
			99.7333334015134	-79.466666720992
			99.7333334015134	-79.200000054143
			99.4666667346644	-78.933333387294
			99.4666667346644	-78.6666667204451
			99.4666667346644	-78.4000000535961
			99.2000000678155	-78.1333333867471
			99.2000000678155	-77.8666667198982
			98.9333334009665	-77.6000000530492
			98.9333334009665	-77.3333333862002
			98.6666667341175	-77.0666667193513
			98.4000000672686	-77.0666667193513
			98.1333334004196	-76.8000000525023
			97.8666667335706	-76.5333333856533
			97.6000000667217	-76.2666667188044
			97.3333333998727	-76.2666667188044
			97.0666667330238	-76.0000000519554
			96.8000000661748	-75.7333333851064
			96.5333333993258	-75.4666667182575
			96.5333333993258	-75.2000000514085
			96.2666667324768	-74.9333333845595
			96.0000000656279	-74.6666667177106
			96.0000000656279	-74.4000000508616
			95.7333333987789	-74.1333333840126
			95.7333333987789	-73.8666667171637
			95.7333333987789	-73.6000000503147
			95.7333333987789	-73.3333333834657
			95.4666667319299	-73.0666667166168
			95.4666667319299	-72.8000000497678
			95.200000065081	-72.5333333829188
			95.200000065081	-72.2666667160699
			95.200000065081	-72.0000000492209
			94.933333398232	-71.7333333823719
			94.933333398232	-71.466666715523
			94.933333398232	-71.200000048674
			94.933333398232	-70.9333333818251
			94.933333398232	-70.6666667149761
			94.933333398232	-70.4000000481271
			94.666666731383	-70.1333333812781
			94.666666731383	-69.8666667144292
			94.666666731383	-69.6000000475802
			94.666666731383	-69.3333333807312
			94.666666731383	-69.0666667138823
			94.666666731383	-68.8000000470333
			94.666666731383	-68.5333333801843
			94.666666731383	-68.2666667133354
			94.666666731383	-68.0000000464864
			94.666666731383	-67.7333333796374
			94.666666731383	-67.4666667127885
			94.666666731383	-67.2000000459395
			94.4000000645341	-66.9333333790906
			94.4000000645341	-66.6666667122416
			94.4000000645341	-66.4000000453926
			94.4000000645341	-66.1333333785437
			94.1333333976851	-65.8666667116947
			94.1333333976851	-65.6000000448457
			94.1333333976851	-65.3333333779968
			94.1333333976851	-65.0666667111478
			94.1333333976851	-64.8000000442988
			94.1333333976851	-64.5333333774498
			94.1333333976851	-64.2666667106009
			94.1333333976851	-64.0000000437519
			93.8666667308362	-63.733333376903
			93.6000000639872	-63.466666710054
			93.3333333971382	-63.200000043205
			93.0666667302893	-62.9333333763561
			93.0666667302893	-62.6666667095071
			92.8000000634403	-62.4000000426581
			92.8000000634403	-62.1333333758092
			92.8000000634403	-61.8666667089602
			92.8000000634403	-61.6000000421112
			92.5333333965913	-61.3333333752623
			92.2666667297424	-61.3333333752623
			92.0000000628934	-61.0666667084133
			91.7333333960444	-61.0666667084133
			91.4666667291955	-61.0666667084133
		</Right_Side>
	</curves.scaled>
	<ruler.points type=matrix rownames=TRUE colnames=FALSE nrow=3 ncol=2 as.numeric=TRUE >
		Ruler point 1	252	394
		Ruler point 2	290	394
		Ruler point 3	327	394
	</ruler.points>
</shapes>

