<shapes type=list>
	<ruler.interval type=vector names=FALSE length=1 as.numeric=TRUE >10</ruler.interval>
	<scaling.units type=vector names=FALSE length=1 as.numeric=FALSE >mm</scaling.units>
	<scaling type=vector names=FALSE length=1 as.numeric=TRUE >0.33057854217871</scaling>
	<landmarks.pixel type=matrix rownames=TRUE colnames=FALSE nrow=4 ncol=2 as.numeric=TRUE >
		Point_Tip	109	113
		Left_Tang_Center	79	168
		Base_Center	108	197
		Right_Tang_Center	135	174
	</landmarks.pixel>
	<landmarks.scaled type=matrix rownames=TRUE colnames=FALSE nrow=4 ncol=2 as.numeric=TRUE >
		Point_Tip	36.0330610974794	-37.3553752661943
		Left_Tang_Center	26.1157048321181	-55.5371950860234
		Base_Center	35.7024825553007	-65.123972809206
		Right_Tang_Center	44.6281031941259	-57.5206663390956
	</landmarks.scaled>
	<curves.control type=list>
		<Left_Side type=matrix rownames=FALSE colnames=FALSE nrow=17 ncol=2 as.numeric=TRUE >
			109	113
			107	114
			106	118
			105	125
			103	132
			100	135
			101	137
			98	141
			96	145
			95	148
			92	149
			92	152
			86	158
			82	162
			79	165
			79	167
			79	168
		</Left_Side>
		<Left_Wing type=matrix rownames=FALSE colnames=FALSE nrow=15 ncol=2 as.numeric=TRUE >
			79	168
			81	169
			83	169
			85	169
			88	167
			93	166
			96	169
			98	170
			100	180
			100	188
			102	190
			102	193
			104	194
			107	194
			108	197
		</Left_Wing>
		<Right_Wing type=matrix rownames=FALSE colnames=FALSE nrow=11 ncol=2 as.numeric=TRUE >
			108	197
			113	194
			116	191
			118	182
			118	175
			120	168
			124	170
			126	172
			128	173
			131	173
			135	174
		</Right_Wing>
		<Right_Side type=matrix rownames=FALSE colnames=FALSE nrow=11 ncol=2 as.numeric=TRUE >
			135	174
			135	169
			134	165
			129	162
			128	158
			125	154
			122	150
			118	137
			114	125
			113	119
			109	113
		</Right_Side>
	</curves.control>
	<curves.pixel type=list>
		<Left_Side type=matrix rownames=FALSE colnames=FALSE nrow=61 ncol=2 as.numeric=TRUE >
			109	113
			108	114
			107	115
			107	116
			106	117
			106	118
			106	119
			106	120
			106	121
			105	121
			105	122
			105	123
			105	124
			105	125
			105	126
			104	127
			104	128
			104	129
			104	130
			103	130
			103	131
			103	132
			102	133
			102	134
			101	134
			101	135
			101	136
			101	137
			100	138
			99	139
			99	140
			98	141
			98	142
			97	143
			97	144
			96	145
			96	146
			95	147
			94	148
			93	149
			92	149
			92	150
			91	151
			91	152
			90	153
			90	154
			89	155
			88	155
			88	156
			87	157
			86	158
			85	159
			84	160
			83	161
			82	162
			81	163
			80	164
			79	165
			79	166
			79	167
			79	168
		</Left_Side>
		<Left_Wing type=matrix rownames=FALSE colnames=FALSE nrow=48 ncol=2 as.numeric=TRUE >
			79	168
			80	168
			81	169
			82	169
			83	169
			84	169
			85	168
			86	168
			87	168
			88	167
			89	167
			90	167
			91	167
			92	167
			93	167
			94	168
			95	169
			96	169
			97	170
			98	171
			98	172
			98	173
			99	174
			99	175
			99	176
			99	177
			100	178
			100	179
			100	180
			100	181
			100	182
			100	183
			100	184
			100	185
			100	186
			101	187
			101	188
			101	189
			102	190
			102	191
			102	192
			103	193
			104	194
			105	194
			106	195
			107	195
			108	196
			108	197
		</Left_Wing>
		<Right_Wing type=matrix rownames=FALSE colnames=FALSE nrow=46 ncol=2 as.numeric=TRUE >
			108	197
			109	196
			110	196
			111	195
			112	194
			113	194
			114	193
			115	192
			116	191
			116	190
			116	189
			117	188
			117	187
			117	186
			117	185
			117	184
			117	183
			118	182
			118	181
			118	180
			118	179
			118	178
			118	177
			118	176
			118	175
			118	174
			119	173
			119	172
			120	171
			121	170
			122	170
			123	170
			124	170
			125	171
			126	171
			126	172
			127	172
			127	173
			128	173
			129	173
			130	173
			131	173
			132	173
			133	174
			134	174
			135	174
		</Right_Wing>
		<Right_Side type=matrix rownames=FALSE colnames=FALSE nrow=65 ncol=2 as.numeric=TRUE >
			135	174
			135	173
			135	172
			135	171
			135	170
			135	169
			135	168
			134	167
			134	166
			134	165
			133	164
			132	164
			131	163
			131	162
			130	162
			129	161
			129	160
			128	159
			128	158
			127	157
			126	156
			125	155
			125	154
			124	153
			123	152
			122	151
			122	150
			122	149
			121	148
			121	147
			121	146
			120	145
			120	144
			120	143
			119	142
			119	141
			119	140
			119	139
			118	139
			118	138
			118	137
			118	136
			117	135
			117	134
			117	133
			116	132
			116	131
			116	130
			115	129
			115	128
			115	127
			114	126
			114	125
			114	124
			114	123
			113	122
			113	121
			113	120
			112	119
			112	118
			112	117
			111	116
			110	115
			110	114
			109	113
		</Right_Side>
	</curves.pixel>
	<curves.scaled type=list>
		<Left_Side type=matrix rownames=FALSE colnames=FALSE nrow=61 ncol=2 as.numeric=TRUE >
			36.0330610974794	-37.3553752661943
			35.7024825553007	-37.685953808373
			35.371904013122	-38.0165323505517
			35.371904013122	-38.3471108927304
			35.0413254709433	-38.6776894349091
			35.0413254709433	-39.0082679770878
			35.0413254709433	-39.3388465192665
			35.0413254709433	-39.6694250614453
			35.0413254709433	-40.000003603624
			34.7107469287646	-40.000003603624
			34.7107469287646	-40.3305821458027
			34.7107469287646	-40.6611606879814
			34.7107469287646	-40.9917392301601
			34.7107469287646	-41.3223177723388
			34.7107469287646	-41.6528963145175
			34.3801683865859	-41.9834748566962
			34.3801683865859	-42.3140533988749
			34.3801683865859	-42.6446319410537
			34.3801683865859	-42.9752104832324
			34.0495898444072	-42.9752104832324
			34.0495898444072	-43.3057890254111
			34.0495898444072	-43.6363675675898
			33.7190113022285	-43.9669461097685
			33.7190113022285	-44.2975246519472
			33.3884327600498	-44.2975246519472
			33.3884327600498	-44.6281031941259
			33.3884327600498	-44.9586817363046
			33.3884327600498	-45.2892602784833
			33.057854217871	-45.619838820662
			32.7272756756923	-45.9504173628408
			32.7272756756923	-46.2809959050195
			32.3966971335136	-46.6115744471982
			32.3966971335136	-46.9421529893769
			32.0661185913349	-47.2727315315556
			32.0661185913349	-47.6033100737343
			31.7355400491562	-47.933888615913
			31.7355400491562	-48.2644671580917
			31.4049615069775	-48.5950457002704
			31.0743829647988	-48.9256242424491
			30.7438044226201	-49.2562027846279
			30.4132258804414	-49.2562027846279
			30.4132258804414	-49.5867813268066
			30.0826473382627	-49.9173598689853
			30.0826473382627	-50.247938411164
			29.7520687960839	-50.5785169533427
			29.7520687960839	-50.9090954955214
			29.4214902539052	-51.2396740377001
			29.0909117117265	-51.2396740377001
			29.0909117117265	-51.5702525798788
			28.7603331695478	-51.9008311220575
			28.4297546273691	-52.2314096642363
			28.0991760851904	-52.561988206415
			27.7685975430117	-52.8925667485937
			27.438019000833	-53.2231452907724
			27.1074404586543	-53.5537238329511
			26.7768619164755	-53.8843023751298
			26.4462833742968	-54.2148809173085
			26.1157048321181	-54.5454594594872
			26.1157048321181	-54.8760380016659
			26.1157048321181	-55.2066165438446
			26.1157048321181	-55.5371950860234
		</Left_Side>
		<Left_Wing type=matrix rownames=FALSE colnames=FALSE nrow=48 ncol=2 as.numeric=TRUE >
			26.1157048321181	-55.5371950860234
			26.4462833742968	-55.5371950860234
			26.7768619164755	-55.8677736282021
			27.1074404586543	-55.8677736282021
			27.438019000833	-55.8677736282021
			27.7685975430117	-55.8677736282021
			28.0991760851904	-55.5371950860234
			28.4297546273691	-55.5371950860234
			28.7603331695478	-55.5371950860234
			29.0909117117265	-55.2066165438446
			29.4214902539052	-55.2066165438446
			29.7520687960839	-55.2066165438446
			30.0826473382627	-55.2066165438446
			30.4132258804414	-55.2066165438446
			30.7438044226201	-55.2066165438446
			31.0743829647988	-55.5371950860234
			31.4049615069775	-55.8677736282021
			31.7355400491562	-55.8677736282021
			32.0661185913349	-56.1983521703808
			32.3966971335136	-56.5289307125595
			32.3966971335136	-56.8595092547382
			32.3966971335136	-57.1900877969169
			32.7272756756923	-57.5206663390956
			32.7272756756923	-57.8512448812743
			32.7272756756923	-58.181823423453
			32.7272756756923	-58.5124019656318
			33.057854217871	-58.8429805078105
			33.057854217871	-59.1735590499892
			33.057854217871	-59.5041375921679
			33.057854217871	-59.8347161343466
			33.057854217871	-60.1652946765253
			33.057854217871	-60.495873218704
			33.057854217871	-60.8264517608827
			33.057854217871	-61.1570303030614
			33.057854217871	-61.4876088452401
			33.3884327600498	-61.8181873874189
			33.3884327600498	-62.1487659295976
			33.3884327600498	-62.4793444717763
			33.7190113022285	-62.809923013955
			33.7190113022285	-63.1405015561337
			33.7190113022285	-63.4710800983124
			34.0495898444072	-63.8016586404911
			34.3801683865859	-64.1322371826698
			34.7107469287646	-64.1322371826698
			35.0413254709433	-64.4628157248485
			35.371904013122	-64.4628157248485
			35.7024825553007	-64.7933942670273
			35.7024825553007	-65.123972809206
		</Left_Wing>
		<Right_Wing type=matrix rownames=FALSE colnames=FALSE nrow=46 ncol=2 as.numeric=TRUE >
			35.7024825553007	-65.123972809206
			36.0330610974794	-64.7933942670273
			36.3636396396582	-64.7933942670273
			36.6942181818369	-64.4628157248485
			37.0247967240156	-64.1322371826698
			37.3553752661943	-64.1322371826698
			37.685953808373	-63.8016586404911
			38.0165323505517	-63.4710800983124
			38.3471108927304	-63.1405015561337
			38.3471108927304	-62.809923013955
			38.3471108927304	-62.4793444717763
			38.6776894349091	-62.1487659295976
			38.6776894349091	-61.8181873874189
			38.6776894349091	-61.4876088452401
			38.6776894349091	-61.1570303030614
			38.6776894349091	-60.8264517608827
			38.6776894349091	-60.495873218704
			39.0082679770878	-60.1652946765253
			39.0082679770878	-59.8347161343466
			39.0082679770878	-59.5041375921679
			39.0082679770878	-59.1735590499892
			39.0082679770878	-58.8429805078105
			39.0082679770878	-58.5124019656318
			39.0082679770878	-58.181823423453
			39.0082679770878	-57.8512448812743
			39.0082679770878	-57.5206663390956
			39.3388465192665	-57.1900877969169
			39.3388465192665	-56.8595092547382
			39.6694250614453	-56.5289307125595
			40.000003603624	-56.1983521703808
			40.3305821458027	-56.1983521703808
			40.6611606879814	-56.1983521703808
			40.9917392301601	-56.1983521703808
			41.3223177723388	-56.5289307125595
			41.6528963145175	-56.5289307125595
			41.6528963145175	-56.8595092547382
			41.9834748566962	-56.8595092547382
			41.9834748566962	-57.1900877969169
			42.3140533988749	-57.1900877969169
			42.6446319410537	-57.1900877969169
			42.9752104832324	-57.1900877969169
			43.3057890254111	-57.1900877969169
			43.6363675675898	-57.1900877969169
			43.9669461097685	-57.5206663390956
			44.2975246519472	-57.5206663390956
			44.6281031941259	-57.5206663390956
		</Right_Wing>
		<Right_Side type=matrix rownames=FALSE colnames=FALSE nrow=65 ncol=2 as.numeric=TRUE >
			44.6281031941259	-57.5206663390956
			44.6281031941259	-57.1900877969169
			44.6281031941259	-56.8595092547382
			44.6281031941259	-56.5289307125595
			44.6281031941259	-56.1983521703808
			44.6281031941259	-55.8677736282021
			44.6281031941259	-55.5371950860234
			44.2975246519472	-55.2066165438446
			44.2975246519472	-54.8760380016659
			44.2975246519472	-54.5454594594872
			43.9669461097685	-54.2148809173085
			43.6363675675898	-54.2148809173085
			43.3057890254111	-53.8843023751298
			43.3057890254111	-53.5537238329511
			42.9752104832324	-53.5537238329511
			42.6446319410537	-53.2231452907724
			42.6446319410537	-52.8925667485937
			42.3140533988749	-52.561988206415
			42.3140533988749	-52.2314096642363
			41.9834748566962	-51.9008311220575
			41.6528963145175	-51.5702525798788
			41.3223177723388	-51.2396740377001
			41.3223177723388	-50.9090954955214
			40.9917392301601	-50.5785169533427
			40.6611606879814	-50.247938411164
			40.3305821458027	-49.9173598689853
			40.3305821458027	-49.5867813268066
			40.3305821458027	-49.2562027846279
			40.000003603624	-48.9256242424491
			40.000003603624	-48.5950457002704
			40.000003603624	-48.2644671580917
			39.6694250614453	-47.933888615913
			39.6694250614453	-47.6033100737343
			39.6694250614453	-47.2727315315556
			39.3388465192665	-46.9421529893769
			39.3388465192665	-46.6115744471982
			39.3388465192665	-46.2809959050195
			39.3388465192665	-45.9504173628408
			39.0082679770878	-45.9504173628408
			39.0082679770878	-45.619838820662
			39.0082679770878	-45.2892602784833
			39.0082679770878	-44.9586817363046
			38.6776894349091	-44.6281031941259
			38.6776894349091	-44.2975246519472
			38.6776894349091	-43.9669461097685
			38.3471108927304	-43.6363675675898
			38.3471108927304	-43.3057890254111
			38.3471108927304	-42.9752104832324
			38.0165323505517	-42.6446319410537
			38.0165323505517	-42.3140533988749
			38.0165323505517	-41.9834748566962
			37.685953808373	-41.6528963145175
			37.685953808373	-41.3223177723388
			37.685953808373	-40.9917392301601
			37.685953808373	-40.6611606879814
			37.3553752661943	-40.3305821458027
			37.3553752661943	-40.000003603624
			37.3553752661943	-39.6694250614453
			37.0247967240156	-39.3388465192665
			37.0247967240156	-39.0082679770878
			37.0247967240156	-38.6776894349091
			36.6942181818369	-38.3471108927304
			36.3636396396582	-38.0165323505517
			36.3636396396582	-37.685953808373
			36.0330610974794	-37.3553752661943
		</Right_Side>
	</curves.scaled>
	<ruler.points type=matrix rownames=TRUE colnames=FALSE nrow=6 ncol=2 as.numeric=TRUE >
		Ruler point 1	82	718
		Ruler point 2	111	718
		Ruler point 3	141	718
		Ruler point 4	170	718
		Ruler point 5	202	718
		Ruler point 6	232	717
	</ruler.points>
</shapes>

