<shapes type=list>
	<ruler.pixel type=vector names=FALSE length=1 as.numeric=TRUE >38</ruler.pixel>
	<ruler.interval type=vector names=FALSE length=1 as.numeric=TRUE >10</ruler.interval>
	<scaling.units type=vector names=FALSE length=1 as.numeric=FALSE >mm</scaling.units>
	<scaling type=vector names=FALSE length=1 as.numeric=TRUE >0.263157894736842</scaling>
	<landmarks.pixel type=matrix rownames=TRUE colnames=FALSE nrow=4 ncol=2 as.numeric=TRUE >
		Point_Tip	242	92
		Left_Tang_Center	210	155
		Base_Center	242	189
		Right_Tang_Center	277	158
	</landmarks.pixel>
	<landmarks.scaled type=matrix rownames=TRUE colnames=FALSE nrow=4 ncol=2 as.numeric=TRUE >
		Point_Tip	63.6842105263158	-24.2105263157895
		Left_Tang_Center	55.2631578947368	-40.7894736842105
		Base_Center	63.6842105263158	-49.7368421052632
		Right_Tang_Center	72.8947368421053	-41.578947368421
	</landmarks.scaled>
	<curves.control type=list>
		<Left_Side type=matrix rownames=FALSE colnames=FALSE nrow=17 ncol=2 as.numeric=TRUE >
			242	92
			240	95
			238	97
			238	102
			234	105
			234	109
			230	112
			229	117
			223	118
			225	125
			220	126
			218	131
			217	137
			214	144
			211	152
			210	154
			210	155
		</Left_Side>
		<Left_Wing type=matrix rownames=FALSE colnames=FALSE nrow=11 ncol=2 as.numeric=TRUE >
			210	155
			212	156
			217	155
			224	154
			228	155
			231	157
			232	160
			233	181
			234	185
			240	190
			242	189
		</Left_Wing>
		<Right_Wing type=matrix rownames=FALSE colnames=FALSE nrow=11 ncol=2 as.numeric=TRUE >
			242	189
			244	190
			247	188
			248	185
			251	182
			250	173
			253	170
			249	152
			267	157
			271	157
			277	158
		</Right_Wing>
		<Right_Side type=matrix rownames=FALSE colnames=FALSE nrow=15 ncol=2 as.numeric=TRUE >
			277	158
			277	155
			272	147
			270	145
			270	142
			265	139
			268	131
			258	130
			263	118
			256	120
			256	111
			254	110
			252	109
			248	102
			242	92
		</Right_Side>
	</curves.control>
	<curves.pixel type=list>
		<Left_Side type=matrix rownames=FALSE colnames=FALSE nrow=70 ncol=2 as.numeric=TRUE >
			242	92
			242	93
			241	93
			241	94
			240	94
			240	95
			239	95
			239	96
			238	97
			238	98
			238	99
			238	100
			237	101
			237	102
			236	103
			235	104
			234	105
			234	106
			234	107
			233	108
			233	109
			232	110
			232	111
			231	111
			230	112
			230	113
			229	114
			228	115
			227	116
			226	117
			225	117
			224	118
			223	119
			223	120
			224	121
			224	122
			223	123
			223	124
			222	125
			221	126
			220	126
			220	127
			219	128
			219	129
			219	130
			218	131
			218	132
			218	133
			218	134
			217	135
			217	136
			217	137
			217	138
			216	139
			216	140
			215	141
			215	142
			214	143
			214	144
			214	145
			213	146
			213	147
			212	148
			212	149
			212	150
			211	151
			211	152
			211	153
			210	154
			210	155
		</Left_Side>
		<Left_Wing type=matrix rownames=FALSE colnames=FALSE nrow=57 ncol=2 as.numeric=TRUE >
			210	155
			211	155
			212	155
			213	155
			214	155
			215	155
			216	155
			217	155
			218	155
			219	155
			220	155
			221	155
			222	155
			223	155
			224	155
			225	155
			226	155
			227	155
			228	155
			229	156
			230	157
			231	158
			232	159
			232	160
			232	161
			232	162
			232	163
			232	164
			232	165
			232	166
			232	167
			232	168
			232	169
			233	170
			233	171
			233	172
			233	173
			233	174
			233	175
			233	176
			233	177
			233	178
			233	179
			233	180
			233	181
			233	182
			234	183
			234	184
			234	185
			235	186
			236	187
			237	187
			238	188
			239	188
			240	189
			241	189
			242	189
		</Left_Wing>
		<Right_Wing type=matrix rownames=FALSE colnames=FALSE nrow=60 ncol=2 as.numeric=TRUE >
			242	189
			243	189
			244	189
			245	189
			246	188
			247	188
			247	187
			248	186
			248	185
			249	185
			249	184
			250	183
			251	182
			251	181
			251	180
			251	179
			251	178
			251	177
			251	176
			251	175
			251	174
			251	173
			252	172
			252	171
			253	170
			253	169
			253	168
			252	167
			252	166
			252	165
			252	164
			252	163
			252	162
			253	161
			253	160
			254	159
			254	158
			255	157
			256	157
			257	156
			258	156
			259	156
			260	156
			261	156
			262	156
			263	156
			264	156
			265	157
			266	157
			267	157
			268	157
			269	157
			270	157
			271	157
			272	157
			273	157
			274	158
			275	158
			276	158
			277	158
		</Right_Wing>
		<Right_Side type=matrix rownames=FALSE colnames=FALSE nrow=79 ncol=2 as.numeric=TRUE >
			277	158
			277	157
			277	156
			276	155
			276	154
			275	153
			275	152
			275	151
			274	151
			274	150
			273	149
			273	148
			272	147
			272	146
			271	146
			271	145
			270	144
			270	143
			270	142
			269	141
			268	140
			267	139
			267	138
			267	137
			267	136
			267	135
			267	134
			267	133
			268	132
			267	131
			266	131
			265	130
			264	130
			263	129
			262	128
			262	127
			261	126
			261	125
			261	124
			262	123
			262	122
			262	121
			262	120
			263	119
			263	118
			262	118
			261	118
			260	118
			259	118
			258	117
			257	116
			256	115
			256	114
			256	113
			256	112
			256	111
			255	111
			255	110
			254	110
			253	110
			252	109
			251	108
			251	107
			250	106
			250	105
			249	104
			249	103
			248	102
			247	101
			247	100
			246	99
			246	98
			245	97
			245	96
			244	96
			244	95
			243	94
			242	93
			242	92
		</Right_Side>
	</curves.pixel>
	<curves.scaled type=list>
		<Left_Side type=matrix rownames=FALSE colnames=FALSE nrow=70 ncol=2 as.numeric=TRUE >
			63.6842105263158	-24.2105263157895
			63.6842105263158	-24.4736842105263
			63.4210526315789	-24.4736842105263
			63.4210526315789	-24.7368421052632
			63.1578947368421	-24.7368421052632
			63.1578947368421	-25
			62.8947368421053	-25
			62.8947368421053	-25.2631578947368
			62.6315789473684	-25.5263157894737
			62.6315789473684	-25.7894736842105
			62.6315789473684	-26.0526315789474
			62.6315789473684	-26.3157894736842
			62.3684210526316	-26.5789473684211
			62.3684210526316	-26.8421052631579
			62.1052631578947	-27.1052631578947
			61.8421052631579	-27.3684210526316
			61.578947368421	-27.6315789473684
			61.578947368421	-27.8947368421053
			61.578947368421	-28.1578947368421
			61.3157894736842	-28.4210526315789
			61.3157894736842	-28.6842105263158
			61.0526315789474	-28.9473684210526
			61.0526315789474	-29.2105263157895
			60.7894736842105	-29.2105263157895
			60.5263157894737	-29.4736842105263
			60.5263157894737	-29.7368421052632
			60.2631578947368	-30
			60	-30.2631578947368
			59.7368421052632	-30.5263157894737
			59.4736842105263	-30.7894736842105
			59.2105263157895	-30.7894736842105
			58.9473684210526	-31.0526315789474
			58.6842105263158	-31.3157894736842
			58.6842105263158	-31.5789473684211
			58.9473684210526	-31.8421052631579
			58.9473684210526	-32.1052631578947
			58.6842105263158	-32.3684210526316
			58.6842105263158	-32.6315789473684
			58.4210526315789	-32.8947368421053
			58.1578947368421	-33.1578947368421
			57.8947368421053	-33.1578947368421
			57.8947368421053	-33.4210526315789
			57.6315789473684	-33.6842105263158
			57.6315789473684	-33.9473684210526
			57.6315789473684	-34.2105263157895
			57.3684210526316	-34.4736842105263
			57.3684210526316	-34.7368421052632
			57.3684210526316	-35
			57.3684210526316	-35.2631578947368
			57.1052631578947	-35.5263157894737
			57.1052631578947	-35.7894736842105
			57.1052631578947	-36.0526315789474
			57.1052631578947	-36.3157894736842
			56.8421052631579	-36.578947368421
			56.8421052631579	-36.8421052631579
			56.578947368421	-37.1052631578947
			56.578947368421	-37.3684210526316
			56.3157894736842	-37.6315789473684
			56.3157894736842	-37.8947368421053
			56.3157894736842	-38.1578947368421
			56.0526315789474	-38.4210526315789
			56.0526315789474	-38.6842105263158
			55.7894736842105	-38.9473684210526
			55.7894736842105	-39.2105263157895
			55.7894736842105	-39.4736842105263
			55.5263157894737	-39.7368421052632
			55.5263157894737	-40
			55.5263157894737	-40.2631578947368
			55.2631578947368	-40.5263157894737
			55.2631578947368	-40.7894736842105
		</Left_Side>
		<Left_Wing type=matrix rownames=FALSE colnames=FALSE nrow=57 ncol=2 as.numeric=TRUE >
			55.2631578947368	-40.7894736842105
			55.5263157894737	-40.7894736842105
			55.7894736842105	-40.7894736842105
			56.0526315789474	-40.7894736842105
			56.3157894736842	-40.7894736842105
			56.578947368421	-40.7894736842105
			56.8421052631579	-40.7894736842105
			57.1052631578947	-40.7894736842105
			57.3684210526316	-40.7894736842105
			57.6315789473684	-40.7894736842105
			57.8947368421053	-40.7894736842105
			58.1578947368421	-40.7894736842105
			58.4210526315789	-40.7894736842105
			58.6842105263158	-40.7894736842105
			58.9473684210526	-40.7894736842105
			59.2105263157895	-40.7894736842105
			59.4736842105263	-40.7894736842105
			59.7368421052632	-40.7894736842105
			60	-40.7894736842105
			60.2631578947368	-41.0526315789474
			60.5263157894737	-41.3157894736842
			60.7894736842105	-41.578947368421
			61.0526315789474	-41.8421052631579
			61.0526315789474	-42.1052631578947
			61.0526315789474	-42.3684210526316
			61.0526315789474	-42.6315789473684
			61.0526315789474	-42.8947368421053
			61.0526315789474	-43.1578947368421
			61.0526315789474	-43.4210526315789
			61.0526315789474	-43.6842105263158
			61.0526315789474	-43.9473684210526
			61.0526315789474	-44.2105263157895
			61.0526315789474	-44.4736842105263
			61.3157894736842	-44.7368421052632
			61.3157894736842	-45
			61.3157894736842	-45.2631578947368
			61.3157894736842	-45.5263157894737
			61.3157894736842	-45.7894736842105
			61.3157894736842	-46.0526315789474
			61.3157894736842	-46.3157894736842
			61.3157894736842	-46.578947368421
			61.3157894736842	-46.8421052631579
			61.3157894736842	-47.1052631578947
			61.3157894736842	-47.3684210526316
			61.3157894736842	-47.6315789473684
			61.3157894736842	-47.8947368421053
			61.578947368421	-48.1578947368421
			61.578947368421	-48.4210526315789
			61.578947368421	-48.6842105263158
			61.8421052631579	-48.9473684210526
			62.1052631578947	-49.2105263157895
			62.3684210526316	-49.2105263157895
			62.6315789473684	-49.4736842105263
			62.8947368421053	-49.4736842105263
			63.1578947368421	-49.7368421052632
			63.4210526315789	-49.7368421052632
			63.6842105263158	-49.7368421052632
		</Left_Wing>
		<Right_Wing type=matrix rownames=FALSE colnames=FALSE nrow=60 ncol=2 as.numeric=TRUE >
			63.6842105263158	-49.7368421052632
			63.9473684210526	-49.7368421052632
			64.2105263157895	-49.7368421052632
			64.4736842105263	-49.7368421052632
			64.7368421052632	-49.4736842105263
			65	-49.4736842105263
			65	-49.2105263157895
			65.2631578947368	-48.9473684210526
			65.2631578947368	-48.6842105263158
			65.5263157894737	-48.6842105263158
			65.5263157894737	-48.4210526315789
			65.7894736842105	-48.1578947368421
			66.0526315789474	-47.8947368421053
			66.0526315789474	-47.6315789473684
			66.0526315789474	-47.3684210526316
			66.0526315789474	-47.1052631578947
			66.0526315789474	-46.8421052631579
			66.0526315789474	-46.578947368421
			66.0526315789474	-46.3157894736842
			66.0526315789474	-46.0526315789474
			66.0526315789474	-45.7894736842105
			66.0526315789474	-45.5263157894737
			66.3157894736842	-45.2631578947368
			66.3157894736842	-45
			66.5789473684211	-44.7368421052632
			66.5789473684211	-44.4736842105263
			66.5789473684211	-44.2105263157895
			66.3157894736842	-43.9473684210526
			66.3157894736842	-43.6842105263158
			66.3157894736842	-43.4210526315789
			66.3157894736842	-43.1578947368421
			66.3157894736842	-42.8947368421053
			66.3157894736842	-42.6315789473684
			66.5789473684211	-42.3684210526316
			66.5789473684211	-42.1052631578947
			66.8421052631579	-41.8421052631579
			66.8421052631579	-41.578947368421
			67.1052631578947	-41.3157894736842
			67.3684210526316	-41.3157894736842
			67.6315789473684	-41.0526315789474
			67.8947368421053	-41.0526315789474
			68.1578947368421	-41.0526315789474
			68.4210526315789	-41.0526315789474
			68.6842105263158	-41.0526315789474
			68.9473684210526	-41.0526315789474
			69.2105263157895	-41.0526315789474
			69.4736842105263	-41.0526315789474
			69.7368421052632	-41.3157894736842
			70	-41.3157894736842
			70.2631578947368	-41.3157894736842
			70.5263157894737	-41.3157894736842
			70.7894736842105	-41.3157894736842
			71.0526315789474	-41.3157894736842
			71.3157894736842	-41.3157894736842
			71.5789473684211	-41.3157894736842
			71.8421052631579	-41.3157894736842
			72.1052631578947	-41.578947368421
			72.3684210526316	-41.578947368421
			72.6315789473684	-41.578947368421
			72.8947368421053	-41.578947368421
		</Right_Wing>
		<Right_Side type=matrix rownames=FALSE colnames=FALSE nrow=79 ncol=2 as.numeric=TRUE >
			72.8947368421053	-41.578947368421
			72.8947368421053	-41.3157894736842
			72.8947368421053	-41.0526315789474
			72.6315789473684	-40.7894736842105
			72.6315789473684	-40.5263157894737
			72.3684210526316	-40.2631578947368
			72.3684210526316	-40
			72.3684210526316	-39.7368421052632
			72.1052631578947	-39.7368421052632
			72.1052631578947	-39.4736842105263
			71.8421052631579	-39.2105263157895
			71.8421052631579	-38.9473684210526
			71.5789473684211	-38.6842105263158
			71.5789473684211	-38.4210526315789
			71.3157894736842	-38.4210526315789
			71.3157894736842	-38.1578947368421
			71.0526315789474	-37.8947368421053
			71.0526315789474	-37.6315789473684
			71.0526315789474	-37.3684210526316
			70.7894736842105	-37.1052631578947
			70.5263157894737	-36.8421052631579
			70.2631578947368	-36.578947368421
			70.2631578947368	-36.3157894736842
			70.2631578947368	-36.0526315789474
			70.2631578947368	-35.7894736842105
			70.2631578947368	-35.5263157894737
			70.2631578947368	-35.2631578947368
			70.2631578947368	-35
			70.5263157894737	-34.7368421052632
			70.2631578947368	-34.4736842105263
			70	-34.4736842105263
			69.7368421052632	-34.2105263157895
			69.4736842105263	-34.2105263157895
			69.2105263157895	-33.9473684210526
			68.9473684210526	-33.6842105263158
			68.9473684210526	-33.4210526315789
			68.6842105263158	-33.1578947368421
			68.6842105263158	-32.8947368421053
			68.6842105263158	-32.6315789473684
			68.9473684210526	-32.3684210526316
			68.9473684210526	-32.1052631578947
			68.9473684210526	-31.8421052631579
			68.9473684210526	-31.5789473684211
			69.2105263157895	-31.3157894736842
			69.2105263157895	-31.0526315789474
			68.9473684210526	-31.0526315789474
			68.6842105263158	-31.0526315789474
			68.4210526315789	-31.0526315789474
			68.1578947368421	-31.0526315789474
			67.8947368421053	-30.7894736842105
			67.6315789473684	-30.5263157894737
			67.3684210526316	-30.2631578947368
			67.3684210526316	-30
			67.3684210526316	-29.7368421052632
			67.3684210526316	-29.4736842105263
			67.3684210526316	-29.2105263157895
			67.1052631578947	-29.2105263157895
			67.1052631578947	-28.9473684210526
			66.8421052631579	-28.9473684210526
			66.5789473684211	-28.9473684210526
			66.3157894736842	-28.6842105263158
			66.0526315789474	-28.4210526315789
			66.0526315789474	-28.1578947368421
			65.7894736842105	-27.8947368421053
			65.7894736842105	-27.6315789473684
			65.5263157894737	-27.3684210526316
			65.5263157894737	-27.1052631578947
			65.2631578947368	-26.8421052631579
			65	-26.5789473684211
			65	-26.3157894736842
			64.7368421052632	-26.0526315789474
			64.7368421052632	-25.7894736842105
			64.4736842105263	-25.5263157894737
			64.4736842105263	-25.2631578947368
			64.2105263157895	-25.2631578947368
			64.2105263157895	-25
			63.9473684210526	-24.7368421052632
			63.6842105263158	-24.4736842105263
			63.6842105263158	-24.2105263157895
		</Right_Side>
	</curves.scaled>
	<ruler.points type=matrix rownames=TRUE colnames=FALSE nrow=3 ncol=2 as.numeric=TRUE >
		Ruler point 1	252	394
		Ruler point 2	290	394
		Ruler point 3	328	394
	</ruler.points>
</shapes>

