<shapes type=list>
	<ruler.pixel type=vector names=FALSE length=1 as.numeric=TRUE >27.0011565890155</ruler.pixel>
	<ruler.interval type=vector names=FALSE length=1 as.numeric=TRUE >10</ruler.interval>
	<scaling.units type=vector names=FALSE length=1 as.numeric=FALSE >mm</scaling.units>
	<scaling type=vector names=FALSE length=1 as.numeric=TRUE >0.370354505631368</scaling>
	<landmarks.pixel type=matrix rownames=TRUE colnames=FALSE nrow=4 ncol=2 as.numeric=TRUE >
		Point_Tip	88	86
		Left_Tang_Center	66	142
		Base_Center	87	159
		Right_Tang_Center	111	138
	</landmarks.pixel>
	<landmarks.scaled type=matrix rownames=TRUE colnames=FALSE nrow=4 ncol=2 as.numeric=TRUE >
		Point_Tip	32.5911964955604	-31.8504874842977
		Left_Tang_Center	24.4433973716703	-52.5903397996543
		Base_Center	32.220841989929	-58.8863663953876
		Right_Tang_Center	41.1093501250819	-51.1089217771288
	</landmarks.scaled>
	<curves.control type=list>
		<Left_Side type=matrix rownames=FALSE colnames=FALSE nrow=9 ncol=2 as.numeric=TRUE >
			88	86
			85	86
			84	91
			82	98
			78	105
			75	115
			75	117
			63	137
			66	142
		</Left_Side>
		<Left_Wing type=matrix rownames=FALSE colnames=FALSE nrow=9 ncol=2 as.numeric=TRUE >
			66	142
			70	143
			72	140
			75	140
			78	140
			79	149
			79	156
			82	158
			87	159
		</Left_Wing>
		<Right_Wing type=matrix rownames=FALSE colnames=FALSE nrow=9 ncol=2 as.numeric=TRUE >
			87	159
			94	157
			98	152
			98	145
			100	141
			103	141
			107	141
			109	140
			111	138
		</Right_Wing>
		<Right_Side type=matrix rownames=FALSE colnames=FALSE nrow=11 ncol=2 as.numeric=TRUE >
			111	138
			111	132
			108	128
			108	124
			104	113
			101	110
			100	104
			96	101
			93	93
			91	88
			88	86
		</Right_Side>
	</curves.control>
	<curves.pixel type=list>
		<Left_Side type=matrix rownames=FALSE colnames=FALSE nrow=61 ncol=2 as.numeric=TRUE >
			88	86
			87	86
			86	87
			85	88
			84	89
			84	90
			84	91
			84	92
			83	93
			83	94
			83	95
			82	96
			82	97
			81	98
			81	99
			81	100
			80	101
			80	102
			79	103
			79	104
			78	105
			78	106
			77	107
			77	108
			77	109
			76	110
			76	111
			76	112
			76	113
			76	114
			75	115
			75	116
			75	117
			74	118
			74	119
			73	120
			73	121
			72	122
			72	123
			71	124
			71	125
			70	125
			70	126
			69	127
			69	128
			69	129
			68	129
			68	130
			68	131
			67	131
			67	132
			67	133
			66	134
			66	135
			66	136
			66	137
			65	138
			65	139
			65	140
			66	141
			66	142
		</Left_Side>
		<Left_Wing type=matrix rownames=FALSE colnames=FALSE nrow=37 ncol=2 as.numeric=TRUE >
			66	142
			67	142
			68	142
			69	142
			70	142
			71	141
			72	140
			73	140
			74	140
			75	140
			76	140
			77	140
			78	140
			78	141
			78	142
			78	143
			78	144
			79	145
			79	146
			79	147
			79	148
			79	149
			79	150
			79	151
			79	152
			79	153
			79	154
			79	155
			79	156
			80	157
			81	157
			82	157
			83	158
			84	158
			85	159
			86	159
			87	159
		</Left_Wing>
		<Right_Wing type=matrix rownames=FALSE colnames=FALSE nrow=35 ncol=2 as.numeric=TRUE >
			87	159
			88	159
			89	158
			90	158
			91	157
			92	157
			93	157
			93	156
			94	156
			95	155
			96	154
			97	153
			98	152
			98	151
			98	150
			98	149
			98	148
			98	147
			98	146
			99	145
			99	144
			99	143
			99	142
			100	141
			101	141
			102	141
			103	141
			104	141
			105	141
			106	141
			107	141
			108	141
			109	140
			110	139
			111	138
		</Right_Wing>
		<Right_Side type=matrix rownames=FALSE colnames=FALSE nrow=53 ncol=2 as.numeric=TRUE >
			111	138
			111	137
			111	136
			111	135
			111	134
			110	133
			110	132
			110	131
			109	130
			109	129
			108	128
			108	127
			108	126
			108	125
			107	124
			107	123
			107	122
			107	121
			106	120
			106	119
			106	118
			105	117
			105	116
			105	115
			104	114
			104	113
			103	112
			103	111
			102	110
			101	109
			101	108
			101	107
			100	106
			100	105
			100	104
			99	103
			98	102
			97	101
			96	100
			96	99
			95	98
			95	97
			94	96
			94	95
			93	94
			93	93
			93	92
			92	91
			92	90
			91	89
			90	88
			89	87
			88	86
		</Right_Side>
	</curves.pixel>
	<curves.scaled type=list>
		<Left_Side type=matrix rownames=FALSE colnames=FALSE nrow=61 ncol=2 as.numeric=TRUE >
			32.5911964955604	-31.8504874842977
			32.220841989929	-31.8504874842977
			31.8504874842977	-32.220841989929
			31.4801329786663	-32.5911964955604
			31.1097784730349	-32.9615510011918
			31.1097784730349	-33.3319055068232
			31.1097784730349	-33.7022600124545
			31.1097784730349	-34.0726145180859
			30.7394239674036	-34.4429690237173
			30.7394239674036	-34.8133235293486
			30.7394239674036	-35.18367803498
			30.3690694617722	-35.5540325406114
			30.3690694617722	-35.9243870462427
			29.9987149561408	-36.2947415518741
			29.9987149561408	-36.6650960575055
			29.9987149561408	-37.0354505631368
			29.6283604505095	-37.4058050687682
			29.6283604505095	-37.7761595743996
			29.2580059448781	-38.1465140800309
			29.2580059448781	-38.5168685856623
			28.8876514392467	-38.8872230912937
			28.8876514392467	-39.2575775969251
			28.5172969336154	-39.6279321025564
			28.5172969336154	-39.9982866081878
			28.5172969336154	-40.3686411138192
			28.146942427984	-40.7389956194505
			28.146942427984	-41.1093501250819
			28.146942427984	-41.4797046307133
			28.146942427984	-41.8500591363446
			28.146942427984	-42.220413641976
			27.7765879223526	-42.5907681476074
			27.7765879223526	-42.9611226532387
			27.7765879223526	-43.3314771588701
			27.4062334167213	-43.7018316645015
			27.4062334167213	-44.0721861701328
			27.0358789110899	-44.4425406757642
			27.0358789110899	-44.8128951813956
			26.6655244054585	-45.1832496870269
			26.6655244054585	-45.5536041926583
			26.2951698998272	-45.9239586982897
			26.2951698998272	-46.294313203921
			25.9248153941958	-46.294313203921
			25.9248153941958	-46.6646677095524
			25.5544608885644	-47.0350222151838
			25.5544608885644	-47.4053767208152
			25.5544608885644	-47.7757312264465
			25.1841063829331	-47.7757312264465
			25.1841063829331	-48.1460857320779
			25.1841063829331	-48.5164402377093
			24.8137518773017	-48.5164402377093
			24.8137518773017	-48.8867947433406
			24.8137518773017	-49.257149248972
			24.4433973716703	-49.6275037546034
			24.4433973716703	-49.9978582602347
			24.4433973716703	-50.3682127658661
			24.4433973716703	-50.7385672714975
			24.0730428660389	-51.1089217771288
			24.0730428660389	-51.4792762827602
			24.0730428660389	-51.8496307883916
			24.4433973716703	-52.2199852940229
			24.4433973716703	-52.5903397996543
		</Left_Side>
		<Left_Wing type=matrix rownames=FALSE colnames=FALSE nrow=37 ncol=2 as.numeric=TRUE >
			24.4433973716703	-52.5903397996543
			24.8137518773017	-52.5903397996543
			25.1841063829331	-52.5903397996543
			25.5544608885644	-52.5903397996543
			25.9248153941958	-52.5903397996543
			26.2951698998272	-52.2199852940229
			26.6655244054585	-51.8496307883916
			27.0358789110899	-51.8496307883916
			27.4062334167213	-51.8496307883916
			27.7765879223526	-51.8496307883916
			28.146942427984	-51.8496307883916
			28.5172969336154	-51.8496307883916
			28.8876514392467	-51.8496307883916
			28.8876514392467	-52.2199852940229
			28.8876514392467	-52.5903397996543
			28.8876514392467	-52.9606943052857
			28.8876514392467	-53.3310488109171
			29.2580059448781	-53.7014033165484
			29.2580059448781	-54.0717578221798
			29.2580059448781	-54.4421123278112
			29.2580059448781	-54.8124668334425
			29.2580059448781	-55.1828213390739
			29.2580059448781	-55.5531758447053
			29.2580059448781	-55.9235303503366
			29.2580059448781	-56.293884855968
			29.2580059448781	-56.6642393615994
			29.2580059448781	-57.0345938672307
			29.2580059448781	-57.4049483728621
			29.2580059448781	-57.7753028784935
			29.6283604505095	-58.1456573841248
			29.9987149561408	-58.1456573841248
			30.3690694617722	-58.1456573841248
			30.7394239674036	-58.5160118897562
			31.1097784730349	-58.5160118897562
			31.4801329786663	-58.8863663953876
			31.8504874842977	-58.8863663953876
			32.220841989929	-58.8863663953876
		</Left_Wing>
		<Right_Wing type=matrix rownames=FALSE colnames=FALSE nrow=35 ncol=2 as.numeric=TRUE >
			32.220841989929	-58.8863663953876
			32.5911964955604	-58.8863663953876
			32.9615510011918	-58.5160118897562
			33.3319055068232	-58.5160118897562
			33.7022600124545	-58.1456573841248
			34.0726145180859	-58.1456573841248
			34.4429690237173	-58.1456573841248
			34.4429690237173	-57.7753028784935
			34.8133235293486	-57.7753028784935
			35.18367803498	-57.4049483728621
			35.5540325406114	-57.0345938672307
			35.9243870462427	-56.6642393615994
			36.2947415518741	-56.293884855968
			36.2947415518741	-55.9235303503366
			36.2947415518741	-55.5531758447053
			36.2947415518741	-55.1828213390739
			36.2947415518741	-54.8124668334425
			36.2947415518741	-54.4421123278112
			36.2947415518741	-54.0717578221798
			36.6650960575055	-53.7014033165484
			36.6650960575055	-53.3310488109171
			36.6650960575055	-52.9606943052857
			36.6650960575055	-52.5903397996543
			37.0354505631368	-52.2199852940229
			37.4058050687682	-52.2199852940229
			37.7761595743996	-52.2199852940229
			38.1465140800309	-52.2199852940229
			38.5168685856623	-52.2199852940229
			38.8872230912937	-52.2199852940229
			39.2575775969251	-52.2199852940229
			39.6279321025564	-52.2199852940229
			39.9982866081878	-52.2199852940229
			40.3686411138192	-51.8496307883916
			40.7389956194505	-51.4792762827602
			41.1093501250819	-51.1089217771288
		</Right_Wing>
		<Right_Side type=matrix rownames=FALSE colnames=FALSE nrow=53 ncol=2 as.numeric=TRUE >
			41.1093501250819	-51.1089217771288
			41.1093501250819	-50.7385672714975
			41.1093501250819	-50.3682127658661
			41.1093501250819	-49.9978582602347
			41.1093501250819	-49.6275037546034
			40.7389956194505	-49.257149248972
			40.7389956194505	-48.8867947433406
			40.7389956194505	-48.5164402377093
			40.3686411138192	-48.1460857320779
			40.3686411138192	-47.7757312264465
			39.9982866081878	-47.4053767208152
			39.9982866081878	-47.0350222151838
			39.9982866081878	-46.6646677095524
			39.9982866081878	-46.294313203921
			39.6279321025564	-45.9239586982897
			39.6279321025564	-45.5536041926583
			39.6279321025564	-45.1832496870269
			39.6279321025564	-44.8128951813956
			39.2575775969251	-44.4425406757642
			39.2575775969251	-44.0721861701328
			39.2575775969251	-43.7018316645015
			38.8872230912937	-43.3314771588701
			38.8872230912937	-42.9611226532387
			38.8872230912937	-42.5907681476074
			38.5168685856623	-42.220413641976
			38.5168685856623	-41.8500591363446
			38.1465140800309	-41.4797046307133
			38.1465140800309	-41.1093501250819
			37.7761595743996	-40.7389956194505
			37.4058050687682	-40.3686411138192
			37.4058050687682	-39.9982866081878
			37.4058050687682	-39.6279321025564
			37.0354505631368	-39.2575775969251
			37.0354505631368	-38.8872230912937
			37.0354505631368	-38.5168685856623
			36.6650960575055	-38.1465140800309
			36.2947415518741	-37.7761595743996
			35.9243870462427	-37.4058050687682
			35.5540325406114	-37.0354505631368
			35.5540325406114	-36.6650960575055
			35.18367803498	-36.2947415518741
			35.18367803498	-35.9243870462427
			34.8133235293486	-35.5540325406114
			34.8133235293486	-35.18367803498
			34.4429690237173	-34.8133235293486
			34.4429690237173	-34.4429690237173
			34.4429690237173	-34.0726145180859
			34.0726145180859	-33.7022600124545
			34.0726145180859	-33.3319055068232
			33.7022600124545	-32.9615510011918
			33.3319055068232	-32.5911964955604
			32.9615510011918	-32.220841989929
			32.5911964955604	-31.8504874842977
		</Right_Side>
	</curves.scaled>
	<ruler.points type=matrix rownames=TRUE colnames=FALSE nrow=6 ncol=2 as.numeric=TRUE >
		Ruler point 1	188	526
		Ruler point 2	215	526
		Ruler point 3	242	526
		Ruler point 4	268	526
		Ruler point 5	296	525
		Ruler point 6	323	525
	</ruler.points>
</shapes>

