<shapes type=list>
	<ruler.pixel type=vector names=FALSE length=1 as.numeric=TRUE >29.9951057900581</ruler.pixel>
	<ruler.interval type=vector names=FALSE length=1 as.numeric=TRUE >10</ruler.interval>
	<scaling.units type=vector names=FALSE length=1 as.numeric=FALSE >mm</scaling.units>
	<scaling type=vector names=FALSE length=1 as.numeric=TRUE >0.333387722316836</scaling>
	<landmarks.pixel type=matrix rownames=TRUE colnames=FALSE nrow=4 ncol=2 as.numeric=TRUE >
		Point_Tip	407	280
		Left_Tang_Center	392	311
		Base_Center	412	332
		Right_Tang_Center	428	309
	</landmarks.pixel>
	<landmarks.scaled type=matrix rownames=TRUE colnames=FALSE nrow=4 ncol=2 as.numeric=TRUE >
		Point_Tip	135.688802982952	-93.348562248714
		Left_Tang_Center	130.6879871482	-103.683581640536
		Base_Center	137.355741594536	-110.684723809189
		Right_Tang_Center	142.689945151606	-103.016806195902
	</landmarks.scaled>
	<curves.control type=list>
		<Left_Side type=matrix rownames=FALSE colnames=FALSE nrow=5 ncol=2 as.numeric=TRUE >
			407	280
			406	284
			400	298
			398	305
			392	311
		</Left_Side>
		<Left_Wing type=matrix rownames=FALSE colnames=FALSE nrow=7 ncol=2 as.numeric=TRUE >
			392	311
			397	317
			403	321
			406	325
			409	330
			410	332
			412	332
		</Left_Wing>
		<Right_Wing type=matrix rownames=FALSE colnames=FALSE nrow=7 ncol=2 as.numeric=TRUE >
			412	332
			416	332
			416	328
			417	319
			422	314
			426	312
			428	309
		</Right_Wing>
		<Right_Side type=matrix rownames=FALSE colnames=FALSE nrow=5 ncol=2 as.numeric=TRUE >
			428	309
			427	307
			423	304
			417	287
			407	280
		</Right_Side>
	</curves.control>
	<curves.pixel type=list>
		<Left_Side type=matrix rownames=FALSE colnames=FALSE nrow=33 ncol=2 as.numeric=TRUE >
			407	280
			407	281
			406	282
			406	283
			406	284
			405	285
			405	286
			405	287
			404	288
			404	289
			403	290
			403	291
			402	292
			402	293
			402	294
			401	295
			401	296
			400	297
			400	298
			400	299
			399	300
			399	301
			399	302
			398	303
			397	304
			397	305
			396	306
			396	307
			395	308
			394	308
			394	309
			393	310
			392	311
		</Left_Side>
		<Left_Wing type=matrix rownames=FALSE colnames=FALSE nrow=29 ncol=2 as.numeric=TRUE >
			392	311
			393	312
			394	313
			395	314
			396	315
			396	316
			397	316
			398	317
			398	318
			399	318
			400	319
			401	319
			401	320
			402	320
			403	321
			404	322
			404	323
			405	324
			406	325
			406	326
			407	327
			408	328
			409	329
			409	330
			409	331
			410	331
			410	332
			411	332
			412	332
		</Left_Wing>
		<Right_Wing type=matrix rownames=FALSE colnames=FALSE nrow=28 ncol=2 as.numeric=TRUE >
			412	332
			413	332
			414	332
			415	331
			416	330
			416	329
			416	328
			416	327
			416	326
			416	325
			417	325
			417	324
			417	323
			417	322
			418	321
			418	320
			418	319
			419	318
			419	317
			420	316
			421	315
			422	314
			423	313
			424	313
			425	312
			426	311
			427	310
			428	309
		</Right_Wing>
		<Right_Side type=matrix rownames=FALSE colnames=FALSE nrow=36 ncol=2 as.numeric=TRUE >
			428	309
			427	308
			427	307
			426	306
			425	306
			424	305
			423	304
			423	303
			422	302
			422	301
			421	300
			421	299
			421	298
			420	297
			420	296
			419	295
			419	294
			418	293
			418	292
			417	291
			417	290
			416	289
			415	289
			415	288
			414	287
			414	286
			413	286
			413	285
			412	284
			411	284
			411	283
			410	282
			409	282
			409	281
			408	281
			407	280
		</Right_Side>
	</curves.pixel>
	<curves.scaled type=list>
		<Left_Side type=matrix rownames=FALSE colnames=FALSE nrow=33 ncol=2 as.numeric=TRUE >
			135.688802982952	-93.348562248714
			135.688802982952	-93.6819499710309
			135.355415260635	-94.0153376933477
			135.355415260635	-94.3487254156645
			135.355415260635	-94.6821131379814
			135.022027538318	-95.0155008602982
			135.022027538318	-95.348888582615
			135.022027538318	-95.6822763049319
			134.688639816002	-96.0156640272487
			134.688639816002	-96.3490517495655
			134.355252093685	-96.6824394718824
			134.355252093685	-97.0158271941992
			134.021864371368	-97.349214916516
			134.021864371368	-97.6826026388329
			134.021864371368	-98.0159903611497
			133.688476649051	-98.3493780834665
			133.688476649051	-98.6827658057834
			133.355088926734	-99.0161535281002
			133.355088926734	-99.3495412504171
			133.355088926734	-99.6829289727339
			133.021701204417	-100.016316695051
			133.021701204417	-100.349704417368
			133.021701204417	-100.683092139684
			132.688313482101	-101.016479862001
			132.354925759784	-101.349867584318
			132.354925759784	-101.683255306635
			132.021538037467	-102.016643028952
			132.021538037467	-102.350030751269
			131.68815031515	-102.683418473585
			131.354762592833	-102.683418473585
			131.354762592833	-103.016806195902
			131.021374870516	-103.350193918219
			130.6879871482	-103.683581640536
		</Left_Side>
		<Left_Wing type=matrix rownames=FALSE colnames=FALSE nrow=29 ncol=2 as.numeric=TRUE >
			130.6879871482	-103.683581640536
			131.021374870516	-104.016969362853
			131.354762592833	-104.35035708517
			131.68815031515	-104.683744807486
			132.021538037467	-105.017132529803
			132.021538037467	-105.35052025212
			132.354925759784	-105.35052025212
			132.688313482101	-105.683907974437
			132.688313482101	-106.017295696754
			133.021701204417	-106.017295696754
			133.355088926734	-106.350683419071
			133.688476649051	-106.350683419071
			133.688476649051	-106.684071141387
			134.021864371368	-106.684071141387
			134.355252093685	-107.017458863704
			134.688639816002	-107.350846586021
			134.688639816002	-107.684234308338
			135.022027538318	-108.017622030655
			135.355415260635	-108.351009752972
			135.355415260635	-108.684397475288
			135.688802982952	-109.017785197605
			136.022190705269	-109.351172919922
			136.355578427586	-109.684560642239
			136.355578427586	-110.017948364556
			136.355578427586	-110.351336086873
			136.688966149903	-110.351336086873
			136.688966149903	-110.684723809189
			137.022353872219	-110.684723809189
			137.355741594536	-110.684723809189
		</Left_Wing>
		<Right_Wing type=matrix rownames=FALSE colnames=FALSE nrow=28 ncol=2 as.numeric=TRUE >
			137.355741594536	-110.684723809189
			137.689129316853	-110.684723809189
			138.02251703917	-110.684723809189
			138.355904761487	-110.351336086873
			138.689292483804	-110.017948364556
			138.689292483804	-109.684560642239
			138.689292483804	-109.351172919922
			138.689292483804	-109.017785197605
			138.689292483804	-108.684397475288
			138.689292483804	-108.351009752972
			139.022680206121	-108.351009752972
			139.022680206121	-108.017622030655
			139.022680206121	-107.684234308338
			139.022680206121	-107.350846586021
			139.356067928437	-107.017458863704
			139.356067928437	-106.684071141387
			139.356067928437	-106.350683419071
			139.689455650754	-106.017295696754
			139.689455650754	-105.683907974437
			140.022843373071	-105.35052025212
			140.356231095388	-105.017132529803
			140.689618817705	-104.683744807486
			141.023006540022	-104.35035708517
			141.356394262338	-104.35035708517
			141.689781984655	-104.016969362853
			142.023169706972	-103.683581640536
			142.356557429289	-103.350193918219
			142.689945151606	-103.016806195902
		</Right_Wing>
		<Right_Side type=matrix rownames=FALSE colnames=FALSE nrow=36 ncol=2 as.numeric=TRUE >
			142.689945151606	-103.016806195902
			142.356557429289	-102.683418473585
			142.356557429289	-102.350030751269
			142.023169706972	-102.016643028952
			141.689781984655	-102.016643028952
			141.356394262338	-101.683255306635
			141.023006540022	-101.349867584318
			141.023006540022	-101.016479862001
			140.689618817705	-100.683092139684
			140.689618817705	-100.349704417368
			140.356231095388	-100.016316695051
			140.356231095388	-99.6829289727339
			140.356231095388	-99.3495412504171
			140.022843373071	-99.0161535281002
			140.022843373071	-98.6827658057834
			139.689455650754	-98.3493780834665
			139.689455650754	-98.0159903611497
			139.356067928437	-97.6826026388329
			139.356067928437	-97.349214916516
			139.022680206121	-97.0158271941992
			139.022680206121	-96.6824394718824
			138.689292483804	-96.3490517495655
			138.355904761487	-96.3490517495655
			138.355904761487	-96.0156640272487
			138.02251703917	-95.6822763049319
			138.02251703917	-95.348888582615
			137.689129316853	-95.348888582615
			137.689129316853	-95.0155008602982
			137.355741594536	-94.6821131379814
			137.022353872219	-94.6821131379814
			137.022353872219	-94.3487254156645
			136.688966149903	-94.0153376933477
			136.355578427586	-94.0153376933477
			136.355578427586	-93.6819499710309
			136.022190705269	-93.6819499710309
			135.688802982952	-93.348562248714
		</Right_Side>
	</curves.scaled>
	<ruler.points type=matrix rownames=TRUE colnames=FALSE nrow=6 ncol=2 as.numeric=TRUE >
		Ruler point 1	280	535
		Ruler point 2	312	535
		Ruler point 3	341	535
		Ruler point 4	371	534
		Ruler point 5	398	532
		Ruler point 6	430	532
	</ruler.points>
</shapes>

