<shapes type=list>
	<ruler.pixel type=vector names=FALSE length=1 as.numeric=TRUE >38.512984261401</ruler.pixel>
	<ruler.interval type=vector names=FALSE length=1 as.numeric=TRUE >10</ruler.interval>
	<scaling.units type=vector names=FALSE length=1 as.numeric=FALSE >mm</scaling.units>
	<scaling type=vector names=FALSE length=1 as.numeric=TRUE >0.259652690950318</scaling>
	<landmarks.pixel type=matrix rownames=TRUE colnames=FALSE nrow=4 ncol=2 as.numeric=TRUE >
		Point_Tip	355	387
		Left_Tang_Center	327	477
		Base_Center	356	504
		Right_Tang_Center	378	476
	</landmarks.pixel>
	<landmarks.scaled type=matrix rownames=TRUE colnames=FALSE nrow=4 ncol=2 as.numeric=TRUE >
		Point_Tip	92.1767052873628	-100.485591397773
		Left_Tang_Center	84.9064299407539	-123.854333583302
		Base_Center	92.4363579783132	-130.86495623896
		Right_Tang_Center	98.1487171792201	-123.594680892351
	</landmarks.scaled>
	<curves.control type=list>
		<Left_Side type=matrix rownames=FALSE colnames=FALSE nrow=23 ncol=2 as.numeric=TRUE >
			355	387
			353	387
			351	388
			350	392
			347	395
			346	397
			345	401
			344	403
			342	405
			342	416
			340	419
			339	427
			337	430
			336	433
			336	440
			334	443
			334	447
			334	452
			329	459
			329	462
			326	468
			326	472
			327	477
		</Left_Side>
		<Left_Wing type=matrix rownames=FALSE colnames=FALSE nrow=13 ncol=2 as.numeric=TRUE >
			327	477
			332	479
			336	481
			338	480
			340	478
			344	477
			346	480
			346	486
			347	488
			347	497
			348	501
			351	501
			356	504
		</Left_Wing>
		<Right_Wing type=matrix rownames=FALSE colnames=FALSE nrow=13 ncol=2 as.numeric=TRUE >
			356	504
			361	502
			365	499
			365	492
			366	490
			366	486
			366	482
			366	478
			369	475
			371	474
			373	475
			376	476
			378	476
		</Right_Wing>
		<Right_Side type=matrix rownames=FALSE colnames=FALSE nrow=23 ncol=2 as.numeric=TRUE >
			378	476
			380	473
			380	467
			378	465
			377	461
			375	457
			374	451
			376	445
			373	440
			372	437
			372	429
			367	425
			370	423
			371	420
			369	418
			369	415
			369	410
			365	403
			364	398
			362	396
			361	392
			361	387
			355	387
		</Right_Side>
	</curves.control>
	<curves.pixel type=list>
		<Left_Side type=matrix rownames=FALSE colnames=FALSE nrow=97 ncol=2 as.numeric=TRUE >
			355	387
			354	387
			353	387
			352	387
			351	388
			351	389
			350	390
			350	391
			349	392
			349	393
			348	394
			347	394
			347	395
			347	396
			346	396
			346	397
			346	398
			346	399
			345	400
			345	401
			344	402
			344	403
			343	404
			342	405
			342	406
			342	407
			342	408
			342	409
			342	410
			342	411
			342	412
			342	413
			341	414
			341	415
			341	416
			341	417
			341	418
			340	419
			340	420
			340	421
			340	422
			339	423
			339	424
			339	425
			339	426
			338	427
			338	428
			337	429
			337	430
			337	431
			336	432
			336	433
			336	434
			336	435
			336	436
			336	437
			336	438
			336	439
			336	440
			335	441
			335	442
			335	443
			334	444
			334	445
			334	446
			334	447
			334	448
			334	449
			334	450
			333	451
			333	452
			332	453
			332	454
			331	455
			331	456
			330	457
			330	458
			329	458
			329	459
			329	460
			329	461
			329	462
			328	463
			328	464
			327	465
			327	466
			326	467
			326	468
			326	469
			326	470
			326	471
			326	472
			326	473
			326	474
			327	475
			327	476
			327	477
		</Left_Side>
		<Left_Wing type=matrix rownames=FALSE colnames=FALSE nrow=50 ncol=2 as.numeric=TRUE >
			327	477
			328	477
			329	478
			330	478
			331	479
			332	479
			333	480
			334	480
			335	480
			336	481
			337	481
			337	480
			338	480
			339	479
			340	478
			341	478
			342	478
			343	478
			344	478
			345	479
			346	480
			346	481
			346	482
			346	483
			346	484
			346	485
			346	486
			347	487
			347	488
			347	489
			347	490
			347	491
			347	492
			347	493
			347	494
			347	495
			347	496
			347	497
			348	498
			348	499
			348	500
			348	501
			349	501
			350	501
			351	502
			352	502
			353	502
			354	503
			355	504
			356	504
		</Left_Wing>
		<Right_Wing type=matrix rownames=FALSE colnames=FALSE nrow=46 ncol=2 as.numeric=TRUE >
			356	504
			357	503
			358	503
			359	503
			360	502
			361	502
			362	501
			363	501
			364	500
			364	499
			365	499
			365	498
			365	497
			365	496
			365	495
			365	494
			365	493
			365	492
			366	491
			366	490
			366	489
			366	488
			366	487
			366	486
			366	485
			366	484
			366	483
			366	482
			366	481
			366	480
			366	479
			367	479
			367	478
			367	477
			368	477
			368	476
			369	475
			370	475
			371	475
			372	475
			373	475
			374	475
			375	476
			376	476
			377	476
			378	476
		</Right_Wing>
		<Right_Side type=matrix rownames=FALSE colnames=FALSE nrow=96 ncol=2 as.numeric=TRUE >
			378	476
			378	475
			379	475
			379	474
			379	473
			380	472
			380	471
			380	470
			380	469
			380	468
			380	467
			379	466
			379	465
			378	464
			378	463
			377	462
			377	461
			376	460
			376	459
			376	458
			375	457
			375	456
			375	455
			375	454
			374	453
			374	452
			374	451
			374	450
			375	449
			375	448
			375	447
			375	446
			375	445
			375	444
			374	443
			374	442
			373	441
			373	440
			373	439
			373	438
			372	437
			372	436
			372	435
			372	434
			372	433
			372	432
			372	431
			372	430
			372	429
			371	428
			370	428
			370	427
			369	426
			369	425
			369	424
			370	423
			370	422
			370	421
			370	420
			370	419
			369	418
			369	417
			369	416
			369	415
			369	414
			369	413
			369	412
			369	411
			369	410
			368	409
			368	408
			367	407
			367	406
			366	405
			366	404
			366	403
			365	403
			365	402
			365	401
			365	400
			364	399
			364	398
			363	397
			362	396
			362	395
			361	394
			361	393
			361	392
			361	391
			361	390
			360	389
			359	388
			358	387
			357	387
			356	387
			355	387
		</Right_Side>
	</curves.pixel>
	<curves.scaled type=list>
		<Left_Side type=matrix rownames=FALSE colnames=FALSE nrow=97 ncol=2 as.numeric=TRUE >
			92.1767052873628	-100.485591397773
			91.9170525964125	-100.485591397773
			91.6573999054622	-100.485591397773
			91.3977472145119	-100.485591397773
			91.1380945235616	-100.745244088723
			91.1380945235616	-101.004896779674
			90.8784418326112	-101.264549470624
			90.8784418326112	-101.524202161574
			90.6187891416609	-101.783854852525
			90.6187891416609	-102.043507543475
			90.3591364507106	-102.303160234425
			90.0994837597603	-102.303160234425
			90.0994837597603	-102.562812925376
			90.0994837597603	-102.822465616326
			89.83983106881	-102.822465616326
			89.83983106881	-103.082118307276
			89.83983106881	-103.341770998227
			89.83983106881	-103.601423689177
			89.5801783778597	-103.861076380127
			89.5801783778597	-104.120729071077
			89.3205256869093	-104.380381762028
			89.3205256869093	-104.640034452978
			89.060872995959	-104.899687143928
			88.8012203050087	-105.159339834879
			88.8012203050087	-105.418992525829
			88.8012203050087	-105.678645216779
			88.8012203050087	-105.93829790773
			88.8012203050087	-106.19795059868
			88.8012203050087	-106.45760328963
			88.8012203050087	-106.717255980581
			88.8012203050087	-106.976908671531
			88.8012203050087	-107.236561362481
			88.5415676140584	-107.496214053432
			88.5415676140584	-107.755866744382
			88.5415676140584	-108.015519435332
			88.5415676140584	-108.275172126283
			88.5415676140584	-108.534824817233
			88.2819149231081	-108.794477508183
			88.2819149231081	-109.054130199133
			88.2819149231081	-109.313782890084
			88.2819149231081	-109.573435581034
			88.0222622321577	-109.833088271984
			88.0222622321577	-110.092740962935
			88.0222622321577	-110.352393653885
			88.0222622321577	-110.612046344835
			87.7626095412074	-110.871699035786
			87.7626095412074	-111.131351726736
			87.5029568502571	-111.391004417686
			87.5029568502571	-111.650657108637
			87.5029568502571	-111.910309799587
			87.2433041593068	-112.169962490537
			87.2433041593068	-112.429615181488
			87.2433041593068	-112.689267872438
			87.2433041593068	-112.948920563388
			87.2433041593068	-113.208573254339
			87.2433041593068	-113.468225945289
			87.2433041593068	-113.727878636239
			87.2433041593068	-113.98753132719
			87.2433041593068	-114.24718401814
			86.9836514683565	-114.50683670909
			86.9836514683565	-114.76648940004
			86.9836514683565	-115.026142090991
			86.7239987774062	-115.285794781941
			86.7239987774062	-115.545447472891
			86.7239987774062	-115.805100163842
			86.7239987774062	-116.064752854792
			86.7239987774062	-116.324405545742
			86.7239987774062	-116.584058236693
			86.7239987774062	-116.843710927643
			86.4643460864558	-117.103363618593
			86.4643460864558	-117.363016309544
			86.2046933955055	-117.622669000494
			86.2046933955055	-117.882321691444
			85.9450407045552	-118.141974382395
			85.9450407045552	-118.401627073345
			85.6853880136049	-118.661279764295
			85.6853880136049	-118.920932455246
			85.4257353226546	-118.920932455246
			85.4257353226546	-119.180585146196
			85.4257353226546	-119.440237837146
			85.4257353226546	-119.699890528097
			85.4257353226546	-119.959543219047
			85.1660826317043	-120.219195909997
			85.1660826317043	-120.478848600947
			84.9064299407539	-120.738501291898
			84.9064299407539	-120.998153982848
			84.6467772498036	-121.257806673798
			84.6467772498036	-121.517459364749
			84.6467772498036	-121.777112055699
			84.6467772498036	-122.036764746649
			84.6467772498036	-122.2964174376
			84.6467772498036	-122.55607012855
			84.6467772498036	-122.8157228195
			84.6467772498036	-123.075375510451
			84.9064299407539	-123.335028201401
			84.9064299407539	-123.594680892351
			84.9064299407539	-123.854333583302
		</Left_Side>
		<Left_Wing type=matrix rownames=FALSE colnames=FALSE nrow=50 ncol=2 as.numeric=TRUE >
			84.9064299407539	-123.854333583302
			85.1660826317043	-123.854333583302
			85.4257353226546	-124.113986274252
			85.6853880136049	-124.113986274252
			85.9450407045552	-124.373638965202
			86.2046933955055	-124.373638965202
			86.4643460864558	-124.633291656153
			86.7239987774062	-124.633291656153
			86.9836514683565	-124.633291656153
			87.2433041593068	-124.892944347103
			87.5029568502571	-124.892944347103
			87.5029568502571	-124.633291656153
			87.7626095412074	-124.633291656153
			88.0222622321577	-124.373638965202
			88.2819149231081	-124.113986274252
			88.5415676140584	-124.113986274252
			88.8012203050087	-124.113986274252
			89.060872995959	-124.113986274252
			89.3205256869093	-124.113986274252
			89.5801783778597	-124.373638965202
			89.83983106881	-124.633291656153
			89.83983106881	-124.892944347103
			89.83983106881	-125.152597038053
			89.83983106881	-125.412249729004
			89.83983106881	-125.671902419954
			89.83983106881	-125.931555110904
			89.83983106881	-126.191207801854
			90.0994837597603	-126.450860492805
			90.0994837597603	-126.710513183755
			90.0994837597603	-126.970165874705
			90.0994837597603	-127.229818565656
			90.0994837597603	-127.489471256606
			90.0994837597603	-127.749123947556
			90.0994837597603	-128.008776638507
			90.0994837597603	-128.268429329457
			90.0994837597603	-128.528082020407
			90.0994837597603	-128.787734711358
			90.0994837597603	-129.047387402308
			90.3591364507106	-129.307040093258
			90.3591364507106	-129.566692784209
			90.3591364507106	-129.826345475159
			90.3591364507106	-130.085998166109
			90.6187891416609	-130.085998166109
			90.8784418326112	-130.085998166109
			91.1380945235616	-130.34565085706
			91.3977472145119	-130.34565085706
			91.6573999054622	-130.34565085706
			91.9170525964125	-130.60530354801
			92.1767052873628	-130.86495623896
			92.4363579783132	-130.86495623896
		</Left_Wing>
		<Right_Wing type=matrix rownames=FALSE colnames=FALSE nrow=46 ncol=2 as.numeric=TRUE >
			92.4363579783132	-130.86495623896
			92.6960106692635	-130.60530354801
			92.9556633602138	-130.60530354801
			93.2153160511641	-130.60530354801
			93.4749687421144	-130.34565085706
			93.7346214330647	-130.34565085706
			93.9942741240151	-130.085998166109
			94.2539268149654	-130.085998166109
			94.5135795059157	-129.826345475159
			94.5135795059157	-129.566692784209
			94.773232196866	-129.566692784209
			94.773232196866	-129.307040093258
			94.773232196866	-129.047387402308
			94.773232196866	-128.787734711358
			94.773232196866	-128.528082020407
			94.773232196866	-128.268429329457
			94.773232196866	-128.008776638507
			94.773232196866	-127.749123947556
			95.0328848878163	-127.489471256606
			95.0328848878163	-127.229818565656
			95.0328848878163	-126.970165874705
			95.0328848878163	-126.710513183755
			95.0328848878163	-126.450860492805
			95.0328848878163	-126.191207801854
			95.0328848878163	-125.931555110904
			95.0328848878163	-125.671902419954
			95.0328848878163	-125.412249729004
			95.0328848878163	-125.152597038053
			95.0328848878163	-124.892944347103
			95.0328848878163	-124.633291656153
			95.0328848878163	-124.373638965202
			95.2925375787667	-124.373638965202
			95.2925375787667	-124.113986274252
			95.2925375787667	-123.854333583302
			95.552190269717	-123.854333583302
			95.552190269717	-123.594680892351
			95.8118429606673	-123.335028201401
			96.0714956516176	-123.335028201401
			96.3311483425679	-123.335028201401
			96.5908010335182	-123.335028201401
			96.8504537244686	-123.335028201401
			97.1101064154189	-123.335028201401
			97.3697591063692	-123.594680892351
			97.6294117973195	-123.594680892351
			97.8890644882698	-123.594680892351
			98.1487171792201	-123.594680892351
		</Right_Wing>
		<Right_Side type=matrix rownames=FALSE colnames=FALSE nrow=96 ncol=2 as.numeric=TRUE >
			98.1487171792201	-123.594680892351
			98.1487171792201	-123.335028201401
			98.4083698701705	-123.335028201401
			98.4083698701705	-123.075375510451
			98.4083698701705	-122.8157228195
			98.6680225611208	-122.55607012855
			98.6680225611208	-122.2964174376
			98.6680225611208	-122.036764746649
			98.6680225611208	-121.777112055699
			98.6680225611208	-121.517459364749
			98.6680225611208	-121.257806673798
			98.4083698701705	-120.998153982848
			98.4083698701705	-120.738501291898
			98.1487171792201	-120.478848600947
			98.1487171792201	-120.219195909997
			97.8890644882698	-119.959543219047
			97.8890644882698	-119.699890528097
			97.6294117973195	-119.440237837146
			97.6294117973195	-119.180585146196
			97.6294117973195	-118.920932455246
			97.3697591063692	-118.661279764295
			97.3697591063692	-118.401627073345
			97.3697591063692	-118.141974382395
			97.3697591063692	-117.882321691444
			97.1101064154189	-117.622669000494
			97.1101064154189	-117.363016309544
			97.1101064154189	-117.103363618593
			97.1101064154189	-116.843710927643
			97.3697591063692	-116.584058236693
			97.3697591063692	-116.324405545742
			97.3697591063692	-116.064752854792
			97.3697591063692	-115.805100163842
			97.3697591063692	-115.545447472891
			97.3697591063692	-115.285794781941
			97.1101064154189	-115.026142090991
			97.1101064154189	-114.76648940004
			96.8504537244686	-114.50683670909
			96.8504537244686	-114.24718401814
			96.8504537244686	-113.98753132719
			96.8504537244686	-113.727878636239
			96.5908010335182	-113.468225945289
			96.5908010335182	-113.208573254339
			96.5908010335182	-112.948920563388
			96.5908010335182	-112.689267872438
			96.5908010335182	-112.429615181488
			96.5908010335182	-112.169962490537
			96.5908010335182	-111.910309799587
			96.5908010335182	-111.650657108637
			96.5908010335182	-111.391004417686
			96.3311483425679	-111.131351726736
			96.0714956516176	-111.131351726736
			96.0714956516176	-110.871699035786
			95.8118429606673	-110.612046344835
			95.8118429606673	-110.352393653885
			95.8118429606673	-110.092740962935
			96.0714956516176	-109.833088271984
			96.0714956516176	-109.573435581034
			96.0714956516176	-109.313782890084
			96.0714956516176	-109.054130199133
			96.0714956516176	-108.794477508183
			95.8118429606673	-108.534824817233
			95.8118429606673	-108.275172126283
			95.8118429606673	-108.015519435332
			95.8118429606673	-107.755866744382
			95.8118429606673	-107.496214053432
			95.8118429606673	-107.236561362481
			95.8118429606673	-106.976908671531
			95.8118429606673	-106.717255980581
			95.8118429606673	-106.45760328963
			95.552190269717	-106.19795059868
			95.552190269717	-105.93829790773
			95.2925375787667	-105.678645216779
			95.2925375787667	-105.418992525829
			95.0328848878163	-105.159339834879
			95.0328848878163	-104.899687143928
			95.0328848878163	-104.640034452978
			94.773232196866	-104.640034452978
			94.773232196866	-104.380381762028
			94.773232196866	-104.120729071077
			94.773232196866	-103.861076380127
			94.5135795059157	-103.601423689177
			94.5135795059157	-103.341770998227
			94.2539268149654	-103.082118307276
			93.9942741240151	-102.822465616326
			93.9942741240151	-102.562812925376
			93.7346214330647	-102.303160234425
			93.7346214330647	-102.043507543475
			93.7346214330647	-101.783854852525
			93.7346214330647	-101.524202161574
			93.7346214330647	-101.264549470624
			93.4749687421144	-101.004896779674
			93.2153160511641	-100.745244088723
			92.9556633602138	-100.485591397773
			92.6960106692635	-100.485591397773
			92.4363579783132	-100.485591397773
			92.1767052873628	-100.485591397773
		</Right_Side>
	</curves.scaled>
	<ruler.points type=matrix rownames=TRUE colnames=FALSE nrow=3 ncol=2 as.numeric=TRUE >
		Ruler point 1	324	559
		Ruler point 2	363	561
		Ruler point 3	401	561
	</ruler.points>
</shapes>

