<shapes type=list>
	<ruler.pixel type=vector names=FALSE length=1 as.numeric=TRUE >32.5037212341303</ruler.pixel>
	<ruler.interval type=vector names=FALSE length=1 as.numeric=TRUE >10</ruler.interval>
	<scaling.units type=vector names=FALSE length=1 as.numeric=FALSE >mm</scaling.units>
	<scaling type=vector names=FALSE length=1 as.numeric=TRUE >0.307657081106749</scaling>
	<landmarks.pixel type=matrix rownames=TRUE colnames=FALSE nrow=4 ncol=2 as.numeric=TRUE >
		Point_Tip	218	118
		Left_Tang_Center	172	205
		Base_Center	220	236
		Right_Tang_Center	259	199
	</landmarks.pixel>
	<landmarks.scaled type=matrix rownames=TRUE colnames=FALSE nrow=4 ncol=2 as.numeric=TRUE >
		Point_Tip	67.0692436812713	-36.3035355705964
		Left_Tang_Center	52.9170179503609	-63.0697016268836
		Base_Center	67.6845578434848	-72.6070711411928
		Right_Tang_Center	79.683184006648	-61.2237591402431
	</landmarks.scaled>
	<curves.control type=list>
		<Left_Side type=matrix rownames=FALSE colnames=FALSE nrow=35 ncol=2 as.numeric=TRUE >
			218	118
			216	119
			216	121
			214	122
			215	124
			213	126
			212	128
			212	130
			211	130
			211	136
			208	137
			208	139
			206	140
			207	146
			203	146
			203	150
			201	151
			201	154
			196	158
			196	162
			192	163
			192	167
			190	168
			190	173
			188	174
			188	182
			184	183
			183	187
			181	188
			179	192
			177	192
			177	196
			173	198
			173	201
			172	205
		</Left_Side>
		<Left_Wing type=matrix rownames=FALSE colnames=FALSE nrow=19 ncol=2 as.numeric=TRUE >
			172	205
			183	204
			190	203
			196	202
			199	200
			200	197
			201	196
			203	195
			205	197
			206	205
			207	211
			209	214
			210	222
			211	226
			214	229
			218	232
			217	236
			218	237
			220	236
		</Left_Wing>
		<Right_Wing type=matrix rownames=FALSE colnames=FALSE nrow=21 ncol=2 as.numeric=TRUE >
			220	236
			225	233
			229	225
			230	223
			230	218
			233	215
			231	213
			231	211
			232	209
			232	207
			233	205
			232	199
			235	198
			238	196
			240	199
			244	200
			249	202
			253	203
			256	203
			257	200
			259	199
		</Right_Wing>
		<Right_Side type=matrix rownames=FALSE colnames=FALSE nrow=33 ncol=2 as.numeric=TRUE >
			259	199
			259	194
			258	191
			257	187
			254	185
			254	182
			254	180
			253	179
			249	177
			249	172
			248	170
			245	169
			245	165
			241	165
			242	159
			240	158
			237	156
			237	153
			236	151
			234	150
			233	146
			232	144
			231	143
			228	139
			226	136
			226	133
			224	133
			224	130
			222	128
			221	123
			220	120
			219	118
			218	118
		</Right_Side>
	</curves.control>
	<curves.pixel type=list>
		<Left_Side type=matrix rownames=FALSE colnames=FALSE nrow=103 ncol=2 as.numeric=TRUE >
			218	118
			217	118
			217	119
			216	120
			216	121
			215	122
			215	123
			215	124
			214	125
			213	126
			213	127
			212	128
			212	129
			212	130
			211	130
			211	131
			211	132
			211	133
			210	134
			210	135
			210	136
			209	137
			208	137
			208	138
			207	139
			207	140
			206	140
			206	141
			206	142
			206	143
			206	144
			206	145
			205	145
			204	146
			203	146
			203	147
			203	148
			203	149
			202	149
			202	150
			202	151
			201	151
			201	152
			201	153
			200	154
			199	155
			199	156
			198	156
			197	157
			196	158
			196	159
			196	160
			195	161
			194	162
			193	163
			192	163
			192	164
			192	165
			191	166
			191	167
			191	168
			190	168
			190	169
			190	170
			190	171
			190	172
			189	172
			189	173
			189	174
			188	175
			188	176
			188	177
			188	178
			187	179
			187	180
			187	181
			186	182
			185	183
			184	183
			184	184
			183	185
			183	186
			182	187
			181	188
			181	189
			180	190
			179	191
			178	191
			178	192
			177	192
			177	193
			177	194
			176	195
			176	196
			175	197
			174	198
			173	199
			173	200
			173	201
			173	202
			172	203
			172	204
			172	205
		</Left_Side>
		<Left_Wing type=matrix rownames=FALSE colnames=FALSE nrow=80 ncol=2 as.numeric=TRUE >
			172	205
			173	205
			174	205
			175	205
			176	205
			177	205
			178	204
			179	204
			180	204
			181	204
			182	204
			183	204
			184	204
			185	204
			186	204
			187	203
			188	203
			189	203
			190	203
			191	203
			192	203
			193	202
			194	202
			195	202
			196	201
			197	201
			198	201
			199	200
			199	199
			200	199
			200	198
			200	197
			201	196
			202	196
			203	196
			204	196
			205	197
			205	198
			205	199
			205	200
			206	201
			206	202
			206	203
			206	204
			206	205
			206	206
			206	207
			207	208
			207	209
			207	210
			207	211
			207	212
			208	213
			208	214
			209	215
			209	216
			209	217
			209	218
			210	219
			210	220
			210	221
			210	222
			210	223
			211	224
			211	225
			211	226
			212	226
			212	227
			213	228
			214	229
			215	230
			216	231
			217	232
			217	233
			217	234
			217	235
			217	236
			218	236
			219	236
			220	236
		</Left_Wing>
		<Right_Wing type=matrix rownames=FALSE colnames=FALSE nrow=68 ncol=2 as.numeric=TRUE >
			220	236
			221	235
			222	234
			223	234
			224	233
			225	232
			225	231
			226	230
			227	229
			227	228
			228	227
			229	226
			229	225
			229	224
			230	223
			230	222
			230	221
			230	220
			230	219
			230	218
			231	217
			232	216
			232	215
			231	214
			231	213
			231	212
			231	211
			232	210
			232	209
			232	208
			232	207
			233	206
			233	205
			233	204
			233	203
			233	202
			233	201
			233	200
			234	199
			234	198
			235	198
			236	197
			237	197
			238	197
			239	198
			240	199
			241	199
			242	200
			243	200
			244	200
			245	201
			246	201
			247	201
			248	202
			249	202
			250	202
			251	202
			252	203
			253	203
			254	203
			255	203
			256	203
			256	202
			257	202
			257	201
			257	200
			258	200
			259	199
		</Right_Wing>
		<Right_Side type=matrix rownames=FALSE colnames=FALSE nrow=95 ncol=2 as.numeric=TRUE >
			259	199
			259	198
			259	197
			259	196
			259	195
			259	194
			258	193
			258	192
			258	191
			258	190
			257	189
			257	188
			256	187
			255	186
			255	185
			254	185
			254	184
			254	183
			254	182
			254	181
			254	180
			253	179
			252	178
			251	178
			250	177
			249	176
			249	175
			249	174
			249	173
			249	172
			248	171
			248	170
			247	170
			246	169
			246	168
			245	167
			245	166
			245	165
			244	165
			243	165
			243	164
			242	163
			242	162
			242	161
			242	160
			242	159
			241	159
			241	158
			240	158
			239	157
			238	156
			237	155
			237	154
			237	153
			236	152
			236	151
			235	150
			234	149
			234	148
			233	147
			233	146
			233	145
			232	145
			232	144
			231	144
			231	143
			230	142
			229	141
			229	140
			228	139
			227	138
			226	137
			226	136
			226	135
			226	134
			225	133
			224	133
			224	132
			224	131
			223	130
			223	129
			222	129
			222	128
			222	127
			222	126
			221	125
			221	124
			221	123
			220	122
			220	121
			220	120
			220	119
			219	119
			219	118
			218	118
		</Right_Side>
	</curves.pixel>
	<curves.scaled type=list>
		<Left_Side type=matrix rownames=FALSE colnames=FALSE nrow=103 ncol=2 as.numeric=TRUE >
			67.0692436812713	-36.3035355705964
			66.7615866001646	-36.3035355705964
			66.7615866001646	-36.6111926517032
			66.4539295190578	-36.9188497328099
			66.4539295190578	-37.2265068139167
			66.1462724379511	-37.5341638950234
			66.1462724379511	-37.8418209761302
			66.1462724379511	-38.1494780572369
			65.8386153568443	-38.4571351383437
			65.5309582757376	-38.7647922194504
			65.5309582757376	-39.0724493005572
			65.2233011946308	-39.3801063816639
			65.2233011946308	-39.6877634627706
			65.2233011946308	-39.9954205438774
			64.9156441135241	-39.9954205438774
			64.9156441135241	-40.3030776249841
			64.9156441135241	-40.6107347060909
			64.9156441135241	-40.9183917871976
			64.6079870324173	-41.2260488683044
			64.6079870324173	-41.5337059494111
			64.6079870324173	-41.8413630305179
			64.3003299513106	-42.1490201116246
			63.9926728702038	-42.1490201116246
			63.9926728702038	-42.4566771927314
			63.6850157890971	-42.7643342738381
			63.6850157890971	-43.0719913549449
			63.3773587079903	-43.0719913549449
			63.3773587079903	-43.3796484360516
			63.3773587079903	-43.6873055171584
			63.3773587079903	-43.9949625982651
			63.3773587079903	-44.3026196793719
			63.3773587079903	-44.6102767604786
			63.0697016268836	-44.6102767604786
			62.7620445457768	-44.9179338415854
			62.4543874646701	-44.9179338415854
			62.4543874646701	-45.2255909226921
			62.4543874646701	-45.5332480037989
			62.4543874646701	-45.8409050849056
			62.1467303835633	-45.8409050849056
			62.1467303835633	-46.1485621660124
			62.1467303835633	-46.4562192471191
			61.8390733024566	-46.4562192471191
			61.8390733024566	-46.7638763282259
			61.8390733024566	-47.0715334093326
			61.5314162213498	-47.3791904904394
			61.2237591402431	-47.6868475715461
			61.2237591402431	-47.9945046526529
			60.9161020591363	-47.9945046526529
			60.6084449780296	-48.3021617337596
			60.3007878969228	-48.6098188148664
			60.3007878969228	-48.9174758959731
			60.3007878969228	-49.2251329770799
			59.9931308158161	-49.5327900581866
			59.6854737347093	-49.8404471392934
			59.3778166536026	-50.1481042204001
			59.0701595724959	-50.1481042204001
			59.0701595724959	-50.4557613015069
			59.0701595724959	-50.7634183826136
			58.7625024913891	-51.0710754637204
			58.7625024913891	-51.3787325448271
			58.7625024913891	-51.6863896259339
			58.4548454102824	-51.6863896259339
			58.4548454102824	-51.9940467070406
			58.4548454102824	-52.3017037881474
			58.4548454102824	-52.6093608692541
			58.4548454102824	-52.9170179503609
			58.1471883291756	-52.9170179503609
			58.1471883291756	-53.2246750314676
			58.1471883291756	-53.5323321125744
			57.8395312480689	-53.8399891936811
			57.8395312480689	-54.1476462747879
			57.8395312480689	-54.4553033558946
			57.8395312480689	-54.7629604370014
			57.5318741669621	-55.0706175181081
			57.5318741669621	-55.3782745992149
			57.5318741669621	-55.6859316803216
			57.2242170858554	-55.9935887614284
			56.9165600047486	-56.3012458425351
			56.6089029236419	-56.3012458425351
			56.6089029236419	-56.6089029236419
			56.3012458425351	-56.9165600047486
			56.3012458425351	-57.2242170858554
			55.9935887614284	-57.5318741669621
			55.6859316803216	-57.8395312480689
			55.6859316803216	-58.1471883291756
			55.3782745992149	-58.4548454102824
			55.0706175181081	-58.7625024913891
			54.7629604370014	-58.7625024913891
			54.7629604370014	-59.0701595724959
			54.4553033558946	-59.0701595724959
			54.4553033558946	-59.3778166536026
			54.4553033558946	-59.6854737347093
			54.1476462747879	-59.9931308158161
			54.1476462747879	-60.3007878969228
			53.8399891936811	-60.6084449780296
			53.5323321125744	-60.9161020591363
			53.2246750314676	-61.2237591402431
			53.2246750314676	-61.5314162213498
			53.2246750314676	-61.8390733024566
			53.2246750314676	-62.1467303835633
			52.9170179503609	-62.4543874646701
			52.9170179503609	-62.7620445457768
			52.9170179503609	-63.0697016268836
		</Left_Side>
		<Left_Wing type=matrix rownames=FALSE colnames=FALSE nrow=80 ncol=2 as.numeric=TRUE >
			52.9170179503609	-63.0697016268836
			53.2246750314676	-63.0697016268836
			53.5323321125744	-63.0697016268836
			53.8399891936811	-63.0697016268836
			54.1476462747879	-63.0697016268836
			54.4553033558946	-63.0697016268836
			54.7629604370014	-62.7620445457768
			55.0706175181081	-62.7620445457768
			55.3782745992149	-62.7620445457768
			55.6859316803216	-62.7620445457768
			55.9935887614284	-62.7620445457768
			56.3012458425351	-62.7620445457768
			56.6089029236419	-62.7620445457768
			56.9165600047486	-62.7620445457768
			57.2242170858554	-62.7620445457768
			57.5318741669621	-62.4543874646701
			57.8395312480689	-62.4543874646701
			58.1471883291756	-62.4543874646701
			58.4548454102824	-62.4543874646701
			58.7625024913891	-62.4543874646701
			59.0701595724959	-62.4543874646701
			59.3778166536026	-62.1467303835633
			59.6854737347093	-62.1467303835633
			59.9931308158161	-62.1467303835633
			60.3007878969228	-61.8390733024566
			60.6084449780296	-61.8390733024566
			60.9161020591363	-61.8390733024566
			61.2237591402431	-61.5314162213498
			61.2237591402431	-61.2237591402431
			61.5314162213498	-61.2237591402431
			61.5314162213498	-60.9161020591363
			61.5314162213498	-60.6084449780296
			61.8390733024566	-60.3007878969228
			62.1467303835633	-60.3007878969228
			62.4543874646701	-60.3007878969228
			62.7620445457768	-60.3007878969228
			63.0697016268836	-60.6084449780296
			63.0697016268836	-60.9161020591363
			63.0697016268836	-61.2237591402431
			63.0697016268836	-61.5314162213498
			63.3773587079903	-61.8390733024566
			63.3773587079903	-62.1467303835633
			63.3773587079903	-62.4543874646701
			63.3773587079903	-62.7620445457768
			63.3773587079903	-63.0697016268836
			63.3773587079903	-63.3773587079903
			63.3773587079903	-63.6850157890971
			63.6850157890971	-63.9926728702038
			63.6850157890971	-64.3003299513106
			63.6850157890971	-64.6079870324173
			63.6850157890971	-64.9156441135241
			63.6850157890971	-65.2233011946308
			63.9926728702038	-65.5309582757376
			63.9926728702038	-65.8386153568443
			64.3003299513106	-66.1462724379511
			64.3003299513106	-66.4539295190578
			64.3003299513106	-66.7615866001646
			64.3003299513106	-67.0692436812713
			64.6079870324173	-67.3769007623781
			64.6079870324173	-67.6845578434848
			64.6079870324173	-67.9922149245916
			64.6079870324173	-68.2998720056983
			64.6079870324173	-68.6075290868051
			64.9156441135241	-68.9151861679118
			64.9156441135241	-69.2228432490186
			64.9156441135241	-69.5305003301253
			65.2233011946308	-69.5305003301253
			65.2233011946308	-69.8381574112321
			65.5309582757376	-70.1458144923388
			65.8386153568443	-70.4534715734456
			66.1462724379511	-70.7611286545523
			66.4539295190578	-71.0687857356591
			66.7615866001646	-71.3764428167658
			66.7615866001646	-71.6840998978726
			66.7615866001646	-71.9917569789793
			66.7615866001646	-72.2994140600861
			66.7615866001646	-72.6070711411928
			67.0692436812713	-72.6070711411928
			67.3769007623781	-72.6070711411928
			67.6845578434848	-72.6070711411928
		</Left_Wing>
		<Right_Wing type=matrix rownames=FALSE colnames=FALSE nrow=68 ncol=2 as.numeric=TRUE >
			67.6845578434848	-72.6070711411928
			67.9922149245916	-72.2994140600861
			68.2998720056983	-71.9917569789793
			68.6075290868051	-71.9917569789793
			68.9151861679118	-71.6840998978726
			69.2228432490186	-71.3764428167658
			69.2228432490186	-71.0687857356591
			69.5305003301253	-70.7611286545523
			69.8381574112321	-70.4534715734456
			69.8381574112321	-70.1458144923388
			70.1458144923388	-69.8381574112321
			70.4534715734456	-69.5305003301253
			70.4534715734456	-69.2228432490186
			70.4534715734456	-68.9151861679118
			70.7611286545523	-68.6075290868051
			70.7611286545523	-68.2998720056983
			70.7611286545523	-67.9922149245916
			70.7611286545523	-67.6845578434848
			70.7611286545523	-67.3769007623781
			70.7611286545523	-67.0692436812713
			71.0687857356591	-66.7615866001646
			71.3764428167658	-66.4539295190578
			71.3764428167658	-66.1462724379511
			71.0687857356591	-65.8386153568443
			71.0687857356591	-65.5309582757376
			71.0687857356591	-65.2233011946308
			71.0687857356591	-64.9156441135241
			71.3764428167658	-64.6079870324173
			71.3764428167658	-64.3003299513106
			71.3764428167658	-63.9926728702038
			71.3764428167658	-63.6850157890971
			71.6840998978726	-63.3773587079903
			71.6840998978726	-63.0697016268836
			71.6840998978726	-62.7620445457768
			71.6840998978726	-62.4543874646701
			71.6840998978726	-62.1467303835633
			71.6840998978726	-61.8390733024566
			71.6840998978726	-61.5314162213498
			71.9917569789793	-61.2237591402431
			71.9917569789793	-60.9161020591363
			72.2994140600861	-60.9161020591363
			72.6070711411928	-60.6084449780296
			72.9147282222996	-60.6084449780296
			73.2223853034063	-60.6084449780296
			73.5300423845131	-60.9161020591363
			73.8376994656198	-61.2237591402431
			74.1453565467266	-61.2237591402431
			74.4530136278333	-61.5314162213498
			74.7606707089401	-61.5314162213498
			75.0683277900468	-61.5314162213498
			75.3759848711536	-61.8390733024566
			75.6836419522603	-61.8390733024566
			75.9912990333671	-61.8390733024566
			76.2989561144738	-62.1467303835633
			76.6066131955806	-62.1467303835633
			76.9142702766873	-62.1467303835633
			77.2219273577941	-62.1467303835633
			77.5295844389008	-62.4543874646701
			77.8372415200076	-62.4543874646701
			78.1448986011143	-62.4543874646701
			78.452555682221	-62.4543874646701
			78.7602127633278	-62.4543874646701
			78.7602127633278	-62.1467303835633
			79.0678698444346	-62.1467303835633
			79.0678698444346	-61.8390733024566
			79.0678698444346	-61.5314162213498
			79.3755269255413	-61.5314162213498
			79.683184006648	-61.2237591402431
		</Right_Wing>
		<Right_Side type=matrix rownames=FALSE colnames=FALSE nrow=95 ncol=2 as.numeric=TRUE >
			79.683184006648	-61.2237591402431
			79.683184006648	-60.9161020591363
			79.683184006648	-60.6084449780296
			79.683184006648	-60.3007878969228
			79.683184006648	-59.9931308158161
			79.683184006648	-59.6854737347093
			79.3755269255413	-59.3778166536026
			79.3755269255413	-59.0701595724959
			79.3755269255413	-58.7625024913891
			79.3755269255413	-58.4548454102824
			79.0678698444346	-58.1471883291756
			79.0678698444346	-57.8395312480689
			78.7602127633278	-57.5318741669621
			78.452555682221	-57.2242170858554
			78.452555682221	-56.9165600047486
			78.1448986011143	-56.9165600047486
			78.1448986011143	-56.6089029236419
			78.1448986011143	-56.3012458425351
			78.1448986011143	-55.9935887614284
			78.1448986011143	-55.6859316803216
			78.1448986011143	-55.3782745992149
			77.8372415200076	-55.0706175181081
			77.5295844389008	-54.7629604370014
			77.2219273577941	-54.7629604370014
			76.9142702766873	-54.4553033558946
			76.6066131955806	-54.1476462747879
			76.6066131955806	-53.8399891936811
			76.6066131955806	-53.5323321125744
			76.6066131955806	-53.2246750314676
			76.6066131955806	-52.9170179503609
			76.2989561144738	-52.6093608692541
			76.2989561144738	-52.3017037881474
			75.9912990333671	-52.3017037881474
			75.6836419522603	-51.9940467070406
			75.6836419522603	-51.6863896259339
			75.3759848711536	-51.3787325448271
			75.3759848711536	-51.0710754637204
			75.3759848711536	-50.7634183826136
			75.0683277900468	-50.7634183826136
			74.7606707089401	-50.7634183826136
			74.7606707089401	-50.4557613015069
			74.4530136278333	-50.1481042204001
			74.4530136278333	-49.8404471392934
			74.4530136278333	-49.5327900581866
			74.4530136278333	-49.2251329770799
			74.4530136278333	-48.9174758959731
			74.1453565467266	-48.9174758959731
			74.1453565467266	-48.6098188148664
			73.8376994656198	-48.6098188148664
			73.5300423845131	-48.3021617337596
			73.2223853034063	-47.9945046526529
			72.9147282222996	-47.6868475715461
			72.9147282222996	-47.3791904904394
			72.9147282222996	-47.0715334093326
			72.6070711411928	-46.7638763282259
			72.6070711411928	-46.4562192471191
			72.2994140600861	-46.1485621660124
			71.9917569789793	-45.8409050849056
			71.9917569789793	-45.5332480037989
			71.6840998978726	-45.2255909226921
			71.6840998978726	-44.9179338415854
			71.6840998978726	-44.6102767604786
			71.3764428167658	-44.6102767604786
			71.3764428167658	-44.3026196793719
			71.0687857356591	-44.3026196793719
			71.0687857356591	-43.9949625982651
			70.7611286545523	-43.6873055171584
			70.4534715734456	-43.3796484360516
			70.4534715734456	-43.0719913549449
			70.1458144923388	-42.7643342738381
			69.8381574112321	-42.4566771927314
			69.5305003301253	-42.1490201116246
			69.5305003301253	-41.8413630305179
			69.5305003301253	-41.5337059494111
			69.5305003301253	-41.2260488683044
			69.2228432490186	-40.9183917871976
			68.9151861679118	-40.9183917871976
			68.9151861679118	-40.6107347060909
			68.9151861679118	-40.3030776249841
			68.6075290868051	-39.9954205438774
			68.6075290868051	-39.6877634627706
			68.2998720056983	-39.6877634627706
			68.2998720056983	-39.3801063816639
			68.2998720056983	-39.0724493005572
			68.2998720056983	-38.7647922194504
			67.9922149245916	-38.4571351383437
			67.9922149245916	-38.1494780572369
			67.9922149245916	-37.8418209761302
			67.6845578434848	-37.5341638950234
			67.6845578434848	-37.2265068139167
			67.6845578434848	-36.9188497328099
			67.6845578434848	-36.6111926517032
			67.3769007623781	-36.6111926517032
			67.3769007623781	-36.3035355705964
			67.0692436812713	-36.3035355705964
		</Right_Side>
	</curves.scaled>
	<ruler.points type=matrix rownames=TRUE colnames=FALSE nrow=3 ncol=2 as.numeric=TRUE >
		Ruler point 1	364	477
		Ruler point 2	396	478
		Ruler point 3	429	478
	</ruler.points>
</shapes>

