<shapes type=list>
	<ruler.interval type=vector names=FALSE length=1 as.numeric=TRUE >10</ruler.interval>
	<scaling.units type=vector names=FALSE length=1 as.numeric=FALSE >mm</scaling.units>
	<scaling type=vector names=FALSE length=1 as.numeric=TRUE >0.312461860010254</scaling>
	<landmarks.pixel type=matrix rownames=TRUE colnames=FALSE nrow=4 ncol=2 as.numeric=TRUE >
		Point_Tip	318	559
		Left_Tang_Center	283	696
		Base_Center	317	739
		Right_Tang_Center	356	706
	</landmarks.pixel>
	<landmarks.scaled type=matrix rownames=TRUE colnames=FALSE nrow=4 ncol=2 as.numeric=TRUE >
		Point_Tip	99.3628714832607	-174.666179745732
		Left_Tang_Center	88.4267063829018	-217.473454567137
		Base_Center	99.0504096232504	-230.909314547578
		Right_Tang_Center	111.23642216365	-220.598073167239
	</landmarks.scaled>
	<curves.control type=list>
		<Left_Side type=matrix rownames=FALSE colnames=FALSE nrow=35 ncol=2 as.numeric=TRUE >
			318	559
			315	559
			315	562
			313	571
			307	579
			307	584
			302	587
			306	592
			300	596
			303	601
			295	606
			296	609
			294	612
			295	616
			292	619
			292	622
			293	624
			292	629
			288	632
			290	638
			286	641
			286	648
			284	652
			287	655
			284	658
			291	663
			281	666
			285	672
			280	674
			281	678
			277	683
			279	687
			276	691
			279	694
			283	696
		</Left_Side>
		<Left_Wing type=matrix rownames=FALSE colnames=FALSE nrow=13 ncol=2 as.numeric=TRUE >
			283	696
			287	698
			291	700
			300	695
			300	699
			306	709
			304	722
			307	726
			307	733
			311	734
			312	739
			315	740
			317	739
		</Left_Wing>
		<Right_Wing type=matrix rownames=FALSE colnames=FALSE nrow=13 ncol=2 as.numeric=TRUE >
			317	739
			321	738
			322	732
			326	729
			325	721
			328	716
			328	709
			328	702
			330	698
			336	699
			347	706
			353	707
			356	706
		</Right_Wing>
		<Right_Side type=matrix rownames=FALSE colnames=FALSE nrow=33 ncol=2 as.numeric=TRUE >
			356	706
			356	702
			357	700
			355	697
			355	692
			352	689
			352	684
			347	681
			348	675
			344	671
			346	667
			346	662
			342	657
			345	646
			340	639
			344	622
			336	614
			338	607
			337	603
			333	600
			333	597
			334	594
			331	591
			331	587
			328	584
			329	580
			327	578
			327	575
			327	571
			322	570
			322	561
			321	559
			318	559
		</Right_Side>
	</curves.control>
	<curves.pixel type=list>
		<Left_Side type=matrix rownames=FALSE colnames=FALSE nrow=153 ncol=2 as.numeric=TRUE >
			318	559
			317	559
			316	559
			316	560
			315	561
			315	562
			315	563
			314	564
			314	565
			314	566
			314	567
			313	568
			313	569
			312	570
			312	571
			311	572
			311	573
			310	574
			310	575
			309	576
			308	577
			307	578
			307	579
			307	580
			307	581
			306	582
			306	583
			305	584
			304	585
			303	586
			302	587
			303	588
			303	589
			304	590
			304	591
			304	592
			303	592
			303	593
			303	594
			302	594
			301	595
			301	596
			300	596
			301	597
			301	598
			301	599
			301	600
			300	601
			300	602
			299	603
			298	604
			297	605
			296	605
			295	606
			295	607
			295	608
			295	609
			295	610
			295	611
			294	612
			294	613
			294	614
			294	615
			294	616
			294	617
			293	618
			292	619
			292	620
			292	621
			292	622
			292	623
			293	623
			293	624
			293	625
			292	626
			292	627
			292	628
			291	628
			291	629
			290	630
			290	631
			289	631
			288	632
			288	633
			288	634
			289	635
			289	636
			289	637
			288	638
			288	639
			287	640
			286	641
			286	642
			286	643
			286	644
			286	645
			286	646
			286	647
			285	648
			285	649
			285	650
			284	651
			284	652
			285	653
			285	654
			285	655
			285	656
			285	657
			284	658
			285	659
			286	660
			287	661
			287	662
			286	663
			285	664
			284	665
			283	665
			282	666
			281	666
			282	667
			282	668
			282	669
			283	670
			283	671
			282	672
			281	673
			280	674
			280	675
			280	676
			280	677
			280	678
			280	679
			279	680
			279	681
			278	682
			277	683
			277	684
			278	684
			278	685
			278	686
			278	687
			278	688
			277	689
			277	690
			276	691
			277	692
			278	693
			279	693
			279	694
			280	694
			281	695
			282	696
			283	696
		</Left_Side>
		<Left_Wing type=matrix rownames=FALSE colnames=FALSE nrow=69 ncol=2 as.numeric=TRUE >
			283	696
			284	696
			284	697
			285	697
			286	697
			287	698
			288	698
			289	699
			290	700
			291	700
			292	699
			293	699
			294	698
			295	698
			296	698
			297	698
			297	697
			298	697
			299	697
			299	698
			300	698
			300	699
			301	700
			301	701
			302	702
			302	703
			302	704
			303	705
			303	706
			303	707
			304	708
			304	709
			304	710
			304	711
			304	712
			304	713
			304	714
			304	715
			304	716
			304	717
			304	718
			304	719
			304	720
			304	721
			304	722
			305	723
			305	724
			306	725
			306	726
			306	727
			307	728
			307	729
			307	730
			307	731
			307	732
			307	733
			308	733
			309	734
			310	734
			311	735
			311	736
			312	737
			312	738
			312	739
			313	739
			314	739
			315	739
			316	739
			317	739
		</Left_Wing>
		<Right_Wing type=matrix rownames=FALSE colnames=FALSE nrow=73 ncol=2 as.numeric=TRUE >
			317	739
			318	739
			319	738
			320	737
			321	736
			321	735
			322	734
			322	733
			322	732
			323	731
			324	730
			324	729
			325	728
			325	727
			325	726
			325	725
			325	724
			325	723
			325	722
			325	721
			325	720
			326	720
			326	719
			326	718
			327	718
			327	717
			327	716
			327	715
			328	714
			328	713
			328	712
			328	711
			328	710
			328	709
			328	708
			328	707
			328	706
			328	705
			328	704
			328	703
			329	703
			329	702
			329	701
			329	700
			330	699
			330	698
			331	698
			332	699
			333	699
			334	699
			335	699
			335	700
			336	700
			337	700
			338	701
			339	701
			340	702
			341	702
			342	703
			343	703
			344	704
			345	705
			346	705
			347	706
			348	706
			349	706
			350	706
			351	706
			352	706
			353	706
			354	706
			355	706
			356	706
		</Right_Wing>
		<Right_Side type=matrix rownames=FALSE colnames=FALSE nrow=156 ncol=2 as.numeric=TRUE >
			356	706
			356	705
			356	704
			356	703
			356	702
			357	701
			357	700
			356	699
			356	698
			356	697
			355	696
			355	695
			355	694
			355	693
			355	692
			354	691
			353	690
			353	689
			353	688
			352	687
			352	686
			352	685
			351	684
			350	683
			350	682
			349	681
			348	680
			348	679
			348	678
			348	677
			348	676
			348	675
			347	674
			346	673
			346	672
			345	671
			345	670
			345	669
			345	668
			346	668
			346	667
			346	666
			346	665
			346	664
			345	663
			345	662
			344	661
			344	660
			344	659
			343	659
			343	658
			342	657
			342	656
			342	655
			343	654
			343	653
			343	652
			343	651
			343	650
			343	649
			343	648
			343	647
			343	646
			343	645
			342	644
			342	643
			342	642
			341	641
			341	640
			340	640
			340	639
			340	638
			341	637
			341	636
			341	635
			341	634
			341	633
			341	632
			341	631
			341	630
			341	629
			341	628
			341	627
			341	626
			341	625
			341	624
			341	623
			341	622
			340	621
			340	620
			339	619
			339	618
			338	617
			338	616
			337	615
			336	614
			336	613
			337	612
			337	611
			337	610
			337	609
			337	608
			337	607
			337	606
			337	605
			337	604
			336	603
			335	602
			334	601
			334	600
			333	599
			333	598
			333	597
			333	596
			333	595
			333	594
			332	593
			332	592
			331	591
			331	590
			331	589
			331	588
			330	588
			330	587
			330	586
			329	586
			329	585
			328	584
			328	583
			328	582
			328	581
			328	580
			328	579
			327	578
			327	577
			327	576
			327	575
			327	574
			327	573
			327	572
			327	571
			326	570
			325	570
			324	569
			323	568
			323	567
			322	566
			322	565
			322	564
			322	563
			322	562
			322	561
			321	560
			320	559
			319	559
			318	559
		</Right_Side>
	</curves.pixel>
	<curves.scaled type=list>
		<Left_Side type=matrix rownames=FALSE colnames=FALSE nrow=153 ncol=2 as.numeric=TRUE >
			99.3628714832607	-174.666179745732
			99.0504096232504	-174.666179745732
			98.7379477632402	-174.666179745732
			98.7379477632402	-174.978641605742
			98.4254859032299	-175.291103465752
			98.4254859032299	-175.603565325763
			98.4254859032299	-175.916027185773
			98.1130240432197	-176.228489045783
			98.1130240432197	-176.540950905793
			98.1130240432197	-176.853412765804
			98.1130240432197	-177.165874625814
			97.8005621832094	-177.478336485824
			97.8005621832094	-177.790798345834
			97.4881003231992	-178.103260205845
			97.4881003231992	-178.415722065855
			97.1756384631889	-178.728183925865
			97.1756384631889	-179.040645785875
			96.8631766031787	-179.353107645886
			96.8631766031787	-179.665569505896
			96.5507147431684	-179.978031365906
			96.2382528831582	-180.290493225916
			95.9257910231479	-180.602955085927
			95.9257910231479	-180.915416945937
			95.9257910231479	-181.227878805947
			95.9257910231479	-181.540340665957
			95.6133291631376	-181.852802525968
			95.6133291631376	-182.165264385978
			95.3008673031274	-182.477726245988
			94.9884054431171	-182.790188105998
			94.6759435831069	-183.102649966009
			94.3634817230966	-183.415111826019
			94.6759435831069	-183.727573686029
			94.6759435831069	-184.040035546039
			94.9884054431171	-184.35249740605
			94.9884054431171	-184.66495926606
			94.9884054431171	-184.97742112607
			94.6759435831069	-184.97742112607
			94.6759435831069	-185.28988298608
			94.6759435831069	-185.602344846091
			94.3634817230966	-185.602344846091
			94.0510198630864	-185.914806706101
			94.0510198630864	-186.227268566111
			93.7385580030761	-186.227268566111
			94.0510198630864	-186.539730426122
			94.0510198630864	-186.852192286132
			94.0510198630864	-187.164654146142
			94.0510198630864	-187.477116006152
			93.7385580030761	-187.789577866163
			93.7385580030761	-188.102039726173
			93.4260961430659	-188.414501586183
			93.1136342830556	-188.726963446193
			92.8011724230454	-189.039425306204
			92.4887105630351	-189.039425306204
			92.1762487030249	-189.351887166214
			92.1762487030249	-189.664349026224
			92.1762487030249	-189.976810886234
			92.1762487030249	-190.289272746245
			92.1762487030249	-190.601734606255
			92.1762487030249	-190.914196466265
			91.8637868430146	-191.226658326275
			91.8637868430146	-191.539120186286
			91.8637868430146	-191.851582046296
			91.8637868430146	-192.164043906306
			91.8637868430146	-192.476505766316
			91.8637868430146	-192.788967626327
			91.5513249830044	-193.101429486337
			91.2388631229941	-193.413891346347
			91.2388631229941	-193.726353206357
			91.2388631229941	-194.038815066368
			91.2388631229941	-194.351276926378
			91.2388631229941	-194.663738786388
			91.5513249830044	-194.663738786388
			91.5513249830044	-194.976200646398
			91.5513249830044	-195.288662506409
			91.2388631229941	-195.601124366419
			91.2388631229941	-195.913586226429
			91.2388631229941	-196.226048086439
			90.9264012629838	-196.226048086439
			90.9264012629838	-196.53850994645
			90.6139394029736	-196.85097180646
			90.6139394029736	-197.16343366647
			90.3014775429633	-197.16343366647
			89.9890156829531	-197.47589552648
			89.9890156829531	-197.788357386491
			89.9890156829531	-198.100819246501
			90.3014775429633	-198.413281106511
			90.3014775429633	-198.725742966521
			90.3014775429633	-199.038204826532
			89.9890156829531	-199.350666686542
			89.9890156829531	-199.663128546552
			89.6765538229428	-199.975590406562
			89.3640919629326	-200.288052266573
			89.3640919629326	-200.600514126583
			89.3640919629326	-200.912975986593
			89.3640919629326	-201.225437846603
			89.3640919629326	-201.537899706614
			89.3640919629326	-201.850361566624
			89.3640919629326	-202.162823426634
			89.0516301029223	-202.475285286644
			89.0516301029223	-202.787747146655
			89.0516301029223	-203.100209006665
			88.7391682429121	-203.412670866675
			88.7391682429121	-203.725132726685
			89.0516301029223	-204.037594586696
			89.0516301029223	-204.350056446706
			89.0516301029223	-204.662518306716
			89.0516301029223	-204.974980166726
			89.0516301029223	-205.287442026737
			88.7391682429121	-205.599903886747
			89.0516301029223	-205.912365746757
			89.3640919629326	-206.224827606767
			89.6765538229428	-206.537289466778
			89.6765538229428	-206.849751326788
			89.3640919629326	-207.162213186798
			89.0516301029223	-207.474675046808
			88.7391682429121	-207.787136906819
			88.4267063829018	-207.787136906819
			88.1142445228916	-208.099598766829
			87.8017826628813	-208.099598766829
			88.1142445228916	-208.412060626839
			88.1142445228916	-208.72452248685
			88.1142445228916	-209.03698434686
			88.4267063829018	-209.34944620687
			88.4267063829018	-209.66190806688
			88.1142445228916	-209.974369926891
			87.8017826628813	-210.286831786901
			87.4893208028711	-210.599293646911
			87.4893208028711	-210.911755506921
			87.4893208028711	-211.224217366932
			87.4893208028711	-211.536679226942
			87.4893208028711	-211.849141086952
			87.4893208028711	-212.161602946962
			87.1768589428608	-212.474064806973
			87.1768589428608	-212.786526666983
			86.8643970828505	-213.098988526993
			86.5519352228403	-213.411450387003
			86.5519352228403	-213.723912247014
			86.8643970828505	-213.723912247014
			86.8643970828505	-214.036374107024
			86.8643970828505	-214.348835967034
			86.8643970828505	-214.661297827044
			86.8643970828505	-214.973759687055
			86.5519352228403	-215.286221547065
			86.5519352228403	-215.598683407075
			86.23947336283	-215.911145267085
			86.5519352228403	-216.223607127096
			86.8643970828505	-216.536068987106
			87.1768589428608	-216.536068987106
			87.1768589428608	-216.848530847116
			87.4893208028711	-216.848530847116
			87.8017826628813	-217.160992707126
			88.1142445228916	-217.473454567137
			88.4267063829018	-217.473454567137
		</Left_Side>
		<Left_Wing type=matrix rownames=FALSE colnames=FALSE nrow=69 ncol=2 as.numeric=TRUE >
			88.4267063829018	-217.473454567137
			88.7391682429121	-217.473454567137
			88.7391682429121	-217.785916427147
			89.0516301029223	-217.785916427147
			89.3640919629326	-217.785916427147
			89.6765538229428	-218.098378287157
			89.9890156829531	-218.098378287157
			90.3014775429633	-218.410840147167
			90.6139394029736	-218.723302007178
			90.9264012629838	-218.723302007178
			91.2388631229941	-218.410840147167
			91.5513249830044	-218.410840147167
			91.8637868430146	-218.098378287157
			92.1762487030249	-218.098378287157
			92.4887105630351	-218.098378287157
			92.8011724230454	-218.098378287157
			92.8011724230454	-217.785916427147
			93.1136342830556	-217.785916427147
			93.4260961430659	-217.785916427147
			93.4260961430659	-218.098378287157
			93.7385580030761	-218.098378287157
			93.7385580030761	-218.410840147167
			94.0510198630864	-218.723302007178
			94.0510198630864	-219.035763867188
			94.3634817230966	-219.348225727198
			94.3634817230966	-219.660687587208
			94.3634817230966	-219.973149447219
			94.6759435831069	-220.285611307229
			94.6759435831069	-220.598073167239
			94.6759435831069	-220.910535027249
			94.9884054431171	-221.22299688726
			94.9884054431171	-221.53545874727
			94.9884054431171	-221.84792060728
			94.9884054431171	-222.16038246729
			94.9884054431171	-222.472844327301
			94.9884054431171	-222.785306187311
			94.9884054431171	-223.097768047321
			94.9884054431171	-223.410229907331
			94.9884054431171	-223.722691767342
			94.9884054431171	-224.035153627352
			94.9884054431171	-224.347615487362
			94.9884054431171	-224.660077347372
			94.9884054431171	-224.972539207383
			94.9884054431171	-225.285001067393
			94.9884054431171	-225.597462927403
			95.3008673031274	-225.909924787413
			95.3008673031274	-226.222386647424
			95.6133291631376	-226.534848507434
			95.6133291631376	-226.847310367444
			95.6133291631376	-227.159772227455
			95.9257910231479	-227.472234087465
			95.9257910231479	-227.784695947475
			95.9257910231479	-228.097157807485
			95.9257910231479	-228.409619667496
			95.9257910231479	-228.722081527506
			95.9257910231479	-229.034543387516
			96.2382528831582	-229.034543387516
			96.5507147431684	-229.347005247526
			96.8631766031787	-229.347005247526
			97.1756384631889	-229.659467107537
			97.1756384631889	-229.971928967547
			97.4881003231992	-230.284390827557
			97.4881003231992	-230.596852687567
			97.4881003231992	-230.909314547578
			97.8005621832094	-230.909314547578
			98.1130240432197	-230.909314547578
			98.4254859032299	-230.909314547578
			98.7379477632402	-230.909314547578
			99.0504096232504	-230.909314547578
		</Left_Wing>
		<Right_Wing type=matrix rownames=FALSE colnames=FALSE nrow=73 ncol=2 as.numeric=TRUE >
			99.0504096232504	-230.909314547578
			99.3628714832607	-230.909314547578
			99.6753333432709	-230.596852687567
			99.9877952032812	-230.284390827557
			100.300257063291	-229.971928967547
			100.300257063291	-229.659467107537
			100.612718923302	-229.347005247526
			100.612718923302	-229.034543387516
			100.612718923302	-228.722081527506
			100.925180783312	-228.409619667496
			101.237642643322	-228.097157807485
			101.237642643322	-227.784695947475
			101.550104503332	-227.472234087465
			101.550104503332	-227.159772227455
			101.550104503332	-226.847310367444
			101.550104503332	-226.534848507434
			101.550104503332	-226.222386647424
			101.550104503332	-225.909924787413
			101.550104503332	-225.597462927403
			101.550104503332	-225.285001067393
			101.550104503332	-224.972539207383
			101.862566363343	-224.972539207383
			101.862566363343	-224.660077347372
			101.862566363343	-224.347615487362
			102.175028223353	-224.347615487362
			102.175028223353	-224.035153627352
			102.175028223353	-223.722691767342
			102.175028223353	-223.410229907331
			102.487490083363	-223.097768047321
			102.487490083363	-222.785306187311
			102.487490083363	-222.472844327301
			102.487490083363	-222.16038246729
			102.487490083363	-221.84792060728
			102.487490083363	-221.53545874727
			102.487490083363	-221.22299688726
			102.487490083363	-220.910535027249
			102.487490083363	-220.598073167239
			102.487490083363	-220.285611307229
			102.487490083363	-219.973149447219
			102.487490083363	-219.660687587208
			102.799951943373	-219.660687587208
			102.799951943373	-219.348225727198
			102.799951943373	-219.035763867188
			102.799951943373	-218.723302007178
			103.112413803384	-218.410840147167
			103.112413803384	-218.098378287157
			103.424875663394	-218.098378287157
			103.737337523404	-218.410840147167
			104.049799383415	-218.410840147167
			104.362261243425	-218.410840147167
			104.674723103435	-218.410840147167
			104.674723103435	-218.723302007178
			104.987184963445	-218.723302007178
			105.299646823456	-218.723302007178
			105.612108683466	-219.035763867188
			105.924570543476	-219.035763867188
			106.237032403486	-219.348225727198
			106.549494263497	-219.348225727198
			106.861956123507	-219.660687587208
			107.174417983517	-219.660687587208
			107.486879843527	-219.973149447219
			107.799341703538	-220.285611307229
			108.111803563548	-220.285611307229
			108.424265423558	-220.598073167239
			108.736727283568	-220.598073167239
			109.049189143579	-220.598073167239
			109.361651003589	-220.598073167239
			109.674112863599	-220.598073167239
			109.986574723609	-220.598073167239
			110.29903658362	-220.598073167239
			110.61149844363	-220.598073167239
			110.92396030364	-220.598073167239
			111.23642216365	-220.598073167239
		</Right_Wing>
		<Right_Side type=matrix rownames=FALSE colnames=FALSE nrow=156 ncol=2 as.numeric=TRUE >
			111.23642216365	-220.598073167239
			111.23642216365	-220.285611307229
			111.23642216365	-219.973149447219
			111.23642216365	-219.660687587208
			111.23642216365	-219.348225727198
			111.548884023661	-219.035763867188
			111.548884023661	-218.723302007178
			111.23642216365	-218.410840147167
			111.23642216365	-218.098378287157
			111.23642216365	-217.785916427147
			110.92396030364	-217.473454567137
			110.92396030364	-217.160992707126
			110.92396030364	-216.848530847116
			110.92396030364	-216.536068987106
			110.92396030364	-216.223607127096
			110.61149844363	-215.911145267085
			110.29903658362	-215.598683407075
			110.29903658362	-215.286221547065
			110.29903658362	-214.973759687055
			109.986574723609	-214.661297827044
			109.986574723609	-214.348835967034
			109.986574723609	-214.036374107024
			109.674112863599	-213.723912247014
			109.361651003589	-213.411450387003
			109.361651003589	-213.098988526993
			109.049189143579	-212.786526666983
			108.736727283568	-212.474064806973
			108.736727283568	-212.161602946962
			108.736727283568	-211.849141086952
			108.736727283568	-211.536679226942
			108.736727283568	-211.224217366932
			108.736727283568	-210.911755506921
			108.424265423558	-210.599293646911
			108.111803563548	-210.286831786901
			108.111803563548	-209.974369926891
			107.799341703538	-209.66190806688
			107.799341703538	-209.34944620687
			107.799341703538	-209.03698434686
			107.799341703538	-208.72452248685
			108.111803563548	-208.72452248685
			108.111803563548	-208.412060626839
			108.111803563548	-208.099598766829
			108.111803563548	-207.787136906819
			108.111803563548	-207.474675046808
			107.799341703538	-207.162213186798
			107.799341703538	-206.849751326788
			107.486879843527	-206.537289466778
			107.486879843527	-206.224827606767
			107.486879843527	-205.912365746757
			107.174417983517	-205.912365746757
			107.174417983517	-205.599903886747
			106.861956123507	-205.287442026737
			106.861956123507	-204.974980166726
			106.861956123507	-204.662518306716
			107.174417983517	-204.350056446706
			107.174417983517	-204.037594586696
			107.174417983517	-203.725132726685
			107.174417983517	-203.412670866675
			107.174417983517	-203.100209006665
			107.174417983517	-202.787747146655
			107.174417983517	-202.475285286644
			107.174417983517	-202.162823426634
			107.174417983517	-201.850361566624
			107.174417983517	-201.537899706614
			106.861956123507	-201.225437846603
			106.861956123507	-200.912975986593
			106.861956123507	-200.600514126583
			106.549494263497	-200.288052266573
			106.549494263497	-199.975590406562
			106.237032403486	-199.975590406562
			106.237032403486	-199.663128546552
			106.237032403486	-199.350666686542
			106.549494263497	-199.038204826532
			106.549494263497	-198.725742966521
			106.549494263497	-198.413281106511
			106.549494263497	-198.100819246501
			106.549494263497	-197.788357386491
			106.549494263497	-197.47589552648
			106.549494263497	-197.16343366647
			106.549494263497	-196.85097180646
			106.549494263497	-196.53850994645
			106.549494263497	-196.226048086439
			106.549494263497	-195.913586226429
			106.549494263497	-195.601124366419
			106.549494263497	-195.288662506409
			106.549494263497	-194.976200646398
			106.549494263497	-194.663738786388
			106.549494263497	-194.351276926378
			106.237032403486	-194.038815066368
			106.237032403486	-193.726353206357
			105.924570543476	-193.413891346347
			105.924570543476	-193.101429486337
			105.612108683466	-192.788967626327
			105.612108683466	-192.476505766316
			105.299646823456	-192.164043906306
			104.987184963445	-191.851582046296
			104.987184963445	-191.539120186286
			105.299646823456	-191.226658326275
			105.299646823456	-190.914196466265
			105.299646823456	-190.601734606255
			105.299646823456	-190.289272746245
			105.299646823456	-189.976810886234
			105.299646823456	-189.664349026224
			105.299646823456	-189.351887166214
			105.299646823456	-189.039425306204
			105.299646823456	-188.726963446193
			104.987184963445	-188.414501586183
			104.674723103435	-188.102039726173
			104.362261243425	-187.789577866163
			104.362261243425	-187.477116006152
			104.049799383415	-187.164654146142
			104.049799383415	-186.852192286132
			104.049799383415	-186.539730426122
			104.049799383415	-186.227268566111
			104.049799383415	-185.914806706101
			104.049799383415	-185.602344846091
			103.737337523404	-185.28988298608
			103.737337523404	-184.97742112607
			103.424875663394	-184.66495926606
			103.424875663394	-184.35249740605
			103.424875663394	-184.040035546039
			103.424875663394	-183.727573686029
			103.112413803384	-183.727573686029
			103.112413803384	-183.415111826019
			103.112413803384	-183.102649966009
			102.799951943373	-183.102649966009
			102.799951943373	-182.790188105998
			102.487490083363	-182.477726245988
			102.487490083363	-182.165264385978
			102.487490083363	-181.852802525968
			102.487490083363	-181.540340665957
			102.487490083363	-181.227878805947
			102.487490083363	-180.915416945937
			102.175028223353	-180.602955085927
			102.175028223353	-180.290493225916
			102.175028223353	-179.978031365906
			102.175028223353	-179.665569505896
			102.175028223353	-179.353107645886
			102.175028223353	-179.040645785875
			102.175028223353	-178.728183925865
			102.175028223353	-178.415722065855
			101.862566363343	-178.103260205845
			101.550104503332	-178.103260205845
			101.237642643322	-177.790798345834
			100.925180783312	-177.478336485824
			100.925180783312	-177.165874625814
			100.612718923302	-176.853412765804
			100.612718923302	-176.540950905793
			100.612718923302	-176.228489045783
			100.612718923302	-175.916027185773
			100.612718923302	-175.603565325763
			100.612718923302	-175.291103465752
			100.300257063291	-174.978641605742
			99.9877952032812	-174.666179745732
			99.6753333432709	-174.666179745732
			99.3628714832607	-174.666179745732
		</Right_Side>
	</curves.scaled>
	<ruler.points type=matrix rownames=TRUE colnames=FALSE nrow=3 ncol=2 as.numeric=TRUE >
		Ruler point 1	364	476
		Ruler point 2	396	476
		Ruler point 3	428	477
	</ruler.points>
</shapes>

