<shapes type=list>
	<ruler.pixel type=vector names=FALSE length=1 as.numeric=TRUE >34</ruler.pixel>
	<ruler.interval type=vector names=FALSE length=1 as.numeric=TRUE >10</ruler.interval>
	<scaling.units type=vector names=FALSE length=1 as.numeric=FALSE >mm</scaling.units>
	<scaling type=vector names=FALSE length=1 as.numeric=TRUE >0.294117647058824</scaling>
	<landmarks.pixel type=matrix rownames=TRUE colnames=FALSE nrow=4 ncol=2 as.numeric=TRUE >
		Point_Tip	341	163
		Left_Tang_Center	300	209
		Base_Center	338	218
		Right_Tang_Center	372	210
	</landmarks.pixel>
	<landmarks.scaled type=matrix rownames=TRUE colnames=FALSE nrow=4 ncol=2 as.numeric=TRUE >
		Point_Tip	100.294117647059	-47.9411764705882
		Left_Tang_Center	88.2352941176471	-61.4705882352941
		Base_Center	99.4117647058824	-64.1176470588235
		Right_Tang_Center	109.411764705882	-61.7647058823529
	</landmarks.scaled>
	<curves.control type=list>
		<Left_Side type=matrix rownames=FALSE colnames=FALSE nrow=11 ncol=2 as.numeric=TRUE >
			341	163
			334	171
			328	177
			326	181
			317	192
			313	192
			312	195
			306	197
			306	202
			302	206
			300	209
		</Left_Side>
		<Left_Wing type=matrix rownames=FALSE colnames=FALSE nrow=11 ncol=2 as.numeric=TRUE >
			300	209
			306	209
			308	209
			315	208
			321	207
			325	206
			325	209
			325	213
			326	217
			331	217
			338	218
		</Left_Wing>
		<Right_Wing type=matrix rownames=FALSE colnames=FALSE nrow=9 ncol=2 as.numeric=TRUE >
			338	218
			344	217
			348	216
			351	213
			350	210
			352	205
			358	207
			366	209
			372	210
		</Right_Wing>
		<Right_Side type=matrix rownames=FALSE colnames=FALSE nrow=9 ncol=2 as.numeric=TRUE >
			372	210
			369	203
			365	201
			364	197
			358	188
			353	185
			348	173
			345	168
			341	163
		</Right_Side>
	</curves.control>
	<curves.pixel type=list>
		<Left_Side type=matrix rownames=FALSE colnames=FALSE nrow=54 ncol=2 as.numeric=TRUE >
			341	163
			340	164
			339	165
			338	166
			338	167
			337	168
			336	168
			336	169
			335	170
			334	170
			334	171
			333	172
			332	173
			331	174
			330	175
			329	176
			328	177
			328	178
			327	179
			326	180
			325	181
			325	182
			324	183
			323	184
			322	185
			322	186
			321	187
			320	188
			319	189
			318	190
			318	191
			317	192
			316	192
			315	192
			314	193
			313	193
			312	194
			311	195
			310	196
			309	196
			308	197
			307	198
			307	199
			306	200
			306	201
			306	202
			305	203
			304	204
			303	205
			303	206
			302	206
			301	207
			301	208
			300	209
		</Left_Side>
		<Left_Wing type=matrix rownames=FALSE colnames=FALSE nrow=46 ncol=2 as.numeric=TRUE >
			300	209
			301	209
			302	209
			303	209
			304	209
			305	209
			306	209
			307	209
			308	209
			309	209
			310	209
			311	209
			312	208
			313	208
			314	208
			315	208
			316	208
			317	208
			318	207
			319	207
			320	207
			321	207
			322	207
			323	207
			324	207
			325	208
			325	209
			325	210
			325	211
			325	212
			325	213
			325	214
			326	215
			326	216
			327	217
			328	217
			329	217
			330	217
			331	217
			332	217
			333	217
			334	217
			335	218
			336	218
			337	218
			338	218
		</Left_Wing>
		<Right_Wing type=matrix rownames=FALSE colnames=FALSE nrow=40 ncol=2 as.numeric=TRUE >
			338	218
			339	218
			340	218
			341	217
			342	217
			343	217
			344	217
			345	217
			346	216
			347	216
			348	216
			349	215
			350	214
			350	213
			350	212
			350	211
			350	210
			351	209
			352	208
			352	207
			353	207
			354	207
			355	206
			356	207
			357	207
			358	207
			359	207
			360	207
			361	208
			362	208
			363	208
			364	208
			365	209
			366	209
			367	209
			368	209
			369	210
			370	210
			371	210
			372	210
		</Right_Wing>
		<Right_Side type=matrix rownames=FALSE colnames=FALSE nrow=52 ncol=2 as.numeric=TRUE >
			372	210
			372	209
			371	208
			371	207
			370	206
			369	205
			368	204
			367	203
			366	202
			365	201
			365	200
			364	199
			364	198
			363	197
			363	196
			362	195
			362	194
			361	193
			360	192
			360	191
			359	190
			359	189
			358	188
			357	188
			357	187
			356	186
			355	186
			355	185
			354	184
			353	183
			352	182
			352	181
			351	180
			351	179
			350	178
			350	177
			349	176
			349	175
			349	174
			348	174
			348	173
			348	172
			347	172
			347	171
			346	170
			346	169
			345	168
			344	167
			343	166
			343	165
			342	164
			341	163
		</Right_Side>
	</curves.pixel>
	<curves.scaled type=list>
		<Left_Side type=matrix rownames=FALSE colnames=FALSE nrow=54 ncol=2 as.numeric=TRUE >
			100.294117647059	-47.9411764705882
			100	-48.2352941176471
			99.7058823529412	-48.5294117647059
			99.4117647058824	-48.8235294117647
			99.4117647058824	-49.1176470588235
			99.1176470588235	-49.4117647058824
			98.8235294117647	-49.4117647058824
			98.8235294117647	-49.7058823529412
			98.5294117647059	-50
			98.2352941176471	-50
			98.2352941176471	-50.2941176470588
			97.9411764705882	-50.5882352941177
			97.6470588235294	-50.8823529411765
			97.3529411764706	-51.1764705882353
			97.0588235294118	-51.4705882352941
			96.7647058823529	-51.7647058823529
			96.4705882352941	-52.0588235294118
			96.4705882352941	-52.3529411764706
			96.1764705882353	-52.6470588235294
			95.8823529411765	-52.9411764705882
			95.5882352941177	-53.2352941176471
			95.5882352941177	-53.5294117647059
			95.2941176470588	-53.8235294117647
			95	-54.1176470588235
			94.7058823529412	-54.4117647058824
			94.7058823529412	-54.7058823529412
			94.4117647058824	-55
			94.1176470588235	-55.2941176470588
			93.8235294117647	-55.5882352941177
			93.5294117647059	-55.8823529411765
			93.5294117647059	-56.1764705882353
			93.2352941176471	-56.4705882352941
			92.9411764705882	-56.4705882352941
			92.6470588235294	-56.4705882352941
			92.3529411764706	-56.7647058823529
			92.0588235294118	-56.7647058823529
			91.7647058823529	-57.0588235294118
			91.4705882352941	-57.3529411764706
			91.1764705882353	-57.6470588235294
			90.8823529411765	-57.6470588235294
			90.5882352941177	-57.9411764705882
			90.2941176470588	-58.2352941176471
			90.2941176470588	-58.5294117647059
			90	-58.8235294117647
			90	-59.1176470588235
			90	-59.4117647058824
			89.7058823529412	-59.7058823529412
			89.4117647058824	-60
			89.1176470588235	-60.2941176470588
			89.1176470588235	-60.5882352941177
			88.8235294117647	-60.5882352941177
			88.5294117647059	-60.8823529411765
			88.5294117647059	-61.1764705882353
			88.2352941176471	-61.4705882352941
		</Left_Side>
		<Left_Wing type=matrix rownames=FALSE colnames=FALSE nrow=46 ncol=2 as.numeric=TRUE >
			88.2352941176471	-61.4705882352941
			88.5294117647059	-61.4705882352941
			88.8235294117647	-61.4705882352941
			89.1176470588235	-61.4705882352941
			89.4117647058824	-61.4705882352941
			89.7058823529412	-61.4705882352941
			90	-61.4705882352941
			90.2941176470588	-61.4705882352941
			90.5882352941177	-61.4705882352941
			90.8823529411765	-61.4705882352941
			91.1764705882353	-61.4705882352941
			91.4705882352941	-61.4705882352941
			91.7647058823529	-61.1764705882353
			92.0588235294118	-61.1764705882353
			92.3529411764706	-61.1764705882353
			92.6470588235294	-61.1764705882353
			92.9411764705882	-61.1764705882353
			93.2352941176471	-61.1764705882353
			93.5294117647059	-60.8823529411765
			93.8235294117647	-60.8823529411765
			94.1176470588235	-60.8823529411765
			94.4117647058824	-60.8823529411765
			94.7058823529412	-60.8823529411765
			95	-60.8823529411765
			95.2941176470588	-60.8823529411765
			95.5882352941177	-61.1764705882353
			95.5882352941177	-61.4705882352941
			95.5882352941177	-61.7647058823529
			95.5882352941177	-62.0588235294118
			95.5882352941177	-62.3529411764706
			95.5882352941177	-62.6470588235294
			95.5882352941177	-62.9411764705882
			95.8823529411765	-63.2352941176471
			95.8823529411765	-63.5294117647059
			96.1764705882353	-63.8235294117647
			96.4705882352941	-63.8235294117647
			96.7647058823529	-63.8235294117647
			97.0588235294118	-63.8235294117647
			97.3529411764706	-63.8235294117647
			97.6470588235294	-63.8235294117647
			97.9411764705882	-63.8235294117647
			98.2352941176471	-63.8235294117647
			98.5294117647059	-64.1176470588235
			98.8235294117647	-64.1176470588235
			99.1176470588235	-64.1176470588235
			99.4117647058824	-64.1176470588235
		</Left_Wing>
		<Right_Wing type=matrix rownames=FALSE colnames=FALSE nrow=40 ncol=2 as.numeric=TRUE >
			99.4117647058824	-64.1176470588235
			99.7058823529412	-64.1176470588235
			100	-64.1176470588235
			100.294117647059	-63.8235294117647
			100.588235294118	-63.8235294117647
			100.882352941176	-63.8235294117647
			101.176470588235	-63.8235294117647
			101.470588235294	-63.8235294117647
			101.764705882353	-63.5294117647059
			102.058823529412	-63.5294117647059
			102.352941176471	-63.5294117647059
			102.647058823529	-63.2352941176471
			102.941176470588	-62.9411764705882
			102.941176470588	-62.6470588235294
			102.941176470588	-62.3529411764706
			102.941176470588	-62.0588235294118
			102.941176470588	-61.7647058823529
			103.235294117647	-61.4705882352941
			103.529411764706	-61.1764705882353
			103.529411764706	-60.8823529411765
			103.823529411765	-60.8823529411765
			104.117647058824	-60.8823529411765
			104.411764705882	-60.5882352941177
			104.705882352941	-60.8823529411765
			105	-60.8823529411765
			105.294117647059	-60.8823529411765
			105.588235294118	-60.8823529411765
			105.882352941176	-60.8823529411765
			106.176470588235	-61.1764705882353
			106.470588235294	-61.1764705882353
			106.764705882353	-61.1764705882353
			107.058823529412	-61.1764705882353
			107.352941176471	-61.4705882352941
			107.647058823529	-61.4705882352941
			107.941176470588	-61.4705882352941
			108.235294117647	-61.4705882352941
			108.529411764706	-61.7647058823529
			108.823529411765	-61.7647058823529
			109.117647058824	-61.7647058823529
			109.411764705882	-61.7647058823529
		</Right_Wing>
		<Right_Side type=matrix rownames=FALSE colnames=FALSE nrow=52 ncol=2 as.numeric=TRUE >
			109.411764705882	-61.7647058823529
			109.411764705882	-61.4705882352941
			109.117647058824	-61.1764705882353
			109.117647058824	-60.8823529411765
			108.823529411765	-60.5882352941177
			108.529411764706	-60.2941176470588
			108.235294117647	-60
			107.941176470588	-59.7058823529412
			107.647058823529	-59.4117647058824
			107.352941176471	-59.1176470588235
			107.352941176471	-58.8235294117647
			107.058823529412	-58.5294117647059
			107.058823529412	-58.2352941176471
			106.764705882353	-57.9411764705882
			106.764705882353	-57.6470588235294
			106.470588235294	-57.3529411764706
			106.470588235294	-57.0588235294118
			106.176470588235	-56.7647058823529
			105.882352941176	-56.4705882352941
			105.882352941176	-56.1764705882353
			105.588235294118	-55.8823529411765
			105.588235294118	-55.5882352941177
			105.294117647059	-55.2941176470588
			105	-55.2941176470588
			105	-55
			104.705882352941	-54.7058823529412
			104.411764705882	-54.7058823529412
			104.411764705882	-54.4117647058824
			104.117647058824	-54.1176470588235
			103.823529411765	-53.8235294117647
			103.529411764706	-53.5294117647059
			103.529411764706	-53.2352941176471
			103.235294117647	-52.9411764705882
			103.235294117647	-52.6470588235294
			102.941176470588	-52.3529411764706
			102.941176470588	-52.0588235294118
			102.647058823529	-51.7647058823529
			102.647058823529	-51.4705882352941
			102.647058823529	-51.1764705882353
			102.352941176471	-51.1764705882353
			102.352941176471	-50.8823529411765
			102.352941176471	-50.5882352941177
			102.058823529412	-50.5882352941177
			102.058823529412	-50.2941176470588
			101.764705882353	-50
			101.764705882353	-49.7058823529412
			101.470588235294	-49.4117647058824
			101.176470588235	-49.1176470588235
			100.882352941176	-48.8235294117647
			100.882352941176	-48.5294117647059
			100.588235294118	-48.2352941176471
			100.294117647059	-47.9411764705882
		</Right_Side>
	</curves.scaled>
	<ruler.points type=matrix rownames=TRUE colnames=FALSE nrow=6 ncol=2 as.numeric=TRUE >
		Ruler point 1	108	108
		Ruler point 2	142	108
		Ruler point 3	176	108
		Ruler point 4	210	108
		Ruler point 5	244	108
		Ruler point 6	278	108
	</ruler.points>
</shapes>

