<shapes type=list>
	<ruler.interval type=vector names=FALSE length=1 as.numeric=TRUE >10</ruler.interval>
	<scaling.units type=vector names=FALSE length=1 as.numeric=FALSE >mm</scaling.units>
	<scaling type=vector names=FALSE length=1 as.numeric=TRUE >0.307442262141456</scaling>
	<landmarks.pixel type=matrix rownames=TRUE colnames=FALSE nrow=4 ncol=2 as.numeric=TRUE >
		Point_Tip	311	120
		Left_Tang_Center	272	211
		Base_Center	315	237
		Right_Tang_Center	359	212
	</landmarks.pixel>
	<landmarks.scaled type=matrix rownames=TRUE colnames=FALSE nrow=4 ncol=2 as.numeric=TRUE >
		Point_Tip	95.6145435259927	-36.8930714569747
		Left_Tang_Center	83.6242953024759	-64.8703173118471
		Base_Center	96.8443125745585	-72.863816127525
		Right_Tang_Center	110.371772108783	-65.1777595739886
	</landmarks.scaled>
	<curves.control type=list>
		<Left_Side type=matrix rownames=FALSE colnames=FALSE nrow=31 ncol=2 as.numeric=TRUE >
			311	120
			308	120
			307	121
			307	124
			306	126
			305	128
			306	129
			306	135
			300	134
			300	138
			300	145
			298	148
			295	149
			296	155
			291	158
			290	159
			290	161
			291	166
			287	169
			286	170
			286	175
			283	177
			283	180
			279	184
			279	187
			279	190
			277	192
			277	199
			272	204
			271	207
			272	211
		</Left_Side>
		<Left_Wing type=matrix rownames=FALSE colnames=FALSE nrow=15 ncol=2 as.numeric=TRUE >
			272	211
			275	212
			280	213
			283	212
			285	211
			290	211
			293	210
			297	206
			301	210
			303	215
			305	216
			308	223
			310	228
			310	235
			315	237
		</Left_Wing>
		<Right_Wing type=matrix rownames=FALSE colnames=FALSE nrow=19 ncol=2 as.numeric=TRUE >
			315	237
			317	237
			319	234
			320	231
			323	229
			324	227
			324	224
			323	220
			325	218
			324	210
			329	208
			334	205
			339	207
			341	209
			343	208
			346	209
			349	212
			352	213
			359	212
		</Right_Wing>
		<Right_Side type=matrix rownames=FALSE colnames=FALSE nrow=31 ncol=2 as.numeric=TRUE >
			359	212
			359	209
			359	205
			356	202
			356	197
			352	196
			353	188
			352	187
			352	182
			350	181
			347	180
			348	176
			346	174
			343	173
			341	172
			341	165
			338	163
			335	160
			332	157
			332	154
			332	151
			324	151
			325	145
			324	142
			324	138
			319	137
			317	131
			316	125
			313	123
			313	120
			311	120
		</Right_Side>
	</curves.control>
	<curves.pixel type=list>
		<Left_Side type=matrix rownames=FALSE colnames=FALSE nrow=105 ncol=2 as.numeric=TRUE >
			311	120
			310	120
			309	120
			308	120
			307	121
			307	122
			307	123
			307	124
			306	125
			306	126
			306	127
			306	128
			306	129
			306	130
			306	131
			305	132
			305	133
			304	134
			303	134
			302	134
			301	134
			300	134
			300	135
			300	136
			300	137
			300	138
			300	139
			300	140
			300	141
			300	142
			300	143
			300	144
			300	145
			299	146
			299	147
			298	147
			297	148
			296	148
			296	149
			295	150
			295	151
			295	152
			295	153
			295	154
			294	155
			293	156
			292	157
			291	158
			291	159
			290	159
			290	160
			290	161
			290	162
			290	163
			290	164
			290	165
			289	166
			289	167
			288	168
			287	169
			287	170
			286	171
			286	172
			286	173
			286	174
			286	175
			285	175
			285	176
			284	177
			284	178
			283	178
			283	179
			283	180
			282	181
			281	182
			280	183
			280	184
			279	185
			279	186
			279	187
			279	188
			279	189
			278	190
			278	191
			277	192
			277	193
			277	194
			277	195
			277	196
			276	196
			276	197
			276	198
			275	199
			275	200
			274	201
			274	202
			273	203
			272	204
			272	205
			272	206
			272	207
			272	208
			272	209
			272	210
			272	211
		</Left_Side>
		<Left_Wing type=matrix rownames=FALSE colnames=FALSE nrow=68 ncol=2 as.numeric=TRUE >
			272	211
			273	211
			274	212
			275	212
			276	212
			277	212
			278	213
			279	213
			280	213
			281	213
			282	212
			283	212
			284	212
			284	211
			285	211
			286	211
			287	211
			288	211
			289	211
			290	211
			291	211
			291	210
			292	210
			293	210
			294	209
			295	208
			296	208
			297	208
			298	208
			299	209
			300	209
			301	210
			302	211
			302	212
			302	213
			303	214
			303	215
			304	215
			304	216
			305	216
			305	217
			306	218
			306	219
			307	220
			307	221
			308	222
			308	223
			308	224
			309	224
			309	225
			309	226
			309	227
			310	227
			310	228
			310	229
			310	230
			310	231
			310	232
			311	232
			311	233
			311	234
			312	234
			312	235
			313	235
			313	236
			314	236
			314	237
			315	237
		</Left_Wing>
		<Right_Wing type=matrix rownames=FALSE colnames=FALSE nrow=68 ncol=2 as.numeric=TRUE >
			315	237
			316	237
			317	237
			318	236
			318	235
			319	234
			319	233
			320	232
			320	231
			321	231
			322	230
			323	229
			323	228
			324	227
			324	226
			324	225
			324	224
			324	223
			324	222
			324	221
			324	220
			324	219
			325	218
			325	217
			325	216
			325	215
			325	214
			325	213
			325	212
			326	211
			326	210
			327	210
			327	209
			328	208
			329	208
			330	208
			330	207
			331	207
			332	207
			333	206
			334	206
			335	206
			336	206
			337	206
			338	207
			339	207
			340	207
			340	208
			341	208
			342	208
			343	208
			344	208
			345	209
			346	209
			347	210
			347	211
			348	211
			349	212
			350	212
			351	212
			352	212
			353	212
			354	212
			355	212
			356	212
			357	212
			358	212
			359	212
		</Right_Wing>
		<Right_Side type=matrix rownames=FALSE colnames=FALSE nrow=107 ncol=2 as.numeric=TRUE >
			359	212
			359	211
			359	210
			359	209
			359	208
			359	207
			359	206
			359	205
			358	204
			357	203
			357	202
			357	201
			356	200
			356	199
			356	198
			356	197
			355	197
			355	196
			354	196
			354	195
			353	194
			353	193
			353	192
			353	191
			353	190
			353	189
			353	188
			353	187
			352	186
			352	185
			352	184
			352	183
			352	182
			351	182
			350	181
			349	181
			348	180
			347	180
			347	179
			347	178
			347	177
			347	176
			347	175
			346	174
			345	174
			344	173
			343	173
			342	172
			341	171
			341	170
			341	169
			341	168
			340	167
			340	166
			340	165
			339	164
			338	163
			337	162
			336	161
			335	160
			334	159
			333	158
			332	157
			332	156
			332	155
			332	154
			332	153
			332	152
			332	151
			331	151
			330	151
			329	151
			328	150
			327	150
			326	149
			325	148
			325	147
			325	146
			325	145
			325	144
			325	143
			324	142
			324	141
			324	140
			324	139
			323	138
			322	137
			321	137
			320	136
			319	135
			318	134
			318	133
			317	132
			317	131
			317	130
			317	129
			316	128
			316	127
			315	126
			315	125
			314	124
			313	123
			313	122
			313	121
			312	121
			312	120
			311	120
		</Right_Side>
	</curves.pixel>
	<curves.scaled type=list>
		<Left_Side type=matrix rownames=FALSE colnames=FALSE nrow=105 ncol=2 as.numeric=TRUE >
			95.6145435259927	-36.8930714569747
			95.3071012638513	-36.8930714569747
			94.9996590017098	-36.8930714569747
			94.6922167395683	-36.8930714569747
			94.3847744774269	-37.2005137191161
			94.3847744774269	-37.5079559812576
			94.3847744774269	-37.815398243399
			94.3847744774269	-38.1228405055405
			94.0773322152854	-38.430282767682
			94.0773322152854	-38.7377250298234
			94.0773322152854	-39.0451672919649
			94.0773322152854	-39.3526095541063
			94.0773322152854	-39.6600518162478
			94.0773322152854	-39.9674940783892
			94.0773322152854	-40.2749363405307
			93.769889953144	-40.5823786026721
			93.769889953144	-40.8898208648136
			93.4624476910025	-41.1972631269551
			93.1550054288611	-41.1972631269551
			92.8475631667196	-41.1972631269551
			92.5401209045781	-41.1972631269551
			92.2326786424367	-41.1972631269551
			92.2326786424367	-41.5047053890965
			92.2326786424367	-41.812147651238
			92.2326786424367	-42.1195899133794
			92.2326786424367	-42.4270321755209
			92.2326786424367	-42.7344744376623
			92.2326786424367	-43.0419166998038
			92.2326786424367	-43.3493589619452
			92.2326786424367	-43.6568012240867
			92.2326786424367	-43.9642434862282
			92.2326786424367	-44.2716857483696
			92.2326786424367	-44.5791280105111
			91.9252363802952	-44.8865702726525
			91.9252363802952	-45.194012534794
			91.6177941181538	-45.194012534794
			91.3103518560123	-45.5014547969354
			91.0029095938709	-45.5014547969354
			91.0029095938709	-45.8088970590769
			90.6954673317294	-46.1163393212183
			90.6954673317294	-46.4237815833598
			90.6954673317294	-46.7312238455013
			90.6954673317294	-47.0386661076427
			90.6954673317294	-47.3461083697842
			90.388025069588	-47.6535506319256
			90.0805828074465	-47.9609928940671
			89.7731405453051	-48.2684351562085
			89.4656982831636	-48.57587741835
			89.4656982831636	-48.8833196804914
			89.1582560210221	-48.8833196804914
			89.1582560210221	-49.1907619426329
			89.1582560210221	-49.4982042047744
			89.1582560210221	-49.8056464669158
			89.1582560210221	-50.1130887290573
			89.1582560210221	-50.4205309911987
			89.1582560210221	-50.7279732533402
			88.8508137588807	-51.0354155154816
			88.8508137588807	-51.3428577776231
			88.5433714967392	-51.6503000397645
			88.2359292345978	-51.957742301906
			88.2359292345978	-52.2651845640475
			87.9284869724563	-52.5726268261889
			87.9284869724563	-52.8800690883304
			87.9284869724563	-53.1875113504718
			87.9284869724563	-53.4949536126133
			87.9284869724563	-53.8023958747547
			87.6210447103149	-53.8023958747547
			87.6210447103149	-54.1098381368962
			87.3136024481734	-54.4172803990377
			87.3136024481734	-54.7247226611791
			87.0061601860319	-54.7247226611791
			87.0061601860319	-55.0321649233206
			87.0061601860319	-55.339607185462
			86.6987179238905	-55.6470494476035
			86.391275661749	-55.9544917097449
			86.0838333996076	-56.2619339718864
			86.0838333996076	-56.5693762340278
			85.7763911374661	-56.8768184961693
			85.7763911374661	-57.1842607583107
			85.7763911374661	-57.4917030204522
			85.7763911374661	-57.7991452825937
			85.7763911374661	-58.1065875447351
			85.4689488753247	-58.4140298068766
			85.4689488753247	-58.721472069018
			85.1615066131832	-59.0289143311595
			85.1615066131832	-59.3363565933009
			85.1615066131832	-59.6437988554424
			85.1615066131832	-59.9512411175838
			85.1615066131832	-60.2586833797253
			84.8540643510418	-60.2586833797253
			84.8540643510418	-60.5661256418668
			84.8540643510418	-60.8735679040082
			84.5466220889003	-61.1810101661497
			84.5466220889003	-61.4884524282911
			84.2391798267588	-61.7958946904326
			84.2391798267588	-62.103336952574
			83.9317375646174	-62.4107792147155
			83.6242953024759	-62.718221476857
			83.6242953024759	-63.0256637389984
			83.6242953024759	-63.3331060011399
			83.6242953024759	-63.6405482632813
			83.6242953024759	-63.9479905254228
			83.6242953024759	-64.2554327875642
			83.6242953024759	-64.5628750497057
			83.6242953024759	-64.8703173118471
		</Left_Side>
		<Left_Wing type=matrix rownames=FALSE colnames=FALSE nrow=68 ncol=2 as.numeric=TRUE >
			83.6242953024759	-64.8703173118471
			83.9317375646174	-64.8703173118471
			84.2391798267588	-65.1777595739886
			84.5466220889003	-65.1777595739886
			84.8540643510418	-65.1777595739886
			85.1615066131832	-65.1777595739886
			85.4689488753247	-65.4852018361301
			85.7763911374661	-65.4852018361301
			86.0838333996076	-65.4852018361301
			86.391275661749	-65.4852018361301
			86.6987179238905	-65.1777595739886
			87.0061601860319	-65.1777595739886
			87.3136024481734	-65.1777595739886
			87.3136024481734	-64.8703173118471
			87.6210447103149	-64.8703173118471
			87.9284869724563	-64.8703173118471
			88.2359292345978	-64.8703173118471
			88.5433714967392	-64.8703173118471
			88.8508137588807	-64.8703173118471
			89.1582560210221	-64.8703173118471
			89.4656982831636	-64.8703173118471
			89.4656982831636	-64.5628750497057
			89.7731405453051	-64.5628750497057
			90.0805828074465	-64.5628750497057
			90.388025069588	-64.2554327875642
			90.6954673317294	-63.9479905254228
			91.0029095938709	-63.9479905254228
			91.3103518560123	-63.9479905254228
			91.6177941181538	-63.9479905254228
			91.9252363802952	-64.2554327875642
			92.2326786424367	-64.2554327875642
			92.5401209045781	-64.5628750497057
			92.8475631667196	-64.8703173118471
			92.8475631667196	-65.1777595739886
			92.8475631667196	-65.4852018361301
			93.1550054288611	-65.7926440982715
			93.1550054288611	-66.100086360413
			93.4624476910025	-66.100086360413
			93.4624476910025	-66.4075286225544
			93.769889953144	-66.4075286225544
			93.769889953144	-66.7149708846959
			94.0773322152854	-67.0224131468373
			94.0773322152854	-67.3298554089788
			94.3847744774269	-67.6372976711202
			94.3847744774269	-67.9447399332617
			94.6922167395683	-68.2521821954032
			94.6922167395683	-68.5596244575446
			94.6922167395683	-68.8670667196861
			94.9996590017098	-68.8670667196861
			94.9996590017098	-69.1745089818275
			94.9996590017098	-69.481951243969
			94.9996590017098	-69.7893935061104
			95.3071012638513	-69.7893935061104
			95.3071012638513	-70.0968357682519
			95.3071012638513	-70.4042780303933
			95.3071012638513	-70.7117202925348
			95.3071012638513	-71.0191625546763
			95.3071012638513	-71.3266048168177
			95.6145435259927	-71.3266048168177
			95.6145435259927	-71.6340470789592
			95.6145435259927	-71.9414893411006
			95.9219857881342	-71.9414893411006
			95.9219857881342	-72.2489316032421
			96.2294280502756	-72.2489316032421
			96.2294280502756	-72.5563738653835
			96.5368703124171	-72.5563738653835
			96.5368703124171	-72.863816127525
			96.8443125745585	-72.863816127525
		</Left_Wing>
		<Right_Wing type=matrix rownames=FALSE colnames=FALSE nrow=68 ncol=2 as.numeric=TRUE >
			96.8443125745585	-72.863816127525
			97.1517548367	-72.863816127525
			97.4591970988414	-72.863816127525
			97.7666393609829	-72.5563738653835
			97.7666393609829	-72.2489316032421
			98.0740816231244	-71.9414893411006
			98.0740816231244	-71.6340470789592
			98.3815238852658	-71.3266048168177
			98.3815238852658	-71.0191625546763
			98.6889661474073	-71.0191625546763
			98.9964084095487	-70.7117202925348
			99.3038506716902	-70.4042780303933
			99.3038506716902	-70.0968357682519
			99.6112929338316	-69.7893935061104
			99.6112929338316	-69.481951243969
			99.6112929338316	-69.1745089818275
			99.6112929338316	-68.8670667196861
			99.6112929338316	-68.5596244575446
			99.6112929338316	-68.2521821954032
			99.6112929338316	-67.9447399332617
			99.6112929338316	-67.6372976711202
			99.6112929338316	-67.3298554089788
			99.9187351959731	-67.0224131468373
			99.9187351959731	-66.7149708846959
			99.9187351959731	-66.4075286225544
			99.9187351959731	-66.100086360413
			99.9187351959731	-65.7926440982715
			99.9187351959731	-65.4852018361301
			99.9187351959731	-65.1777595739886
			100.226177458115	-64.8703173118471
			100.226177458115	-64.5628750497057
			100.533619720256	-64.5628750497057
			100.533619720256	-64.2554327875642
			100.841061982397	-63.9479905254228
			101.148504244539	-63.9479905254228
			101.45594650668	-63.9479905254228
			101.45594650668	-63.6405482632813
			101.763388768822	-63.6405482632813
			102.070831030963	-63.6405482632813
			102.378273293105	-63.3331060011399
			102.685715555246	-63.3331060011399
			102.993157817388	-63.3331060011399
			103.300600079529	-63.3331060011399
			103.608042341671	-63.3331060011399
			103.915484603812	-63.6405482632813
			104.222926865953	-63.6405482632813
			104.530369128095	-63.6405482632813
			104.530369128095	-63.9479905254228
			104.837811390236	-63.9479905254228
			105.145253652378	-63.9479905254228
			105.452695914519	-63.9479905254228
			105.760138176661	-63.9479905254228
			106.067580438802	-64.2554327875642
			106.375022700944	-64.2554327875642
			106.682464963085	-64.5628750497057
			106.682464963085	-64.8703173118471
			106.989907225227	-64.8703173118471
			107.297349487368	-65.1777595739886
			107.604791749509	-65.1777595739886
			107.912234011651	-65.1777595739886
			108.219676273792	-65.1777595739886
			108.527118535934	-65.1777595739886
			108.834560798075	-65.1777595739886
			109.142003060217	-65.1777595739886
			109.449445322358	-65.1777595739886
			109.7568875845	-65.1777595739886
			110.064329846641	-65.1777595739886
			110.371772108783	-65.1777595739886
		</Right_Wing>
		<Right_Side type=matrix rownames=FALSE colnames=FALSE nrow=107 ncol=2 as.numeric=TRUE >
			110.371772108783	-65.1777595739886
			110.371772108783	-64.8703173118471
			110.371772108783	-64.5628750497057
			110.371772108783	-64.2554327875642
			110.371772108783	-63.9479905254228
			110.371772108783	-63.6405482632813
			110.371772108783	-63.3331060011399
			110.371772108783	-63.0256637389984
			110.064329846641	-62.718221476857
			109.7568875845	-62.4107792147155
			109.7568875845	-62.103336952574
			109.7568875845	-61.7958946904326
			109.449445322358	-61.4884524282911
			109.449445322358	-61.1810101661497
			109.449445322358	-60.8735679040082
			109.449445322358	-60.5661256418668
			109.142003060217	-60.5661256418668
			109.142003060217	-60.2586833797253
			108.834560798075	-60.2586833797253
			108.834560798075	-59.9512411175838
			108.527118535934	-59.6437988554424
			108.527118535934	-59.3363565933009
			108.527118535934	-59.0289143311595
			108.527118535934	-58.721472069018
			108.527118535934	-58.4140298068766
			108.527118535934	-58.1065875447351
			108.527118535934	-57.7991452825937
			108.527118535934	-57.4917030204522
			108.219676273792	-57.1842607583107
			108.219676273792	-56.8768184961693
			108.219676273792	-56.5693762340278
			108.219676273792	-56.2619339718864
			108.219676273792	-55.9544917097449
			107.912234011651	-55.9544917097449
			107.604791749509	-55.6470494476035
			107.297349487368	-55.6470494476035
			106.989907225227	-55.339607185462
			106.682464963085	-55.339607185462
			106.682464963085	-55.0321649233206
			106.682464963085	-54.7247226611791
			106.682464963085	-54.4172803990377
			106.682464963085	-54.1098381368962
			106.682464963085	-53.8023958747547
			106.375022700944	-53.4949536126133
			106.067580438802	-53.4949536126133
			105.760138176661	-53.1875113504718
			105.452695914519	-53.1875113504718
			105.145253652378	-52.8800690883304
			104.837811390236	-52.5726268261889
			104.837811390236	-52.2651845640475
			104.837811390236	-51.957742301906
			104.837811390236	-51.6503000397645
			104.530369128095	-51.3428577776231
			104.530369128095	-51.0354155154816
			104.530369128095	-50.7279732533402
			104.222926865953	-50.4205309911987
			103.915484603812	-50.1130887290573
			103.608042341671	-49.8056464669158
			103.300600079529	-49.4982042047744
			102.993157817388	-49.1907619426329
			102.685715555246	-48.8833196804914
			102.378273293105	-48.57587741835
			102.070831030963	-48.2684351562085
			102.070831030963	-47.9609928940671
			102.070831030963	-47.6535506319256
			102.070831030963	-47.3461083697842
			102.070831030963	-47.0386661076427
			102.070831030963	-46.7312238455013
			102.070831030963	-46.4237815833598
			101.763388768822	-46.4237815833598
			101.45594650668	-46.4237815833598
			101.148504244539	-46.4237815833598
			100.841061982397	-46.1163393212183
			100.533619720256	-46.1163393212183
			100.226177458115	-45.8088970590769
			99.9187351959731	-45.5014547969354
			99.9187351959731	-45.194012534794
			99.9187351959731	-44.8865702726525
			99.9187351959731	-44.5791280105111
			99.9187351959731	-44.2716857483696
			99.9187351959731	-43.9642434862282
			99.6112929338316	-43.6568012240867
			99.6112929338316	-43.3493589619452
			99.6112929338316	-43.0419166998038
			99.6112929338316	-42.7344744376623
			99.3038506716902	-42.4270321755209
			98.9964084095487	-42.1195899133794
			98.6889661474073	-42.1195899133794
			98.3815238852658	-41.812147651238
			98.0740816231244	-41.5047053890965
			97.7666393609829	-41.1972631269551
			97.7666393609829	-40.8898208648136
			97.4591970988414	-40.5823786026721
			97.4591970988414	-40.2749363405307
			97.4591970988414	-39.9674940783892
			97.4591970988414	-39.6600518162478
			97.1517548367	-39.3526095541063
			97.1517548367	-39.0451672919649
			96.8443125745585	-38.7377250298234
			96.8443125745585	-38.430282767682
			96.5368703124171	-38.1228405055405
			96.2294280502756	-37.815398243399
			96.2294280502756	-37.5079559812576
			96.2294280502756	-37.2005137191161
			95.9219857881342	-37.2005137191161
			95.9219857881342	-36.8930714569747
			95.6145435259927	-36.8930714569747
		</Right_Side>
	</curves.scaled>
	<ruler.points type=matrix rownames=TRUE colnames=FALSE nrow=3 ncol=2 as.numeric=TRUE >
		Ruler point 1	364	476
		Ruler point 2	397	477
		Ruler point 3	429	479
	</ruler.points>
</shapes>

