<shapes type=list>
	<ruler.interval type=vector names=FALSE length=1 as.numeric=TRUE >10</ruler.interval>
	<scaling.units type=vector names=FALSE length=1 as.numeric=FALSE >mm</scaling.units>
	<scaling type=vector names=FALSE length=1 as.numeric=TRUE >0.3125</scaling>
	<landmarks.pixel type=matrix rownames=TRUE colnames=FALSE nrow=4 ncol=2 as.numeric=TRUE >
		Point_Tip	394	283
		Left_Tang_Center	343	382
		Base_Center	398	417
		Right_Tang_Center	439	379
	</landmarks.pixel>
	<landmarks.scaled type=matrix rownames=TRUE colnames=FALSE nrow=4 ncol=2 as.numeric=TRUE >
		Point_Tip	123.125	-88.4375
		Left_Tang_Center	107.1875	-119.375
		Base_Center	124.375	-130.3125
		Right_Tang_Center	137.1875	-118.4375
	</landmarks.scaled>
	<curves.control type=list>
		<Left_Side type=matrix rownames=FALSE colnames=FALSE nrow=31 ncol=2 as.numeric=TRUE >
			394	283
			391	284
			388	287
			387	291
			383	296
			382	299
			381	303
			379	304
			378	305
			378	309
			376	311
			376	314
			373	315
			371	318
			371	321
			371	325
			368	327
			364	330
			365	334
			367	340
			361	343
			362	349
			359	353
			355	358
			352	363
			351	366
			349	367
			349	371
			346	374
			344	376
			343	382
		</Left_Side>
		<Left_Wing type=matrix rownames=FALSE colnames=FALSE nrow=21 ncol=2 as.numeric=TRUE >
			343	382
			348	384
			358	379
			367	374
			371	371
			374	369
			378	372
			380	372
			380	374
			382	376
			382	380
			380	383
			382	387
			383	390
			383	397
			387	400
			386	408
			388	410
			388	412
			393	416
			398	417
		</Left_Wing>
		<Right_Wing type=matrix rownames=FALSE colnames=FALSE nrow=17 ncol=2 as.numeric=TRUE >
			398	417
			402	417
			402	416
			403	414
			405	413
			405	408
			406	406
			406	403
			407	392
			408	385
			406	380
			404	370
			411	367
			414	367
			421	371
			432	381
			439	379
		</Right_Wing>
		<Right_Side type=matrix rownames=FALSE colnames=FALSE nrow=35 ncol=2 as.numeric=TRUE >
			439	379
			439	376
			440	374
			439	371
			438	368
			438	363
			436	359
			434	351
			432	346
			430	345
			429	345
			426	343
			428	342
			428	339
			427	336
			422	335
			423	330
			418	326
			420	324
			420	322
			420	320
			409	318
			415	312
			411	309
			408	308
			408	306
			409	304
			406	300
			405	297
			400	296
			401	290
			399	288
			399	285
			397	283
			394	283
		</Right_Side>
	</curves.control>
	<curves.pixel type=list>
		<Left_Side type=matrix rownames=FALSE colnames=FALSE nrow=109 ncol=2 as.numeric=TRUE >
			394	283
			393	283
			392	284
			391	285
			390	285
			389	286
			388	287
			388	288
			387	289
			387	290
			386	291
			386	292
			385	293
			384	294
			383	295
			383	296
			383	297
			382	298
			382	299
			382	300
			381	301
			381	302
			381	303
			380	303
			380	304
			379	304
			378	305
			378	306
			378	307
			378	308
			377	309
			377	310
			376	311
			376	312
			376	313
			375	314
			374	315
			373	315
			372	316
			372	317
			372	318
			371	319
			371	320
			371	321
			371	322
			371	323
			370	324
			370	325
			369	326
			368	327
			367	328
			366	329
			365	330
			365	331
			365	332
			365	333
			365	334
			365	335
			365	336
			365	337
			365	338
			365	339
			365	340
			364	340
			364	341
			363	342
			362	342
			361	343
			361	344
			361	345
			361	346
			361	347
			361	348
			361	349
			360	350
			360	351
			360	352
			359	353
			358	354
			357	355
			357	356
			356	357
			355	358
			354	359
			354	360
			353	361
			352	362
			352	363
			352	364
			351	364
			351	365
			351	366
			350	366
			349	367
			349	368
			349	369
			349	370
			348	371
			348	372
			347	373
			346	374
			345	375
			345	376
			344	377
			344	378
			344	379
			343	380
			343	381
			343	382
		</Left_Side>
		<Left_Wing type=matrix rownames=FALSE colnames=FALSE nrow=93 ncol=2 as.numeric=TRUE >
			343	382
			344	382
			345	383
			346	383
			347	383
			348	382
			349	382
			350	382
			351	382
			352	382
			353	381
			354	381
			355	380
			356	380
			357	379
			358	379
			359	379
			359	378
			360	378
			361	378
			361	377
			362	377
			362	376
			363	376
			364	376
			364	375
			365	375
			366	375
			367	374
			368	373
			369	372
			370	372
			371	371
			372	370
			373	370
			374	370
			375	370
			376	371
			377	372
			378	372
			379	372
			380	373
			380	374
			381	375
			381	376
			382	377
			382	378
			382	379
			382	380
			382	381
			381	381
			381	382
			381	383
			381	384
			381	385
			382	386
			382	387
			382	388
			382	389
			383	390
			383	391
			383	392
			383	393
			383	394
			383	395
			383	396
			383	397
			384	398
			385	399
			385	400
			386	401
			386	402
			386	403
			386	404
			386	405
			386	406
			386	407
			386	408
			387	409
			387	410
			388	410
			388	411
			388	412
			389	413
			390	414
			391	414
			392	415
			393	415
			394	416
			395	416
			396	417
			397	417
			398	417
		</Left_Wing>
		<Right_Wing type=matrix rownames=FALSE colnames=FALSE nrow=84 ncol=2 as.numeric=TRUE >
			398	417
			399	417
			400	417
			401	417
			402	416
			402	415
			403	414
			404	414
			405	413
			405	412
			405	411
			405	410
			405	409
			405	408
			406	407
			406	406
			406	405
			406	404
			406	403
			406	402
			406	401
			406	400
			406	399
			406	398
			407	397
			407	396
			407	395
			407	394
			407	393
			407	392
			407	391
			407	390
			407	389
			407	388
			407	387
			407	386
			407	385
			407	384
			407	383
			407	382
			406	381
			406	380
			406	379
			406	378
			406	377
			406	376
			406	375
			406	374
			406	373
			406	372
			407	371
			407	370
			408	369
			409	368
			410	367
			411	367
			412	367
			413	367
			414	368
			415	368
			416	368
			417	369
			418	369
			419	370
			420	370
			421	371
			422	372
			423	373
			424	374
			425	375
			426	375
			427	376
			428	377
			429	377
			430	378
			431	378
			432	378
			433	379
			434	379
			435	379
			436	379
			437	379
			438	379
			439	379
		</Right_Wing>
		<Right_Side type=matrix rownames=FALSE colnames=FALSE nrow=116 ncol=2 as.numeric=TRUE >
			439	379
			439	378
			439	377
			439	376
			440	375
			440	374
			440	373
			439	372
			439	371
			439	370
			438	369
			438	368
			438	367
			438	366
			438	365
			438	364
			437	363
			437	362
			437	361
			437	360
			436	360
			436	359
			436	358
			435	357
			435	356
			435	355
			435	354
			434	353
			434	352
			434	351
			433	350
			433	349
			433	348
			433	347
			432	347
			432	346
			431	346
			431	345
			430	345
			429	345
			428	344
			427	343
			428	342
			428	341
			428	340
			428	339
			428	338
			427	337
			427	336
			426	336
			425	335
			424	335
			423	334
			423	333
			423	332
			423	331
			423	330
			422	329
			421	328
			420	327
			419	326
			419	325
			420	324
			420	323
			420	322
			420	321
			420	320
			419	320
			418	320
			417	319
			416	319
			415	319
			415	318
			414	318
			413	317
			413	316
			413	315
			413	314
			414	313
			415	312
			414	311
			413	311
			412	310
			411	309
			410	309
			409	309
			409	308
			408	308
			408	307
			408	306
			409	305
			409	304
			408	303
			407	302
			407	301
			406	300
			406	299
			405	298
			404	297
			403	296
			402	295
			401	294
			401	293
			401	292
			401	291
			401	290
			400	289
			400	288
			399	287
			399	286
			399	285
			398	284
			397	284
			396	283
			395	283
			394	283
		</Right_Side>
	</curves.pixel>
	<curves.scaled type=list>
		<Left_Side type=matrix rownames=FALSE colnames=FALSE nrow=109 ncol=2 as.numeric=TRUE >
			123.125	-88.4375
			122.8125	-88.4375
			122.5	-88.75
			122.1875	-89.0625
			121.875	-89.0625
			121.5625	-89.375
			121.25	-89.6875
			121.25	-90
			120.9375	-90.3125
			120.9375	-90.625
			120.625	-90.9375
			120.625	-91.25
			120.3125	-91.5625
			120	-91.875
			119.6875	-92.1875
			119.6875	-92.5
			119.6875	-92.8125
			119.375	-93.125
			119.375	-93.4375
			119.375	-93.75
			119.0625	-94.0625
			119.0625	-94.375
			119.0625	-94.6875
			118.75	-94.6875
			118.75	-95
			118.4375	-95
			118.125	-95.3125
			118.125	-95.625
			118.125	-95.9375
			118.125	-96.25
			117.8125	-96.5625
			117.8125	-96.875
			117.5	-97.1875
			117.5	-97.5
			117.5	-97.8125
			117.1875	-98.125
			116.875	-98.4375
			116.5625	-98.4375
			116.25	-98.75
			116.25	-99.0625
			116.25	-99.375
			115.9375	-99.6875
			115.9375	-100
			115.9375	-100.3125
			115.9375	-100.625
			115.9375	-100.9375
			115.625	-101.25
			115.625	-101.5625
			115.3125	-101.875
			115	-102.1875
			114.6875	-102.5
			114.375	-102.8125
			114.0625	-103.125
			114.0625	-103.4375
			114.0625	-103.75
			114.0625	-104.0625
			114.0625	-104.375
			114.0625	-104.6875
			114.0625	-105
			114.0625	-105.3125
			114.0625	-105.625
			114.0625	-105.9375
			114.0625	-106.25
			113.75	-106.25
			113.75	-106.5625
			113.4375	-106.875
			113.125	-106.875
			112.8125	-107.1875
			112.8125	-107.5
			112.8125	-107.8125
			112.8125	-108.125
			112.8125	-108.4375
			112.8125	-108.75
			112.8125	-109.0625
			112.5	-109.375
			112.5	-109.6875
			112.5	-110
			112.1875	-110.3125
			111.875	-110.625
			111.5625	-110.9375
			111.5625	-111.25
			111.25	-111.5625
			110.9375	-111.875
			110.625	-112.1875
			110.625	-112.5
			110.3125	-112.8125
			110	-113.125
			110	-113.4375
			110	-113.75
			109.6875	-113.75
			109.6875	-114.0625
			109.6875	-114.375
			109.375	-114.375
			109.0625	-114.6875
			109.0625	-115
			109.0625	-115.3125
			109.0625	-115.625
			108.75	-115.9375
			108.75	-116.25
			108.4375	-116.5625
			108.125	-116.875
			107.8125	-117.1875
			107.8125	-117.5
			107.5	-117.8125
			107.5	-118.125
			107.5	-118.4375
			107.1875	-118.75
			107.1875	-119.0625
			107.1875	-119.375
		</Left_Side>
		<Left_Wing type=matrix rownames=FALSE colnames=FALSE nrow=93 ncol=2 as.numeric=TRUE >
			107.1875	-119.375
			107.5	-119.375
			107.8125	-119.6875
			108.125	-119.6875
			108.4375	-119.6875
			108.75	-119.375
			109.0625	-119.375
			109.375	-119.375
			109.6875	-119.375
			110	-119.375
			110.3125	-119.0625
			110.625	-119.0625
			110.9375	-118.75
			111.25	-118.75
			111.5625	-118.4375
			111.875	-118.4375
			112.1875	-118.4375
			112.1875	-118.125
			112.5	-118.125
			112.8125	-118.125
			112.8125	-117.8125
			113.125	-117.8125
			113.125	-117.5
			113.4375	-117.5
			113.75	-117.5
			113.75	-117.1875
			114.0625	-117.1875
			114.375	-117.1875
			114.6875	-116.875
			115	-116.5625
			115.3125	-116.25
			115.625	-116.25
			115.9375	-115.9375
			116.25	-115.625
			116.5625	-115.625
			116.875	-115.625
			117.1875	-115.625
			117.5	-115.9375
			117.8125	-116.25
			118.125	-116.25
			118.4375	-116.25
			118.75	-116.5625
			118.75	-116.875
			119.0625	-117.1875
			119.0625	-117.5
			119.375	-117.8125
			119.375	-118.125
			119.375	-118.4375
			119.375	-118.75
			119.375	-119.0625
			119.0625	-119.0625
			119.0625	-119.375
			119.0625	-119.6875
			119.0625	-120
			119.0625	-120.3125
			119.375	-120.625
			119.375	-120.9375
			119.375	-121.25
			119.375	-121.5625
			119.6875	-121.875
			119.6875	-122.1875
			119.6875	-122.5
			119.6875	-122.8125
			119.6875	-123.125
			119.6875	-123.4375
			119.6875	-123.75
			119.6875	-124.0625
			120	-124.375
			120.3125	-124.6875
			120.3125	-125
			120.625	-125.3125
			120.625	-125.625
			120.625	-125.9375
			120.625	-126.25
			120.625	-126.5625
			120.625	-126.875
			120.625	-127.1875
			120.625	-127.5
			120.9375	-127.8125
			120.9375	-128.125
			121.25	-128.125
			121.25	-128.4375
			121.25	-128.75
			121.5625	-129.0625
			121.875	-129.375
			122.1875	-129.375
			122.5	-129.6875
			122.8125	-129.6875
			123.125	-130
			123.4375	-130
			123.75	-130.3125
			124.0625	-130.3125
			124.375	-130.3125
		</Left_Wing>
		<Right_Wing type=matrix rownames=FALSE colnames=FALSE nrow=84 ncol=2 as.numeric=TRUE >
			124.375	-130.3125
			124.6875	-130.3125
			125	-130.3125
			125.3125	-130.3125
			125.625	-130
			125.625	-129.6875
			125.9375	-129.375
			126.25	-129.375
			126.5625	-129.0625
			126.5625	-128.75
			126.5625	-128.4375
			126.5625	-128.125
			126.5625	-127.8125
			126.5625	-127.5
			126.875	-127.1875
			126.875	-126.875
			126.875	-126.5625
			126.875	-126.25
			126.875	-125.9375
			126.875	-125.625
			126.875	-125.3125
			126.875	-125
			126.875	-124.6875
			126.875	-124.375
			127.1875	-124.0625
			127.1875	-123.75
			127.1875	-123.4375
			127.1875	-123.125
			127.1875	-122.8125
			127.1875	-122.5
			127.1875	-122.1875
			127.1875	-121.875
			127.1875	-121.5625
			127.1875	-121.25
			127.1875	-120.9375
			127.1875	-120.625
			127.1875	-120.3125
			127.1875	-120
			127.1875	-119.6875
			127.1875	-119.375
			126.875	-119.0625
			126.875	-118.75
			126.875	-118.4375
			126.875	-118.125
			126.875	-117.8125
			126.875	-117.5
			126.875	-117.1875
			126.875	-116.875
			126.875	-116.5625
			126.875	-116.25
			127.1875	-115.9375
			127.1875	-115.625
			127.5	-115.3125
			127.8125	-115
			128.125	-114.6875
			128.4375	-114.6875
			128.75	-114.6875
			129.0625	-114.6875
			129.375	-115
			129.6875	-115
			130	-115
			130.3125	-115.3125
			130.625	-115.3125
			130.9375	-115.625
			131.25	-115.625
			131.5625	-115.9375
			131.875	-116.25
			132.1875	-116.5625
			132.5	-116.875
			132.8125	-117.1875
			133.125	-117.1875
			133.4375	-117.5
			133.75	-117.8125
			134.0625	-117.8125
			134.375	-118.125
			134.6875	-118.125
			135	-118.125
			135.3125	-118.4375
			135.625	-118.4375
			135.9375	-118.4375
			136.25	-118.4375
			136.5625	-118.4375
			136.875	-118.4375
			137.1875	-118.4375
		</Right_Wing>
		<Right_Side type=matrix rownames=FALSE colnames=FALSE nrow=116 ncol=2 as.numeric=TRUE >
			137.1875	-118.4375
			137.1875	-118.125
			137.1875	-117.8125
			137.1875	-117.5
			137.5	-117.1875
			137.5	-116.875
			137.5	-116.5625
			137.1875	-116.25
			137.1875	-115.9375
			137.1875	-115.625
			136.875	-115.3125
			136.875	-115
			136.875	-114.6875
			136.875	-114.375
			136.875	-114.0625
			136.875	-113.75
			136.5625	-113.4375
			136.5625	-113.125
			136.5625	-112.8125
			136.5625	-112.5
			136.25	-112.5
			136.25	-112.1875
			136.25	-111.875
			135.9375	-111.5625
			135.9375	-111.25
			135.9375	-110.9375
			135.9375	-110.625
			135.625	-110.3125
			135.625	-110
			135.625	-109.6875
			135.3125	-109.375
			135.3125	-109.0625
			135.3125	-108.75
			135.3125	-108.4375
			135	-108.4375
			135	-108.125
			134.6875	-108.125
			134.6875	-107.8125
			134.375	-107.8125
			134.0625	-107.8125
			133.75	-107.5
			133.4375	-107.1875
			133.75	-106.875
			133.75	-106.5625
			133.75	-106.25
			133.75	-105.9375
			133.75	-105.625
			133.4375	-105.3125
			133.4375	-105
			133.125	-105
			132.8125	-104.6875
			132.5	-104.6875
			132.1875	-104.375
			132.1875	-104.0625
			132.1875	-103.75
			132.1875	-103.4375
			132.1875	-103.125
			131.875	-102.8125
			131.5625	-102.5
			131.25	-102.1875
			130.9375	-101.875
			130.9375	-101.5625
			131.25	-101.25
			131.25	-100.9375
			131.25	-100.625
			131.25	-100.3125
			131.25	-100
			130.9375	-100
			130.625	-100
			130.3125	-99.6875
			130	-99.6875
			129.6875	-99.6875
			129.6875	-99.375
			129.375	-99.375
			129.0625	-99.0625
			129.0625	-98.75
			129.0625	-98.4375
			129.0625	-98.125
			129.375	-97.8125
			129.6875	-97.5
			129.375	-97.1875
			129.0625	-97.1875
			128.75	-96.875
			128.4375	-96.5625
			128.125	-96.5625
			127.8125	-96.5625
			127.8125	-96.25
			127.5	-96.25
			127.5	-95.9375
			127.5	-95.625
			127.8125	-95.3125
			127.8125	-95
			127.5	-94.6875
			127.1875	-94.375
			127.1875	-94.0625
			126.875	-93.75
			126.875	-93.4375
			126.5625	-93.125
			126.25	-92.8125
			125.9375	-92.5
			125.625	-92.1875
			125.3125	-91.875
			125.3125	-91.5625
			125.3125	-91.25
			125.3125	-90.9375
			125.3125	-90.625
			125	-90.3125
			125	-90
			124.6875	-89.6875
			124.6875	-89.375
			124.6875	-89.0625
			124.375	-88.75
			124.0625	-88.75
			123.75	-88.4375
			123.4375	-88.4375
			123.125	-88.4375
		</Right_Side>
	</curves.scaled>
	<ruler.points type=matrix rownames=TRUE colnames=FALSE nrow=3 ncol=2 as.numeric=TRUE >
		Ruler point 1	365	473
		Ruler point 2	397	473
		Ruler point 3	429	473
	</ruler.points>
</shapes>

