<shapes type=list>
	<ruler.pixel type=vector names=FALSE length=1 as.numeric=TRUE >31.0016248487212</ruler.pixel>
	<ruler.interval type=vector names=FALSE length=1 as.numeric=TRUE >10</ruler.interval>
	<scaling.units type=vector names=FALSE length=1 as.numeric=FALSE >mm</scaling.units>
	<scaling type=vector names=FALSE length=1 as.numeric=TRUE >0.32256373815234</scaling>
	<landmarks.pixel type=matrix rownames=TRUE colnames=FALSE nrow=4 ncol=2 as.numeric=TRUE >
		Point_Tip	158	213
		Left_Tang_Center	139	252
		Base_Center	160	266
		Right_Tang_Center	182	255
	</landmarks.pixel>
	<landmarks.scaled type=matrix rownames=TRUE colnames=FALSE nrow=4 ncol=2 as.numeric=TRUE >
		Point_Tip	50.9650706280698	-68.7060762264485
		Left_Tang_Center	44.8363596031753	-81.2860620143897
		Base_Center	51.6101981043744	-85.8019543485225
		Right_Tang_Center	58.7066003437259	-82.2537532288468
	</landmarks.scaled>
	<curves.control type=list>
		<Left_Side type=matrix rownames=FALSE colnames=FALSE nrow=11 ncol=2 as.numeric=TRUE >
			158	213
			155	216
			155	219
			153	220
			152	221
			153	229
			149	230
			150	238
			142	242
			140	247
			139	252
		</Left_Side>
		<Left_Wing type=matrix rownames=FALSE colnames=FALSE nrow=7 ncol=2 as.numeric=TRUE >
			139	252
			156	251
			155	263
			157	266
			158	266
			159	266
			160	266
		</Left_Wing>
		<Right_Wing type=matrix rownames=FALSE colnames=FALSE nrow=7 ncol=2 as.numeric=TRUE >
			160	266
			164	265
			166	261
			166	253
			173	255
			177	256
			182	255
		</Right_Wing>
		<Right_Side type=matrix rownames=FALSE colnames=FALSE nrow=15 ncol=2 as.numeric=TRUE >
			182	255
			182	250
			182	245
			178	243
			174	236
			171	234
			169	229
			166	227
			166	224
			164	222
			163	222
			161	220
			161	217
			160	215
			158	213
		</Right_Side>
	</curves.control>
	<curves.pixel type=list>
		<Left_Side type=matrix rownames=FALSE colnames=FALSE nrow=45 ncol=2 as.numeric=TRUE >
			158	213
			157	214
			156	215
			156	216
			155	217
			155	218
			155	219
			154	219
			153	220
			152	221
			152	222
			152	223
			152	224
			152	225
			152	226
			152	227
			151	228
			151	229
			150	230
			149	230
			149	231
			149	232
			149	233
			149	234
			149	235
			148	236
			148	237
			147	238
			146	239
			145	240
			144	241
			143	242
			142	242
			142	243
			141	243
			141	244
			141	245
			141	246
			140	246
			140	247
			140	248
			140	249
			139	250
			139	251
			139	252
		</Left_Side>
		<Left_Wing type=matrix rownames=FALSE colnames=FALSE nrow=33 ncol=2 as.numeric=TRUE >
			139	252
			140	252
			141	252
			142	252
			143	252
			144	252
			145	252
			146	252
			147	253
			148	253
			149	253
			150	254
			151	254
			152	254
			152	255
			153	256
			154	256
			154	257
			154	258
			155	258
			155	259
			155	260
			155	261
			155	262
			155	263
			155	264
			156	264
			156	265
			157	265
			157	266
			158	266
			159	266
			160	266
		</Left_Wing>
		<Right_Wing type=matrix rownames=FALSE colnames=FALSE nrow=28 ncol=2 as.numeric=TRUE >
			160	266
			161	266
			162	265
			163	265
			164	264
			165	263
			165	262
			166	261
			166	260
			166	259
			166	258
			167	257
			167	256
			168	255
			169	255
			170	255
			171	255
			172	255
			173	255
			174	255
			175	255
			176	255
			177	255
			178	255
			179	255
			180	255
			181	255
			182	255
		</Right_Wing>
		<Right_Side type=matrix rownames=FALSE colnames=FALSE nrow=47 ncol=2 as.numeric=TRUE >
			182	255
			182	254
			182	253
			182	252
			182	251
			182	250
			182	249
			182	248
			182	247
			182	246
			182	245
			181	244
			180	244
			179	243
			179	242
			178	242
			177	241
			176	240
			176	239
			175	238
			174	237
			174	236
			173	235
			172	235
			172	234
			171	233
			171	232
			170	231
			169	230
			169	229
			168	228
			167	227
			166	226
			166	225
			166	224
			165	223
			164	222
			163	222
			162	221
			161	220
			161	219
			161	218
			161	217
			161	216
			160	215
			159	214
			158	213
		</Right_Side>
	</curves.pixel>
	<curves.scaled type=list>
		<Left_Side type=matrix rownames=FALSE colnames=FALSE nrow=45 ncol=2 as.numeric=TRUE >
			50.9650706280698	-68.7060762264485
			50.6425068899174	-69.0286399646008
			50.3199431517651	-69.3512037027532
			50.3199431517651	-69.6737674409055
			49.9973794136127	-69.9963311790578
			49.9973794136127	-70.3188949172102
			49.9973794136127	-70.6414586553625
			49.6748156754604	-70.6414586553625
			49.3522519373081	-70.9640223935149
			49.0296881991557	-71.2865861316672
			49.0296881991557	-71.6091498698195
			49.0296881991557	-71.9317136079719
			49.0296881991557	-72.2542773461242
			49.0296881991557	-72.5768410842766
			49.0296881991557	-72.8994048224289
			49.0296881991557	-73.2219685605812
			48.7071244610034	-73.5445322987336
			48.7071244610034	-73.8670960368859
			48.384560722851	-74.1896597750383
			48.0619969846987	-74.1896597750383
			48.0619969846987	-74.5122235131906
			48.0619969846987	-74.8347872513429
			48.0619969846987	-75.1573509894953
			48.0619969846987	-75.4799147276476
			48.0619969846987	-75.8024784658
			47.7394332465464	-76.1250422039523
			47.7394332465464	-76.4476059421046
			47.416869508394	-76.770169680257
			47.0943057702417	-77.0927334184093
			46.7717420320893	-77.4152971565617
			46.449178293937	-77.737860894714
			46.1266145557847	-78.0604246328663
			45.8040508176323	-78.0604246328663
			45.8040508176323	-78.3829883710187
			45.48148707948	-78.3829883710187
			45.48148707948	-78.705552109171
			45.48148707948	-79.0281158473234
			45.48148707948	-79.3506795854757
			45.1589233413276	-79.3506795854757
			45.1589233413276	-79.673243323628
			45.1589233413276	-79.9958070617804
			45.1589233413276	-80.3183707999327
			44.8363596031753	-80.6409345380851
			44.8363596031753	-80.9634982762374
			44.8363596031753	-81.2860620143897
		</Left_Side>
		<Left_Wing type=matrix rownames=FALSE colnames=FALSE nrow=33 ncol=2 as.numeric=TRUE >
			44.8363596031753	-81.2860620143897
			45.1589233413276	-81.2860620143897
			45.48148707948	-81.2860620143897
			45.8040508176323	-81.2860620143897
			46.1266145557847	-81.2860620143897
			46.449178293937	-81.2860620143897
			46.7717420320893	-81.2860620143897
			47.0943057702417	-81.2860620143897
			47.416869508394	-81.6086257525421
			47.7394332465464	-81.6086257525421
			48.0619969846987	-81.6086257525421
			48.384560722851	-81.9311894906944
			48.7071244610034	-81.9311894906944
			49.0296881991557	-81.9311894906944
			49.0296881991557	-82.2537532288468
			49.3522519373081	-82.5763169669991
			49.6748156754604	-82.5763169669991
			49.6748156754604	-82.8988807051514
			49.6748156754604	-83.2214444433038
			49.9973794136127	-83.2214444433038
			49.9973794136127	-83.5440081814561
			49.9973794136127	-83.8665719196085
			49.9973794136127	-84.1891356577608
			49.9973794136127	-84.5116993959131
			49.9973794136127	-84.8342631340655
			49.9973794136127	-85.1568268722178
			50.3199431517651	-85.1568268722178
			50.3199431517651	-85.4793906103702
			50.6425068899174	-85.4793906103702
			50.6425068899174	-85.8019543485225
			50.9650706280698	-85.8019543485225
			51.2876343662221	-85.8019543485225
			51.6101981043744	-85.8019543485225
		</Left_Wing>
		<Right_Wing type=matrix rownames=FALSE colnames=FALSE nrow=28 ncol=2 as.numeric=TRUE >
			51.6101981043744	-85.8019543485225
			51.9327618425268	-85.8019543485225
			52.2553255806791	-85.4793906103702
			52.5778893188315	-85.4793906103702
			52.9004530569838	-85.1568268722178
			53.2230167951361	-84.8342631340655
			53.2230167951361	-84.5116993959131
			53.5455805332885	-84.1891356577608
			53.5455805332885	-83.8665719196085
			53.5455805332885	-83.5440081814561
			53.5455805332885	-83.2214444433038
			53.8681442714408	-82.8988807051514
			53.8681442714408	-82.5763169669991
			54.1907080095932	-82.2537532288468
			54.5132717477455	-82.2537532288468
			54.8358354858978	-82.2537532288468
			55.1583992240502	-82.2537532288468
			55.4809629622025	-82.2537532288468
			55.8035267003549	-82.2537532288468
			56.1260904385072	-82.2537532288468
			56.4486541766595	-82.2537532288468
			56.7712179148119	-82.2537532288468
			57.0937816529642	-82.2537532288468
			57.4163453911166	-82.2537532288468
			57.7389091292689	-82.2537532288468
			58.0614728674212	-82.2537532288468
			58.3840366055736	-82.2537532288468
			58.7066003437259	-82.2537532288468
		</Right_Wing>
		<Right_Side type=matrix rownames=FALSE colnames=FALSE nrow=47 ncol=2 as.numeric=TRUE >
			58.7066003437259	-82.2537532288468
			58.7066003437259	-81.9311894906944
			58.7066003437259	-81.6086257525421
			58.7066003437259	-81.2860620143897
			58.7066003437259	-80.9634982762374
			58.7066003437259	-80.6409345380851
			58.7066003437259	-80.3183707999327
			58.7066003437259	-79.9958070617804
			58.7066003437259	-79.673243323628
			58.7066003437259	-79.3506795854757
			58.7066003437259	-79.0281158473234
			58.3840366055736	-78.705552109171
			58.0614728674212	-78.705552109171
			57.7389091292689	-78.3829883710187
			57.7389091292689	-78.0604246328663
			57.4163453911166	-78.0604246328663
			57.0937816529642	-77.737860894714
			56.7712179148119	-77.4152971565617
			56.7712179148119	-77.0927334184093
			56.4486541766595	-76.770169680257
			56.1260904385072	-76.4476059421046
			56.1260904385072	-76.1250422039523
			55.8035267003549	-75.8024784658
			55.4809629622025	-75.8024784658
			55.4809629622025	-75.4799147276476
			55.1583992240502	-75.1573509894953
			55.1583992240502	-74.8347872513429
			54.8358354858978	-74.5122235131906
			54.5132717477455	-74.1896597750383
			54.5132717477455	-73.8670960368859
			54.1907080095932	-73.5445322987336
			53.8681442714408	-73.2219685605812
			53.5455805332885	-72.8994048224289
			53.5455805332885	-72.5768410842766
			53.5455805332885	-72.2542773461242
			53.2230167951361	-71.9317136079719
			52.9004530569838	-71.6091498698195
			52.5778893188315	-71.6091498698195
			52.2553255806791	-71.2865861316672
			51.9327618425268	-70.9640223935149
			51.9327618425268	-70.6414586553625
			51.9327618425268	-70.3188949172102
			51.9327618425268	-69.9963311790578
			51.9327618425268	-69.6737674409055
			51.6101981043744	-69.3512037027532
			51.2876343662221	-69.0286399646008
			50.9650706280698	-68.7060762264485
		</Right_Side>
	</curves.scaled>
	<ruler.points type=matrix rownames=TRUE colnames=FALSE nrow=5 ncol=2 as.numeric=TRUE >
		Ruler point 1	389	488
		Ruler point 2	421	488
		Ruler point 3	452	489
		Ruler point 4	483	489
		Ruler point 5	514	489
	</ruler.points>
</shapes>

