<shapes type=list>
	<ruler.pixel type=vector names=FALSE length=1 as.numeric=TRUE >26.9999997351745</ruler.pixel>
	<ruler.interval type=vector names=FALSE length=1 as.numeric=TRUE >10</ruler.interval>
	<scaling.units type=vector names=FALSE length=1 as.numeric=FALSE >mm</scaling.units>
	<scaling type=vector names=FALSE length=1 as.numeric=TRUE >0.370370374003093</scaling>
	<landmarks.pixel type=matrix rownames=TRUE colnames=FALSE nrow=4 ncol=2 as.numeric=TRUE >
		Point_Tip	364	65
		Left_Tang_Center	351	102
		Base_Center	362	118
		Right_Tang_Center	373	104
	</landmarks.pixel>
	<landmarks.scaled type=matrix rownames=TRUE colnames=FALSE nrow=4 ncol=2 as.numeric=TRUE >
		Point_Tip	134.814816137126	-24.074074310201
		Left_Tang_Center	130.000001275086	-37.7777781483155
		Base_Center	134.07407538912	-43.703704132365
		Right_Tang_Center	138.148149503154	-38.5185188963217
	</landmarks.scaled>
	<curves.control type=list>
		<Left_Side type=matrix rownames=FALSE colnames=FALSE nrow=11 ncol=2 as.numeric=TRUE >
			364	65
			362	67
			361	69
			359	73
			356	74
			356	82
			352	83
			352	86
			351	94
			351	98
			351	102
		</Left_Side>
		<Left_Wing type=matrix rownames=FALSE colnames=FALSE nrow=7 ncol=2 as.numeric=TRUE >
			351	102
			355	103
			358	103
			357	113
			358	114
			359	116
			362	118
		</Left_Wing>
		<Right_Wing type=matrix rownames=FALSE colnames=FALSE nrow=9 ncol=2 as.numeric=TRUE >
			362	118
			364	118
			366	116
			365	114
			368	112
			368	108
			368	105
			369	103
			373	104
		</Right_Wing>
		<Right_Side type=matrix rownames=FALSE colnames=FALSE nrow=11 ncol=2 as.numeric=TRUE >
			373	104
			373	98
			375	98
			375	93
			374	89
			372	88
			373	84
			370	82
			371	77
			370	73
			364	65
		</Right_Side>
	</curves.control>
	<curves.pixel type=list>
		<Left_Side type=matrix rownames=FALSE colnames=FALSE nrow=42 ncol=2 as.numeric=TRUE >
			364	65
			363	66
			362	67
			362	68
			361	69
			360	70
			360	71
			359	72
			358	73
			357	73
			357	74
			356	75
			356	76
			356	77
			356	78
			355	79
			355	80
			355	81
			354	81
			354	82
			353	82
			353	83
			352	83
			352	84
			352	85
			352	86
			352	87
			352	88
			352	89
			351	90
			351	91
			351	92
			351	93
			351	94
			351	95
			351	96
			351	97
			351	98
			351	99
			351	100
			351	101
			351	102
		</Left_Side>
		<Left_Wing type=matrix rownames=FALSE colnames=FALSE nrow=22 ncol=2 as.numeric=TRUE >
			351	102
			352	102
			353	102
			354	103
			355	103
			356	103
			357	103
			358	104
			358	105
			358	106
			358	107
			358	108
			358	109
			358	110
			358	111
			358	112
			358	113
			358	114
			359	115
			360	116
			361	117
			362	118
		</Left_Wing>
		<Right_Wing type=matrix rownames=FALSE colnames=FALSE nrow=22 ncol=2 as.numeric=TRUE >
			362	118
			363	118
			364	117
			365	117
			366	116
			366	115
			366	114
			366	113
			367	113
			368	112
			368	111
			368	110
			368	109
			368	108
			368	107
			368	106
			368	105
			369	104
			370	104
			371	104
			372	104
			373	104
		</Right_Wing>
		<Right_Side type=matrix rownames=FALSE colnames=FALSE nrow=43 ncol=2 as.numeric=TRUE >
			373	104
			373	103
			373	102
			373	101
			373	100
			374	99
			374	98
			375	98
			375	97
			375	96
			375	95
			375	94
			375	93
			375	92
			374	91
			374	90
			374	89
			373	89
			373	88
			373	87
			373	86
			373	85
			373	84
			372	84
			372	83
			371	82
			371	81
			371	80
			371	79
			371	78
			371	77
			371	76
			370	75
			370	74
			369	73
			369	72
			368	71
			368	70
			367	69
			366	68
			365	67
			365	66
			364	65
		</Right_Side>
	</curves.pixel>
	<curves.scaled type=list>
		<Left_Side type=matrix rownames=FALSE colnames=FALSE nrow=42 ncol=2 as.numeric=TRUE >
			134.814816137126	-24.074074310201
			134.444445763123	-24.4444446842041
			134.07407538912	-24.8148150582072
			134.07407538912	-25.1851854322103
			133.703705015117	-25.5555558062134
			133.333334641113	-25.9259261802165
			133.333334641113	-26.2962965542196
			132.96296426711	-26.6666669282227
			132.592593893107	-27.0370373022258
			132.222223519104	-27.0370373022258
			132.222223519104	-27.4074076762289
			131.851853145101	-27.777778050232
			131.851853145101	-28.1481484242351
			131.851853145101	-28.5185187982382
			131.851853145101	-28.8888891722413
			131.481482771098	-29.2592595462443
			131.481482771098	-29.6296299202474
			131.481482771098	-30.0000002942505
			131.111112397095	-30.0000002942505
			131.111112397095	-30.3703706682536
			130.740742023092	-30.3703706682536
			130.740742023092	-30.7407410422567
			130.370371649089	-30.7407410422567
			130.370371649089	-31.1111114162598
			130.370371649089	-31.4814817902629
			130.370371649089	-31.851852164266
			130.370371649089	-32.2222225382691
			130.370371649089	-32.5925929122722
			130.370371649089	-32.9629632862753
			130.000001275086	-33.3333336602784
			130.000001275086	-33.7037040342815
			130.000001275086	-34.0740744082846
			130.000001275086	-34.4444447822877
			130.000001275086	-34.8148151562907
			130.000001275086	-35.1851855302938
			130.000001275086	-35.5555559042969
			130.000001275086	-35.9259262783
			130.000001275086	-36.2962966523031
			130.000001275086	-36.6666670263062
			130.000001275086	-37.0370374003093
			130.000001275086	-37.4074077743124
			130.000001275086	-37.7777781483155
		</Left_Side>
		<Left_Wing type=matrix rownames=FALSE colnames=FALSE nrow=22 ncol=2 as.numeric=TRUE >
			130.000001275086	-37.7777781483155
			130.370371649089	-37.7777781483155
			130.740742023092	-37.7777781483155
			131.111112397095	-38.1481485223186
			131.481482771098	-38.1481485223186
			131.851853145101	-38.1481485223186
			132.222223519104	-38.1481485223186
			132.592593893107	-38.5185188963217
			132.592593893107	-38.8888892703248
			132.592593893107	-39.2592596443279
			132.592593893107	-39.629630018331
			132.592593893107	-40.000000392334
			132.592593893107	-40.3703707663371
			132.592593893107	-40.7407411403402
			132.592593893107	-41.1111115143433
			132.592593893107	-41.4814818883464
			132.592593893107	-41.8518522623495
			132.592593893107	-42.2222226363526
			132.96296426711	-42.5925930103557
			133.333334641113	-42.9629633843588
			133.703705015117	-43.3333337583619
			134.07407538912	-43.703704132365
		</Left_Wing>
		<Right_Wing type=matrix rownames=FALSE colnames=FALSE nrow=22 ncol=2 as.numeric=TRUE >
			134.07407538912	-43.703704132365
			134.444445763123	-43.703704132365
			134.814816137126	-43.3333337583619
			135.185186511129	-43.3333337583619
			135.555556885132	-42.9629633843588
			135.555556885132	-42.5925930103557
			135.555556885132	-42.2222226363526
			135.555556885132	-41.8518522623495
			135.925927259135	-41.8518522623495
			136.296297633138	-41.4814818883464
			136.296297633138	-41.1111115143433
			136.296297633138	-40.7407411403402
			136.296297633138	-40.3703707663371
			136.296297633138	-40.000000392334
			136.296297633138	-39.629630018331
			136.296297633138	-39.2592596443279
			136.296297633138	-38.8888892703248
			136.666668007141	-38.5185188963217
			137.037038381144	-38.5185188963217
			137.407408755148	-38.5185188963217
			137.777779129151	-38.5185188963217
			138.148149503154	-38.5185188963217
		</Right_Wing>
		<Right_Side type=matrix rownames=FALSE colnames=FALSE nrow=43 ncol=2 as.numeric=TRUE >
			138.148149503154	-38.5185188963217
			138.148149503154	-38.1481485223186
			138.148149503154	-37.7777781483155
			138.148149503154	-37.4074077743124
			138.148149503154	-37.0370374003093
			138.518519877157	-36.6666670263062
			138.518519877157	-36.2962966523031
			138.88889025116	-36.2962966523031
			138.88889025116	-35.9259262783
			138.88889025116	-35.5555559042969
			138.88889025116	-35.1851855302938
			138.88889025116	-34.8148151562907
			138.88889025116	-34.4444447822877
			138.88889025116	-34.0740744082846
			138.518519877157	-33.7037040342815
			138.518519877157	-33.3333336602784
			138.518519877157	-32.9629632862753
			138.148149503154	-32.9629632862753
			138.148149503154	-32.5925929122722
			138.148149503154	-32.2222225382691
			138.148149503154	-31.851852164266
			138.148149503154	-31.4814817902629
			138.148149503154	-31.1111114162598
			137.777779129151	-31.1111114162598
			137.777779129151	-30.7407410422567
			137.407408755148	-30.3703706682536
			137.407408755148	-30.0000002942505
			137.407408755148	-29.6296299202474
			137.407408755148	-29.2592595462443
			137.407408755148	-28.8888891722413
			137.407408755148	-28.5185187982382
			137.407408755148	-28.1481484242351
			137.037038381144	-27.777778050232
			137.037038381144	-27.4074076762289
			136.666668007141	-27.0370373022258
			136.666668007141	-26.6666669282227
			136.296297633138	-26.2962965542196
			136.296297633138	-25.9259261802165
			135.925927259135	-25.5555558062134
			135.555556885132	-25.1851854322103
			135.185186511129	-24.8148150582072
			135.185186511129	-24.4444446842041
			134.814816137126	-24.074074310201
		</Right_Side>
	</curves.scaled>
	<ruler.points type=matrix rownames=TRUE colnames=FALSE nrow=6 ncol=2 as.numeric=TRUE >
		Ruler point 1	198	533
		Ruler point 2	224	533
		Ruler point 3	251	534
		Ruler point 4	277	534
		Ruler point 5	305	533
		Ruler point 6	333	533
	</ruler.points>
</shapes>

