<shapes type=list>
	<ruler.pixel type=vector names=FALSE length=1 as.numeric=TRUE >26.9999999956327</ruler.pixel>
	<ruler.interval type=vector names=FALSE length=1 as.numeric=TRUE >10</ruler.interval>
	<scaling.units type=vector names=FALSE length=1 as.numeric=FALSE >mm</scaling.units>
	<scaling type=vector names=FALSE length=1 as.numeric=TRUE >0.370370370430278</scaling>
	<landmarks.pixel type=matrix rownames=TRUE colnames=FALSE nrow=4 ncol=2 as.numeric=TRUE >
		Point_Tip	166	170
		Left_Tang_Center	149	206
		Base_Center	163	219
		Right_Tang_Center	181	208
	</landmarks.pixel>
	<landmarks.scaled type=matrix rownames=TRUE colnames=FALSE nrow=4 ncol=2 as.numeric=TRUE >
		Point_Tip	61.4814814914262	-62.9629629731473
		Left_Tang_Center	55.1851851941114	-76.2962963086373
		Base_Center	60.3703703801353	-81.1111111242309
		Right_Tang_Center	67.0370370478803	-77.0370370494978
	</landmarks.scaled>
	<curves.control type=list>
		<Left_Side type=matrix rownames=FALSE colnames=FALSE nrow=11 ncol=2 as.numeric=TRUE >
			166	170
			165	170
			164	170
			162	172
			160	174
			160	176
			155	181
			155	186
			151	192
			151	199
			149	206
		</Left_Side>
		<Left_Wing type=matrix rownames=FALSE colnames=FALSE nrow=7 ncol=2 as.numeric=TRUE >
			149	206
			153	206
			157	206
			156	218
			158	219
			160	219
			163	219
		</Left_Wing>
		<Right_Wing type=matrix rownames=FALSE colnames=FALSE nrow=7 ncol=2 as.numeric=TRUE >
			163	219
			168	220
			170	216
			170	210
			171	208
			176	208
			181	208
		</Right_Wing>
		<Right_Side type=matrix rownames=FALSE colnames=FALSE nrow=9 ncol=2 as.numeric=TRUE >
			181	208
			182	206
			178	194
			175	188
			174	181
			170	177
			168	171
			167	170
			166	170
		</Right_Side>
	</curves.control>
	<curves.pixel type=list>
		<Left_Side type=matrix rownames=FALSE colnames=FALSE nrow=39 ncol=2 as.numeric=TRUE >
			166	170
			165	170
			164	170
			163	171
			162	172
			161	173
			160	174
			160	175
			159	176
			158	177
			158	178
			157	179
			156	180
			155	181
			155	182
			155	183
			155	184
			154	185
			154	186
			154	187
			153	188
			153	189
			152	190
			152	191
			151	192
			151	193
			151	194
			151	195
			151	196
			151	197
			151	198
			150	199
			150	200
			150	201
			150	202
			150	203
			149	204
			149	205
			149	206
		</Left_Side>
		<Left_Wing type=matrix rownames=FALSE colnames=FALSE nrow=27 ncol=2 as.numeric=TRUE >
			149	206
			150	206
			151	206
			152	206
			153	206
			154	206
			155	206
			156	206
			157	206
			157	207
			157	208
			157	209
			157	210
			157	211
			157	212
			157	213
			157	214
			157	215
			157	216
			157	217
			157	218
			158	219
			159	219
			160	219
			161	219
			162	219
			163	219
		</Left_Wing>
		<Right_Wing type=matrix rownames=FALSE colnames=FALSE nrow=28 ncol=2 as.numeric=TRUE >
			163	219
			164	219
			165	219
			166	219
			167	219
			168	219
			168	218
			169	217
			170	217
			170	216
			170	215
			170	214
			170	213
			170	212
			170	211
			170	210
			171	209
			171	208
			172	208
			173	208
			174	208
			175	208
			176	208
			177	208
			178	208
			179	208
			180	208
			181	208
		</Right_Wing>
		<Right_Side type=matrix rownames=FALSE colnames=FALSE nrow=42 ncol=2 as.numeric=TRUE >
			181	208
			181	207
			181	206
			181	205
			181	204
			181	203
			180	202
			180	201
			180	200
			180	199
			179	199
			179	198
			179	197
			179	196
			178	195
			178	194
			178	193
			177	192
			177	191
			176	190
			176	189
			176	188
			175	187
			175	186
			175	185
			174	184
			174	183
			174	182
			174	181
			173	180
			172	179
			172	178
			171	177
			170	176
			170	175
			169	174
			169	173
			169	172
			168	172
			168	171
			167	170
			166	170
		</Right_Side>
	</curves.pixel>
	<curves.scaled type=list>
		<Left_Side type=matrix rownames=FALSE colnames=FALSE nrow=39 ncol=2 as.numeric=TRUE >
			61.4814814914262	-62.9629629731473
			61.1111111209959	-62.9629629731473
			60.7407407505656	-62.9629629731473
			60.3703703801353	-63.3333333435775
			60.000000009705	-63.7037037140078
			59.6296296392748	-64.0740740844381
			59.2592592688445	-64.4444444548684
			59.2592592688445	-64.8148148252987
			58.8888888984142	-65.1851851957289
			58.5185185279839	-65.5555555661592
			58.5185185279839	-65.9259259365895
			58.1481481575536	-66.2962963070198
			57.7777777871234	-66.6666666774501
			57.4074074166931	-67.0370370478803
			57.4074074166931	-67.4074074183106
			57.4074074166931	-67.7777777887409
			57.4074074166931	-68.1481481591712
			57.0370370462628	-68.5185185296014
			57.0370370462628	-68.8888889000317
			57.0370370462628	-69.259259270462
			56.6666666758325	-69.6296296408923
			56.6666666758325	-70.0000000113226
			56.2962963054023	-70.3703703817528
			56.2962963054023	-70.7407407521831
			55.925925934972	-71.1111111226134
			55.925925934972	-71.4814814930437
			55.925925934972	-71.8518518634739
			55.925925934972	-72.2222222339042
			55.925925934972	-72.5925926043345
			55.925925934972	-72.9629629747648
			55.925925934972	-73.3333333451951
			55.5555555645417	-73.7037037156253
			55.5555555645417	-74.0740740860556
			55.5555555645417	-74.4444444564859
			55.5555555645417	-74.8148148269162
			55.5555555645417	-75.1851851973464
			55.1851851941114	-75.5555555677767
			55.1851851941114	-75.925925938207
			55.1851851941114	-76.2962963086373
		</Left_Side>
		<Left_Wing type=matrix rownames=FALSE colnames=FALSE nrow=27 ncol=2 as.numeric=TRUE >
			55.1851851941114	-76.2962963086373
			55.5555555645417	-76.2962963086373
			55.925925934972	-76.2962963086373
			56.2962963054023	-76.2962963086373
			56.6666666758325	-76.2962963086373
			57.0370370462628	-76.2962963086373
			57.4074074166931	-76.2962963086373
			57.7777777871234	-76.2962963086373
			58.1481481575536	-76.2962963086373
			58.1481481575536	-76.6666666790676
			58.1481481575536	-77.0370370494978
			58.1481481575536	-77.4074074199281
			58.1481481575536	-77.7777777903584
			58.1481481575536	-78.1481481607887
			58.1481481575536	-78.5185185312189
			58.1481481575536	-78.8888889016492
			58.1481481575536	-79.2592592720795
			58.1481481575536	-79.6296296425098
			58.1481481575536	-80.0000000129401
			58.1481481575536	-80.3703703833703
			58.1481481575536	-80.7407407538006
			58.5185185279839	-81.1111111242309
			58.8888888984142	-81.1111111242309
			59.2592592688445	-81.1111111242309
			59.6296296392748	-81.1111111242309
			60.000000009705	-81.1111111242309
			60.3703703801353	-81.1111111242309
		</Left_Wing>
		<Right_Wing type=matrix rownames=FALSE colnames=FALSE nrow=28 ncol=2 as.numeric=TRUE >
			60.3703703801353	-81.1111111242309
			60.7407407505656	-81.1111111242309
			61.1111111209959	-81.1111111242309
			61.4814814914262	-81.1111111242309
			61.8518518618564	-81.1111111242309
			62.2222222322867	-81.1111111242309
			62.2222222322867	-80.7407407538006
			62.592592602717	-80.3703703833703
			62.9629629731473	-80.3703703833703
			62.9629629731473	-80.0000000129401
			62.9629629731473	-79.6296296425098
			62.9629629731473	-79.2592592720795
			62.9629629731473	-78.8888889016492
			62.9629629731473	-78.5185185312189
			62.9629629731473	-78.1481481607887
			62.9629629731473	-77.7777777903584
			63.3333333435775	-77.4074074199281
			63.3333333435775	-77.0370370494978
			63.7037037140078	-77.0370370494978
			64.0740740844381	-77.0370370494978
			64.4444444548684	-77.0370370494978
			64.8148148252987	-77.0370370494978
			65.1851851957289	-77.0370370494978
			65.5555555661592	-77.0370370494978
			65.9259259365895	-77.0370370494978
			66.2962963070198	-77.0370370494978
			66.6666666774501	-77.0370370494978
			67.0370370478803	-77.0370370494978
		</Right_Wing>
		<Right_Side type=matrix rownames=FALSE colnames=FALSE nrow=42 ncol=2 as.numeric=TRUE >
			67.0370370478803	-77.0370370494978
			67.0370370478803	-76.6666666790676
			67.0370370478803	-76.2962963086373
			67.0370370478803	-75.925925938207
			67.0370370478803	-75.5555555677767
			67.0370370478803	-75.1851851973464
			66.6666666774501	-74.8148148269162
			66.6666666774501	-74.4444444564859
			66.6666666774501	-74.0740740860556
			66.6666666774501	-73.7037037156253
			66.2962963070198	-73.7037037156253
			66.2962963070198	-73.3333333451951
			66.2962963070198	-72.9629629747648
			66.2962963070198	-72.5925926043345
			65.9259259365895	-72.2222222339042
			65.9259259365895	-71.8518518634739
			65.9259259365895	-71.4814814930437
			65.5555555661592	-71.1111111226134
			65.5555555661592	-70.7407407521831
			65.1851851957289	-70.3703703817528
			65.1851851957289	-70.0000000113226
			65.1851851957289	-69.6296296408923
			64.8148148252987	-69.259259270462
			64.8148148252987	-68.8888889000317
			64.8148148252987	-68.5185185296014
			64.4444444548684	-68.1481481591712
			64.4444444548684	-67.7777777887409
			64.4444444548684	-67.4074074183106
			64.4444444548684	-67.0370370478803
			64.0740740844381	-66.6666666774501
			63.7037037140078	-66.2962963070198
			63.7037037140078	-65.9259259365895
			63.3333333435775	-65.5555555661592
			62.9629629731473	-65.1851851957289
			62.9629629731473	-64.8148148252987
			62.592592602717	-64.4444444548684
			62.592592602717	-64.0740740844381
			62.592592602717	-63.7037037140078
			62.2222222322867	-63.7037037140078
			62.2222222322867	-63.3333333435775
			61.8518518618564	-62.9629629731473
			61.4814814914262	-62.9629629731473
		</Right_Side>
	</curves.scaled>
	<ruler.points type=matrix rownames=TRUE colnames=FALSE nrow=6 ncol=2 as.numeric=TRUE >
		Ruler point 1	199	533
		Ruler point 2	225	533
		Ruler point 3	252	533
		Ruler point 4	279	533
		Ruler point 5	306	533
		Ruler point 6	334	534
	</ruler.points>
</shapes>

