<shapes type=list>
	<ruler.interval type=vector names=FALSE length=1 as.numeric=TRUE >10</ruler.interval>
	<scaling.units type=vector names=FALSE length=1 as.numeric=FALSE >mm</scaling.units>
	<scaling type=vector names=FALSE length=1 as.numeric=TRUE >0.329491373372893</scaling>
	<landmarks.pixel type=matrix rownames=TRUE colnames=FALSE nrow=4 ncol=2 as.numeric=TRUE >
		Point_Tip	252	281
		Left_Tang_Center	236	322
		Base_Center	250	339
		Right_Tang_Center	262	325
	</landmarks.pixel>
	<landmarks.scaled type=matrix rownames=TRUE colnames=FALSE nrow=4 ncol=2 as.numeric=TRUE >
		Point_Tip	83.0318260899691	-92.587075917783
		Left_Tang_Center	77.7599641160028	-106.096222226072
		Base_Center	82.3728433432233	-111.697575573411
		Right_Tang_Center	86.3267398236981	-107.08469634619
	</landmarks.scaled>
	<curves.control type=list>
		<Left_Side type=matrix rownames=FALSE colnames=FALSE nrow=15 ncol=2 as.numeric=TRUE >
			252	281
			250	282
			250	284
			249	287
			247	289
			248	294
			244	295
			242	296
			243	298
			242	300
			238	304
			241	307
			238	311
			236	316
			236	322
		</Left_Side>
		<Left_Wing type=matrix rownames=FALSE colnames=FALSE nrow=7 ncol=2 as.numeric=TRUE >
			236	322
			237	324
			241	324
			244	324
			243	330
			243	335
			250	339
		</Left_Wing>
		<Right_Wing type=matrix rownames=FALSE colnames=FALSE nrow=7 ncol=2 as.numeric=TRUE >
			250	339
			254	339
			256	335
			255	328
			259	328
			262	328
			262	325
		</Right_Wing>
		<Right_Side type=matrix rownames=FALSE colnames=FALSE nrow=9 ncol=2 as.numeric=TRUE >
			262	325
			264	320
			262	314
			259	305
			259	293
			254	289
			254	282
			253	281
			252	281
		</Right_Side>
	</curves.control>
	<curves.pixel type=list>
		<Left_Side type=matrix rownames=FALSE colnames=FALSE nrow=49 ncol=2 as.numeric=TRUE >
			252	281
			251	281
			251	282
			250	283
			250	284
			250	285
			249	286
			249	287
			248	288
			247	288
			247	289
			247	290
			247	291
			247	292
			247	293
			246	293
			246	294
			245	294
			245	295
			244	295
			243	295
			243	296
			243	297
			243	298
			242	299
			241	300
			241	301
			240	302
			239	303
			238	304
			239	305
			239	306
			239	307
			239	308
			239	309
			239	310
			238	311
			238	312
			237	313
			237	314
			237	315
			237	316
			236	316
			236	317
			236	318
			236	319
			236	320
			236	321
			236	322
		</Left_Side>
		<Left_Wing type=matrix rownames=FALSE colnames=FALSE nrow=25 ncol=2 as.numeric=TRUE >
			236	322
			237	323
			238	323
			239	324
			240	324
			241	324
			242	324
			242	325
			243	325
			243	326
			243	327
			243	328
			243	329
			243	330
			243	331
			243	332
			243	333
			244	333
			244	334
			245	335
			246	336
			247	337
			248	338
			249	339
			250	339
		</Left_Wing>
		<Right_Wing type=matrix rownames=FALSE colnames=FALSE nrow=21 ncol=2 as.numeric=TRUE >
			250	339
			251	339
			252	339
			253	338
			254	338
			255	337
			255	336
			256	335
			256	334
			256	333
			256	332
			256	331
			256	330
			257	329
			257	328
			258	328
			259	328
			260	328
			261	327
			262	326
			262	325
		</Right_Wing>
		<Right_Side type=matrix rownames=FALSE colnames=FALSE nrow=47 ncol=2 as.numeric=TRUE >
			262	325
			262	324
			263	323
			263	322
			263	321
			263	320
			263	319
			263	318
			263	317
			262	316
			262	315
			262	314
			262	313
			261	312
			261	311
			261	310
			261	309
			260	308
			260	307
			260	306
			260	305
			260	304
			260	303
			259	302
			259	301
			259	300
			259	299
			259	298
			259	297
			259	296
			259	295
			259	294
			259	293
			258	292
			257	291
			256	290
			255	289
			255	288
			255	287
			255	286
			254	286
			254	285
			254	284
			254	283
			254	282
			253	281
			252	281
		</Right_Side>
	</curves.pixel>
	<curves.scaled type=list>
		<Left_Side type=matrix rownames=FALSE colnames=FALSE nrow=49 ncol=2 as.numeric=TRUE >
			83.0318260899691	-92.587075917783
			82.7023347165962	-92.587075917783
			82.7023347165962	-92.9165672911559
			82.3728433432233	-93.2460586645288
			82.3728433432233	-93.5755500379017
			82.3728433432233	-93.9050414112746
			82.0433519698504	-94.2345327846475
			82.0433519698504	-94.5640241580204
			81.7138605964776	-94.8935155313933
			81.3843692231047	-94.8935155313933
			81.3843692231047	-95.2230069047662
			81.3843692231047	-95.5524982781391
			81.3843692231047	-95.881989651512
			81.3843692231047	-96.2114810248849
			81.3843692231047	-96.5409723982578
			81.0548778497318	-96.5409723982578
			81.0548778497318	-96.8704637716307
			80.7253864763589	-96.8704637716307
			80.7253864763589	-97.1999551450035
			80.395895102986	-97.1999551450035
			80.0664037296131	-97.1999551450035
			80.0664037296131	-97.5294465183764
			80.0664037296131	-97.8589378917493
			80.0664037296131	-98.1884292651222
			79.7369123562402	-98.5179206384951
			79.4074209828673	-98.847412011868
			79.4074209828673	-99.1769033852409
			79.0779296094944	-99.5063947586138
			78.7484382361215	-99.8358861319867
			78.4189468627486	-100.16537750536
			78.7484382361215	-100.494868878732
			78.7484382361215	-100.824360252105
			78.7484382361215	-101.153851625478
			78.7484382361215	-101.483342998851
			78.7484382361215	-101.812834372224
			78.7484382361215	-102.142325745597
			78.4189468627486	-102.47181711897
			78.4189468627486	-102.801308492343
			78.0894554893757	-103.130799865716
			78.0894554893757	-103.460291239089
			78.0894554893757	-103.789782612461
			78.0894554893757	-104.119273985834
			77.7599641160028	-104.119273985834
			77.7599641160028	-104.448765359207
			77.7599641160028	-104.77825673258
			77.7599641160028	-105.107748105953
			77.7599641160028	-105.437239479326
			77.7599641160028	-105.766730852699
			77.7599641160028	-106.096222226072
		</Left_Side>
		<Left_Wing type=matrix rownames=FALSE colnames=FALSE nrow=25 ncol=2 as.numeric=TRUE >
			77.7599641160028	-106.096222226072
			78.0894554893757	-106.425713599445
			78.4189468627486	-106.425713599445
			78.7484382361215	-106.755204972817
			79.0779296094944	-106.755204972817
			79.4074209828673	-106.755204972817
			79.7369123562402	-106.755204972817
			79.7369123562402	-107.08469634619
			80.0664037296131	-107.08469634619
			80.0664037296131	-107.414187719563
			80.0664037296131	-107.743679092936
			80.0664037296131	-108.073170466309
			80.0664037296131	-108.402661839682
			80.0664037296131	-108.732153213055
			80.0664037296131	-109.061644586428
			80.0664037296131	-109.391135959801
			80.0664037296131	-109.720627333173
			80.395895102986	-109.720627333173
			80.395895102986	-110.050118706546
			80.7253864763589	-110.379610079919
			81.0548778497318	-110.709101453292
			81.3843692231047	-111.038592826665
			81.7138605964776	-111.368084200038
			82.0433519698504	-111.697575573411
			82.3728433432233	-111.697575573411
		</Left_Wing>
		<Right_Wing type=matrix rownames=FALSE colnames=FALSE nrow=21 ncol=2 as.numeric=TRUE >
			82.3728433432233	-111.697575573411
			82.7023347165962	-111.697575573411
			83.0318260899691	-111.697575573411
			83.361317463342	-111.368084200038
			83.6908088367149	-111.368084200038
			84.0203002100878	-111.038592826665
			84.0203002100878	-110.709101453292
			84.3497915834607	-110.379610079919
			84.3497915834607	-110.050118706546
			84.3497915834607	-109.720627333173
			84.3497915834607	-109.391135959801
			84.3497915834607	-109.061644586428
			84.3497915834607	-108.732153213055
			84.6792829568336	-108.402661839682
			84.6792829568336	-108.073170466309
			85.0087743302065	-108.073170466309
			85.3382657035794	-108.073170466309
			85.6677570769523	-108.073170466309
			85.9972484503252	-107.743679092936
			86.3267398236981	-107.414187719563
			86.3267398236981	-107.08469634619
		</Right_Wing>
		<Right_Side type=matrix rownames=FALSE colnames=FALSE nrow=47 ncol=2 as.numeric=TRUE >
			86.3267398236981	-107.08469634619
			86.3267398236981	-106.755204972817
			86.656231197071	-106.425713599445
			86.656231197071	-106.096222226072
			86.656231197071	-105.766730852699
			86.656231197071	-105.437239479326
			86.656231197071	-105.107748105953
			86.656231197071	-104.77825673258
			86.656231197071	-104.448765359207
			86.3267398236981	-104.119273985834
			86.3267398236981	-103.789782612461
			86.3267398236981	-103.460291239089
			86.3267398236981	-103.130799865716
			85.9972484503252	-102.801308492343
			85.9972484503252	-102.47181711897
			85.9972484503252	-102.142325745597
			85.9972484503252	-101.812834372224
			85.6677570769523	-101.483342998851
			85.6677570769523	-101.153851625478
			85.6677570769523	-100.824360252105
			85.6677570769523	-100.494868878732
			85.6677570769523	-100.16537750536
			85.6677570769523	-99.8358861319867
			85.3382657035794	-99.5063947586138
			85.3382657035794	-99.1769033852409
			85.3382657035794	-98.847412011868
			85.3382657035794	-98.5179206384951
			85.3382657035794	-98.1884292651222
			85.3382657035794	-97.8589378917493
			85.3382657035794	-97.5294465183764
			85.3382657035794	-97.1999551450035
			85.3382657035794	-96.8704637716307
			85.3382657035794	-96.5409723982578
			85.0087743302065	-96.2114810248849
			84.6792829568336	-95.881989651512
			84.3497915834607	-95.5524982781391
			84.0203002100878	-95.2230069047662
			84.0203002100878	-94.8935155313933
			84.0203002100878	-94.5640241580204
			84.0203002100878	-94.2345327846475
			83.6908088367149	-94.2345327846475
			83.6908088367149	-93.9050414112746
			83.6908088367149	-93.5755500379017
			83.6908088367149	-93.2460586645288
			83.6908088367149	-92.9165672911559
			83.361317463342	-92.587075917783
			83.0318260899691	-92.587075917783
		</Right_Side>
	</curves.scaled>
	<ruler.points type=matrix rownames=TRUE colnames=FALSE nrow=6 ncol=2 as.numeric=TRUE >
		Ruler point 1	281	535
		Ruler point 2	312	535
		Ruler point 3	340	534
		Ruler point 4	372	533
		Ruler point 5	399	532
		Ruler point 6	433	531
	</ruler.points>
</shapes>

