<shapes type=list>
	<ruler.pixel type=vector names=FALSE length=1 as.numeric=TRUE >26.0262430277564</ruler.pixel>
	<ruler.interval type=vector names=FALSE length=1 as.numeric=TRUE >10</ruler.interval>
	<scaling.units type=vector names=FALSE length=1 as.numeric=FALSE >mm</scaling.units>
	<scaling type=vector names=FALSE length=1 as.numeric=TRUE >0.384227565589672</scaling>
	<landmarks.pixel type=matrix rownames=TRUE colnames=FALSE nrow=4 ncol=2 as.numeric=TRUE >
		Point_Tip	271	383
		Left_Tang_Center	253	427
		Base_Center	264	447
		Right_Tang_Center	284	430
	</landmarks.pixel>
	<landmarks.scaled type=matrix rownames=TRUE colnames=FALSE nrow=4 ncol=2 as.numeric=TRUE >
		Point_Tip	104.125670274801	-147.159157620844
		Left_Tang_Center	97.209574094187	-164.06517050679
		Base_Center	101.436077315673	-171.749721818583
		Right_Tang_Center	109.120628627467	-165.217853203559
	</landmarks.scaled>
	<curves.control type=list>
		<Left_Side type=matrix rownames=FALSE colnames=FALSE nrow=7 ncol=2 as.numeric=TRUE >
			271	383
			263	401
			255	420
			252	424
			252	425
			252	426
			253	427
		</Left_Side>
		<Left_Wing type=matrix rownames=FALSE colnames=FALSE nrow=7 ncol=2 as.numeric=TRUE >
			253	427
			255	429
			259	428
			263	429
			262	434
			263	437
			264	447
		</Left_Wing>
		<Right_Wing type=matrix rownames=FALSE colnames=FALSE nrow=5 ncol=2 as.numeric=TRUE >
			264	447
			268	442
			270	434
			272	426
			284	430
		</Right_Wing>
		<Right_Side type=matrix rownames=FALSE colnames=FALSE nrow=11 ncol=2 as.numeric=TRUE >
			284	430
			281	424
			279	418
			279	414
			277	410
			277	405
			277	400
			274	398
			275	394
			273	385
			271	383
		</Right_Side>
	</curves.control>
	<curves.pixel type=list>
		<Left_Side type=matrix rownames=FALSE colnames=FALSE nrow=47 ncol=2 as.numeric=TRUE >
			271	383
			270	384
			270	385
			270	386
			269	387
			269	388
			268	389
			268	390
			267	391
			267	392
			267	393
			266	394
			266	395
			265	396
			265	397
			264	398
			264	399
			264	400
			263	401
			263	402
			262	403
			262	404
			261	405
			261	406
			261	407
			260	408
			260	409
			259	410
			259	411
			258	412
			258	413
			258	414
			257	415
			257	416
			256	417
			256	418
			255	419
			255	420
			254	421
			254	422
			253	422
			253	423
			252	424
			252	425
			252	426
			253	426
			253	427
		</Left_Side>
		<Left_Wing type=matrix rownames=FALSE colnames=FALSE nrow=28 ncol=2 as.numeric=TRUE >
			253	427
			254	428
			255	428
			256	428
			257	428
			258	428
			259	428
			260	428
			261	429
			262	430
			262	431
			262	432
			262	433
			262	434
			262	435
			262	436
			263	436
			263	437
			263	438
			263	439
			263	440
			263	441
			264	442
			264	443
			264	444
			264	445
			264	446
			264	447
		</Left_Wing>
		<Right_Wing type=matrix rownames=FALSE colnames=FALSE nrow=32 ncol=2 as.numeric=TRUE >
			264	447
			265	446
			265	445
			266	444
			267	443
			267	442
			268	441
			268	440
			268	439
			269	438
			269	437
			270	436
			270	435
			270	434
			270	433
			271	433
			271	432
			271	431
			272	431
			272	430
			273	430
			274	429
			275	429
			276	429
			277	429
			278	429
			279	429
			280	429
			281	429
			282	429
			283	430
			284	430
		</Right_Wing>
		<Right_Side type=matrix rownames=FALSE colnames=FALSE nrow=49 ncol=2 as.numeric=TRUE >
			284	430
			283	429
			283	428
			283	427
			282	426
			282	425
			281	424
			281	423
			280	422
			280	421
			280	420
			279	419
			279	418
			279	417
			279	416
			279	415
			278	414
			278	413
			278	412
			278	411
			277	411
			277	410
			277	409
			277	408
			277	407
			277	406
			277	405
			277	404
			277	403
			277	402
			277	401
			277	400
			276	399
			275	398
			275	397
			275	396
			275	395
			275	394
			275	393
			275	392
			274	391
			274	390
			274	389
			273	388
			273	387
			273	386
			272	385
			272	384
			271	383
		</Right_Side>
	</curves.pixel>
	<curves.scaled type=list>
		<Left_Side type=matrix rownames=FALSE colnames=FALSE nrow=47 ncol=2 as.numeric=TRUE >
			104.125670274801	-147.159157620844
			103.741442709211	-147.543385186434
			103.741442709211	-147.927612752024
			103.741442709211	-148.311840317613
			103.357215143622	-148.696067883203
			103.357215143622	-149.080295448793
			102.972987578032	-149.464523014382
			102.972987578032	-149.848750579972
			102.588760012442	-150.232978145562
			102.588760012442	-150.617205711151
			102.588760012442	-151.001433276741
			102.204532446853	-151.385660842331
			102.204532446853	-151.76988840792
			101.820304881263	-152.15411597351
			101.820304881263	-152.5383435391
			101.436077315673	-152.922571104689
			101.436077315673	-153.306798670279
			101.436077315673	-153.691026235869
			101.051849750084	-154.075253801458
			101.051849750084	-154.459481367048
			100.667622184494	-154.843708932638
			100.667622184494	-155.227936498227
			100.283394618904	-155.612164063817
			100.283394618904	-155.996391629407
			100.283394618904	-156.380619194996
			99.8991670533147	-156.764846760586
			99.8991670533147	-157.149074326176
			99.514939487725	-157.533301891765
			99.514939487725	-157.917529457355
			99.1307119221353	-158.301757022945
			99.1307119221353	-158.685984588534
			99.1307119221353	-159.070212154124
			98.7464843565457	-159.454439719714
			98.7464843565457	-159.838667285304
			98.362256790956	-160.222894850893
			98.362256790956	-160.607122416483
			97.9780292253663	-160.991349982073
			97.9780292253663	-161.375577547662
			97.5938016597767	-161.759805113252
			97.5938016597767	-162.144032678842
			97.209574094187	-162.144032678842
			97.209574094187	-162.528260244431
			96.8253465285973	-162.912487810021
			96.8253465285973	-163.296715375611
			96.8253465285973	-163.6809429412
			97.209574094187	-163.6809429412
			97.209574094187	-164.06517050679
		</Left_Side>
		<Left_Wing type=matrix rownames=FALSE colnames=FALSE nrow=28 ncol=2 as.numeric=TRUE >
			97.209574094187	-164.06517050679
			97.5938016597767	-164.44939807238
			97.9780292253663	-164.44939807238
			98.362256790956	-164.44939807238
			98.7464843565457	-164.44939807238
			99.1307119221353	-164.44939807238
			99.514939487725	-164.44939807238
			99.8991670533147	-164.44939807238
			100.283394618904	-164.833625637969
			100.667622184494	-165.217853203559
			100.667622184494	-165.602080769149
			100.667622184494	-165.986308334738
			100.667622184494	-166.370535900328
			100.667622184494	-166.754763465918
			100.667622184494	-167.138991031507
			100.667622184494	-167.523218597097
			101.051849750084	-167.523218597097
			101.051849750084	-167.907446162687
			101.051849750084	-168.291673728276
			101.051849750084	-168.675901293866
			101.051849750084	-169.060128859456
			101.051849750084	-169.444356425045
			101.436077315673	-169.828583990635
			101.436077315673	-170.212811556225
			101.436077315673	-170.597039121814
			101.436077315673	-170.981266687404
			101.436077315673	-171.365494252994
			101.436077315673	-171.749721818583
		</Left_Wing>
		<Right_Wing type=matrix rownames=FALSE colnames=FALSE nrow=32 ncol=2 as.numeric=TRUE >
			101.436077315673	-171.749721818583
			101.820304881263	-171.365494252994
			101.820304881263	-170.981266687404
			102.204532446853	-170.597039121814
			102.588760012442	-170.212811556225
			102.588760012442	-169.828583990635
			102.972987578032	-169.444356425045
			102.972987578032	-169.060128859456
			102.972987578032	-168.675901293866
			103.357215143622	-168.291673728276
			103.357215143622	-167.907446162687
			103.741442709211	-167.523218597097
			103.741442709211	-167.138991031507
			103.741442709211	-166.754763465918
			103.741442709211	-166.370535900328
			104.125670274801	-166.370535900328
			104.125670274801	-165.986308334738
			104.125670274801	-165.602080769149
			104.509897840391	-165.602080769149
			104.509897840391	-165.217853203559
			104.89412540598	-165.217853203559
			105.27835297157	-164.833625637969
			105.66258053716	-164.833625637969
			106.046808102749	-164.833625637969
			106.431035668339	-164.833625637969
			106.815263233929	-164.833625637969
			107.199490799518	-164.833625637969
			107.583718365108	-164.833625637969
			107.967945930698	-164.833625637969
			108.352173496287	-164.833625637969
			108.736401061877	-165.217853203559
			109.120628627467	-165.217853203559
		</Right_Wing>
		<Right_Side type=matrix rownames=FALSE colnames=FALSE nrow=49 ncol=2 as.numeric=TRUE >
			109.120628627467	-165.217853203559
			108.736401061877	-164.833625637969
			108.736401061877	-164.44939807238
			108.736401061877	-164.06517050679
			108.352173496287	-163.6809429412
			108.352173496287	-163.296715375611
			107.967945930698	-162.912487810021
			107.967945930698	-162.528260244431
			107.583718365108	-162.144032678842
			107.583718365108	-161.759805113252
			107.583718365108	-161.375577547662
			107.199490799518	-160.991349982073
			107.199490799518	-160.607122416483
			107.199490799518	-160.222894850893
			107.199490799518	-159.838667285304
			107.199490799518	-159.454439719714
			106.815263233929	-159.070212154124
			106.815263233929	-158.685984588534
			106.815263233929	-158.301757022945
			106.815263233929	-157.917529457355
			106.431035668339	-157.917529457355
			106.431035668339	-157.533301891765
			106.431035668339	-157.149074326176
			106.431035668339	-156.764846760586
			106.431035668339	-156.380619194996
			106.431035668339	-155.996391629407
			106.431035668339	-155.612164063817
			106.431035668339	-155.227936498227
			106.431035668339	-154.843708932638
			106.431035668339	-154.459481367048
			106.431035668339	-154.075253801458
			106.431035668339	-153.691026235869
			106.046808102749	-153.306798670279
			105.66258053716	-152.922571104689
			105.66258053716	-152.5383435391
			105.66258053716	-152.15411597351
			105.66258053716	-151.76988840792
			105.66258053716	-151.385660842331
			105.66258053716	-151.001433276741
			105.66258053716	-150.617205711151
			105.27835297157	-150.232978145562
			105.27835297157	-149.848750579972
			105.27835297157	-149.464523014382
			104.89412540598	-149.080295448793
			104.89412540598	-148.696067883203
			104.89412540598	-148.311840317613
			104.509897840391	-147.927612752024
			104.509897840391	-147.543385186434
			104.125670274801	-147.159157620844
		</Right_Side>
	</curves.scaled>
	<ruler.points type=matrix rownames=TRUE colnames=FALSE nrow=5 ncol=2 as.numeric=TRUE >
		Ruler point 1	298	1101
		Ruler point 2	322	1102
		Ruler point 3	350	1104
		Ruler point 4	375	1104
		Ruler point 5	402	1105
	</ruler.points>
</shapes>

