<shapes type=list>
	<ruler.pixel type=vector names=FALSE length=1 as.numeric=TRUE >183.010928635423</ruler.pixel>
	<ruler.interval type=vector names=FALSE length=1 as.numeric=TRUE >40</ruler.interval>
	<scaling.units type=vector names=FALSE length=1 as.numeric=FALSE >mm</scaling.units>
	<scaling type=vector names=FALSE length=1 as.numeric=TRUE >0.218566182349056</scaling>
	<landmarks.pixel type=matrix rownames=TRUE colnames=FALSE nrow=4 ncol=2 as.numeric=TRUE >
		Point_Tip	272	370
		Left_Tang_Center	238	426
		Base_Center	266	475
		Right_Tang_Center	312	444
	</landmarks.pixel>
	<landmarks.scaled type=matrix rownames=TRUE colnames=FALSE nrow=4 ncol=2 as.numeric=TRUE >
		Point_Tip	59.4500015989432	-80.8694874691507
		Left_Tang_Center	52.0187513990753	-93.1091936806978
		Base_Center	58.1386045048489	-103.818936615802
		Right_Tang_Center	68.1926488929055	-97.0433849629809
	</landmarks.scaled>
	<curves.control type=list>
		<Left_Side type=matrix rownames=FALSE colnames=FALSE nrow=9 ncol=2 as.numeric=TRUE >
			272	370
			267	373
			267	381
			256	384
			260	395
			255	400
			254	405
			240	408
			238	426
		</Left_Side>
		<Left_Wing type=matrix rownames=FALSE colnames=FALSE nrow=7 ncol=2 as.numeric=TRUE >
			238	426
			243	430
			251	431
			255	437
			257	462
			260	469
			266	475
		</Left_Wing>
		<Right_Wing type=matrix rownames=FALSE colnames=FALSE nrow=9 ncol=2 as.numeric=TRUE >
			266	475
			277	470
			277	462
			280	445
			286	436
			290	434
			303	441
			308	444
			312	444
		</Right_Wing>
		<Right_Side type=matrix rownames=FALSE colnames=FALSE nrow=13 ncol=2 as.numeric=TRUE >
			312	444
			309	432
			306	424
			302	417
			297	408
			292	405
			289	399
			286	393
			286	387
			278	381
			275	373
			274	371
			272	370
		</Right_Side>
	</curves.control>
	<curves.pixel type=list>
		<Left_Side type=matrix rownames=FALSE colnames=FALSE nrow=69 ncol=2 as.numeric=TRUE >
			272	370
			271	370
			271	371
			270	371
			270	372
			269	373
			269	374
			268	375
			268	376
			267	377
			267	378
			267	379
			267	380
			267	381
			266	381
			265	382
			264	382
			263	383
			262	383
			261	384
			260	385
			260	386
			259	387
			259	388
			259	389
			259	390
			259	391
			259	392
			259	393
			260	394
			260	395
			259	396
			258	397
			257	398
			257	399
			256	400
			256	401
			255	402
			255	403
			254	403
			254	404
			254	405
			253	405
			252	405
			251	406
			250	406
			249	407
			248	407
			247	408
			246	409
			245	409
			245	410
			244	410
			244	411
			243	412
			242	413
			241	414
			241	415
			240	416
			240	417
			240	418
			239	419
			239	420
			239	421
			239	422
			238	423
			238	424
			238	425
			238	426
		</Left_Side>
		<Left_Wing type=matrix rownames=FALSE colnames=FALSE nrow=59 ncol=2 as.numeric=TRUE >
			238	426
			239	427
			240	427
			241	428
			242	429
			243	429
			244	429
			245	430
			246	430
			247	430
			248	431
			249	431
			250	431
			251	431
			252	432
			252	433
			252	434
			253	435
			253	436
			253	437
			254	438
			254	439
			254	440
			254	441
			255	442
			255	443
			255	444
			255	445
			255	446
			255	447
			255	448
			256	449
			256	450
			256	451
			256	452
			256	453
			256	454
			256	455
			256	456
			257	457
			257	458
			257	459
			257	460
			257	461
			257	462
			257	463
			258	463
			258	464
			258	465
			259	466
			260	467
			260	468
			261	469
			262	470
			263	471
			263	472
			264	473
			265	474
			266	475
		</Left_Wing>
		<Right_Wing type=matrix rownames=FALSE colnames=FALSE nrow=74 ncol=2 as.numeric=TRUE >
			266	475
			267	474
			268	474
			269	473
			270	473
			271	472
			272	471
			273	471
			273	470
			274	469
			275	469
			275	468
			276	467
			276	466
			277	465
			277	464
			277	463
			277	462
			277	461
			277	460
			278	459
			278	458
			278	457
			278	456
			279	455
			279	454
			279	453
			279	452
			279	451
			280	451
			280	450
			280	449
			280	448
			281	447
			281	446
			282	445
			282	444
			282	443
			283	442
			283	441
			284	440
			284	439
			285	438
			285	437
			286	436
			287	436
			288	436
			289	436
			290	436
			291	436
			292	436
			293	436
			294	437
			295	437
			296	438
			297	438
			298	438
			299	439
			300	439
			300	440
			301	440
			302	441
			303	441
			304	441
			304	442
			305	442
			306	442
			306	443
			307	443
			308	443
			309	444
			310	444
			311	444
			312	444
		</Right_Wing>
		<Right_Side type=matrix rownames=FALSE colnames=FALSE nrow=80 ncol=2 as.numeric=TRUE >
			312	444
			312	443
			311	442
			311	441
			311	440
			311	439
			310	438
			310	437
			310	436
			309	435
			309	434
			309	433
			309	432
			308	431
			308	430
			308	429
			307	428
			307	427
			307	426
			306	425
			306	424
			305	423
			305	422
			304	421
			304	420
			303	419
			303	418
			302	417
			301	416
			301	415
			300	414
			300	413
			299	412
			299	411
			298	410
			298	409
			297	408
			296	407
			295	407
			294	406
			293	405
			292	404
			292	403
			291	402
			290	401
			290	400
			289	399
			288	398
			288	397
			288	396
			287	395
			287	394
			287	393
			287	392
			286	391
			286	390
			286	389
			286	388
			285	387
			285	386
			284	385
			283	385
			282	384
			282	383
			281	382
			280	382
			280	381
			279	380
			278	379
			277	378
			277	377
			276	376
			276	375
			275	374
			275	373
			275	372
			274	372
			274	371
			273	370
			272	370
		</Right_Side>
	</curves.pixel>
	<curves.scaled type=list>
		<Left_Side type=matrix rownames=FALSE colnames=FALSE nrow=69 ncol=2 as.numeric=TRUE >
			59.4500015989432	-80.8694874691507
			59.2314354165942	-80.8694874691507
			59.2314354165942	-81.0880536514998
			59.0128692342451	-81.0880536514998
			59.0128692342451	-81.3066198338488
			58.7943030518961	-81.5251860161979
			58.7943030518961	-81.7437521985469
			58.575736869547	-81.962318380896
			58.575736869547	-82.180884563245
			58.3571706871979	-82.3994507455941
			58.3571706871979	-82.6180169279432
			58.3571706871979	-82.8365831102922
			58.3571706871979	-83.0551492926413
			58.3571706871979	-83.2737154749903
			58.1386045048489	-83.2737154749903
			57.9200383224998	-83.4922816573394
			57.7014721401508	-83.4922816573394
			57.4829059578017	-83.7108478396884
			57.2643397754527	-83.7108478396884
			57.0457735931036	-83.9294140220375
			56.8272074107546	-84.1479802043866
			56.8272074107546	-84.3665463867356
			56.6086412284055	-84.5851125690847
			56.6086412284055	-84.8036787514337
			56.6086412284055	-85.0222449337828
			56.6086412284055	-85.2408111161318
			56.6086412284055	-85.4593772984809
			56.6086412284055	-85.6779434808299
			56.6086412284055	-85.896509663179
			56.8272074107546	-86.1150758455281
			56.8272074107546	-86.3336420278771
			56.6086412284055	-86.5522082102262
			56.3900750460564	-86.7707743925752
			56.1715088637074	-86.9893405749243
			56.1715088637074	-87.2079067572733
			55.9529426813583	-87.4264729396224
			55.9529426813583	-87.6450391219715
			55.7343764990093	-87.8636053043205
			55.7343764990093	-88.0821714866696
			55.5158103166602	-88.0821714866696
			55.5158103166602	-88.3007376690186
			55.5158103166602	-88.5193038513677
			55.2972441343112	-88.5193038513677
			55.0786779519621	-88.5193038513677
			54.860111769613	-88.7378700337167
			54.641545587264	-88.7378700337167
			54.4229794049149	-88.9564362160658
			54.2044132225659	-88.9564362160658
			53.9858470402168	-89.1750023984148
			53.7672808578678	-89.3935685807639
			53.5487146755187	-89.3935685807639
			53.5487146755187	-89.6121347631129
			53.3301484931697	-89.6121347631129
			53.3301484931697	-89.830700945462
			53.1115823108206	-90.0492671278111
			52.8930161284715	-90.2678333101601
			52.6744499461225	-90.4863994925092
			52.6744499461225	-90.7049656748582
			52.4558837637734	-90.9235318572073
			52.4558837637734	-91.1420980395563
			52.4558837637734	-91.3606642219054
			52.2373175814244	-91.5792304042545
			52.2373175814244	-91.7977965866035
			52.2373175814244	-92.0163627689526
			52.2373175814244	-92.2349289513016
			52.0187513990753	-92.4534951336507
			52.0187513990753	-92.6720613159997
			52.0187513990753	-92.8906274983488
			52.0187513990753	-93.1091936806978
		</Left_Side>
		<Left_Wing type=matrix rownames=FALSE colnames=FALSE nrow=59 ncol=2 as.numeric=TRUE >
			52.0187513990753	-93.1091936806978
			52.2373175814244	-93.3277598630469
			52.4558837637734	-93.3277598630469
			52.6744499461225	-93.546326045396
			52.8930161284715	-93.764892227745
			53.1115823108206	-93.764892227745
			53.3301484931697	-93.764892227745
			53.5487146755187	-93.9834584100941
			53.7672808578678	-93.9834584100941
			53.9858470402168	-93.9834584100941
			54.2044132225659	-94.2020245924431
			54.4229794049149	-94.2020245924431
			54.641545587264	-94.2020245924431
			54.860111769613	-94.2020245924431
			55.0786779519621	-94.4205907747922
			55.0786779519621	-94.6391569571412
			55.0786779519621	-94.8577231394903
			55.2972441343112	-95.0762893218394
			55.2972441343112	-95.2948555041884
			55.2972441343112	-95.5134216865375
			55.5158103166602	-95.7319878688865
			55.5158103166602	-95.9505540512356
			55.5158103166602	-96.1691202335846
			55.5158103166602	-96.3876864159337
			55.7343764990093	-96.6062525982827
			55.7343764990093	-96.8248187806318
			55.7343764990093	-97.0433849629809
			55.7343764990093	-97.2619511453299
			55.7343764990093	-97.480517327679
			55.7343764990093	-97.699083510028
			55.7343764990093	-97.9176496923771
			55.9529426813583	-98.1362158747261
			55.9529426813583	-98.3547820570752
			55.9529426813583	-98.5733482394242
			55.9529426813583	-98.7919144217733
			55.9529426813583	-99.0104806041224
			55.9529426813583	-99.2290467864714
			55.9529426813583	-99.4476129688205
			55.9529426813583	-99.6661791511695
			56.1715088637074	-99.8847453335186
			56.1715088637074	-100.103311515868
			56.1715088637074	-100.321877698217
			56.1715088637074	-100.540443880566
			56.1715088637074	-100.759010062915
			56.1715088637074	-100.977576245264
			56.1715088637074	-101.196142427613
			56.3900750460564	-101.196142427613
			56.3900750460564	-101.414708609962
			56.3900750460564	-101.633274792311
			56.6086412284055	-101.85184097466
			56.8272074107546	-102.070407157009
			56.8272074107546	-102.288973339358
			57.0457735931036	-102.507539521707
			57.2643397754527	-102.726105704056
			57.4829059578017	-102.944671886405
			57.4829059578017	-103.163238068754
			57.7014721401508	-103.381804251103
			57.9200383224998	-103.600370433453
			58.1386045048489	-103.818936615802
		</Left_Wing>
		<Right_Wing type=matrix rownames=FALSE colnames=FALSE nrow=74 ncol=2 as.numeric=TRUE >
			58.1386045048489	-103.818936615802
			58.3571706871979	-103.600370433453
			58.575736869547	-103.600370433453
			58.7943030518961	-103.381804251103
			59.0128692342451	-103.381804251103
			59.2314354165942	-103.163238068754
			59.4500015989432	-102.944671886405
			59.6685677812923	-102.944671886405
			59.6685677812923	-102.726105704056
			59.8871339636413	-102.507539521707
			60.1057001459904	-102.507539521707
			60.1057001459904	-102.288973339358
			60.3242663283394	-102.070407157009
			60.3242663283394	-101.85184097466
			60.5428325106885	-101.633274792311
			60.5428325106885	-101.414708609962
			60.5428325106885	-101.196142427613
			60.5428325106885	-100.977576245264
			60.5428325106885	-100.759010062915
			60.5428325106885	-100.540443880566
			60.7613986930376	-100.321877698217
			60.7613986930376	-100.103311515868
			60.7613986930376	-99.8847453335186
			60.7613986930376	-99.6661791511695
			60.9799648753866	-99.4476129688205
			60.9799648753866	-99.2290467864714
			60.9799648753866	-99.0104806041224
			60.9799648753866	-98.7919144217733
			60.9799648753866	-98.5733482394242
			61.1985310577357	-98.5733482394242
			61.1985310577357	-98.3547820570752
			61.1985310577357	-98.1362158747261
			61.1985310577357	-97.9176496923771
			61.4170972400847	-97.699083510028
			61.4170972400847	-97.480517327679
			61.6356634224338	-97.2619511453299
			61.6356634224338	-97.0433849629809
			61.6356634224338	-96.8248187806318
			61.8542296047828	-96.6062525982827
			61.8542296047828	-96.3876864159337
			62.0727957871319	-96.1691202335846
			62.0727957871319	-95.9505540512356
			62.291361969481	-95.7319878688865
			62.291361969481	-95.5134216865375
			62.50992815183	-95.2948555041884
			62.7284943341791	-95.2948555041884
			62.9470605165281	-95.2948555041884
			63.1656266988772	-95.2948555041884
			63.3841928812262	-95.2948555041884
			63.6027590635753	-95.2948555041884
			63.8213252459243	-95.2948555041884
			64.0398914282734	-95.2948555041884
			64.2584576106225	-95.5134216865375
			64.4770237929715	-95.5134216865375
			64.6955899753206	-95.7319878688865
			64.9141561576696	-95.7319878688865
			65.1327223400187	-95.7319878688865
			65.3512885223677	-95.9505540512356
			65.5698547047168	-95.9505540512356
			65.5698547047168	-96.1691202335846
			65.7884208870659	-96.1691202335846
			66.0069870694149	-96.3876864159337
			66.225553251764	-96.3876864159337
			66.444119434113	-96.3876864159337
			66.444119434113	-96.6062525982827
			66.6626856164621	-96.6062525982827
			66.8812517988111	-96.6062525982827
			66.8812517988111	-96.8248187806318
			67.0998179811602	-96.8248187806318
			67.3183841635092	-96.8248187806318
			67.5369503458583	-97.0433849629809
			67.7555165282074	-97.0433849629809
			67.9740827105564	-97.0433849629809
			68.1926488929055	-97.0433849629809
		</Right_Wing>
		<Right_Side type=matrix rownames=FALSE colnames=FALSE nrow=80 ncol=2 as.numeric=TRUE >
			68.1926488929055	-97.0433849629809
			68.1926488929055	-96.8248187806318
			67.9740827105564	-96.6062525982827
			67.9740827105564	-96.3876864159337
			67.9740827105564	-96.1691202335846
			67.9740827105564	-95.9505540512356
			67.7555165282074	-95.7319878688865
			67.7555165282074	-95.5134216865375
			67.7555165282074	-95.2948555041884
			67.5369503458583	-95.0762893218394
			67.5369503458583	-94.8577231394903
			67.5369503458583	-94.6391569571412
			67.5369503458583	-94.4205907747922
			67.3183841635092	-94.2020245924431
			67.3183841635092	-93.9834584100941
			67.3183841635092	-93.764892227745
			67.0998179811602	-93.546326045396
			67.0998179811602	-93.3277598630469
			67.0998179811602	-93.1091936806978
			66.8812517988111	-92.8906274983488
			66.8812517988111	-92.6720613159997
			66.6626856164621	-92.4534951336507
			66.6626856164621	-92.2349289513016
			66.444119434113	-92.0163627689526
			66.444119434113	-91.7977965866035
			66.225553251764	-91.5792304042545
			66.225553251764	-91.3606642219054
			66.0069870694149	-91.1420980395563
			65.7884208870659	-90.9235318572073
			65.7884208870659	-90.7049656748582
			65.5698547047168	-90.4863994925092
			65.5698547047168	-90.2678333101601
			65.3512885223677	-90.0492671278111
			65.3512885223677	-89.830700945462
			65.1327223400187	-89.6121347631129
			65.1327223400187	-89.3935685807639
			64.9141561576696	-89.1750023984148
			64.6955899753206	-88.9564362160658
			64.4770237929715	-88.9564362160658
			64.2584576106225	-88.7378700337167
			64.0398914282734	-88.5193038513677
			63.8213252459243	-88.3007376690186
			63.8213252459243	-88.0821714866696
			63.6027590635753	-87.8636053043205
			63.3841928812262	-87.6450391219715
			63.3841928812262	-87.4264729396224
			63.1656266988772	-87.2079067572733
			62.9470605165281	-86.9893405749243
			62.9470605165281	-86.7707743925752
			62.9470605165281	-86.5522082102262
			62.7284943341791	-86.3336420278771
			62.7284943341791	-86.1150758455281
			62.7284943341791	-85.896509663179
			62.7284943341791	-85.6779434808299
			62.50992815183	-85.4593772984809
			62.50992815183	-85.2408111161318
			62.50992815183	-85.0222449337828
			62.50992815183	-84.8036787514337
			62.291361969481	-84.5851125690847
			62.291361969481	-84.3665463867356
			62.0727957871319	-84.1479802043866
			61.8542296047828	-84.1479802043866
			61.6356634224338	-83.9294140220375
			61.6356634224338	-83.7108478396884
			61.4170972400847	-83.4922816573394
			61.1985310577357	-83.4922816573394
			61.1985310577357	-83.2737154749903
			60.9799648753866	-83.0551492926413
			60.7613986930376	-82.8365831102922
			60.5428325106885	-82.6180169279432
			60.5428325106885	-82.3994507455941
			60.3242663283394	-82.180884563245
			60.3242663283394	-81.962318380896
			60.1057001459904	-81.7437521985469
			60.1057001459904	-81.5251860161979
			60.1057001459904	-81.3066198338488
			59.8871339636413	-81.3066198338488
			59.8871339636413	-81.0880536514998
			59.6685677812923	-80.8694874691507
			59.4500015989432	-80.8694874691507
		</Right_Side>
	</curves.scaled>
	<ruler.points type=matrix rownames=TRUE colnames=FALSE nrow=2 ncol=2 as.numeric=TRUE >
		Ruler point 1	446	740
		Ruler point 2	629	742
	</ruler.points>
</shapes>

