<shapes type=list>
	<ruler.pixel type=vector names=FALSE length=1 as.numeric=TRUE >27.282067433388</ruler.pixel>
	<ruler.interval type=vector names=FALSE length=1 as.numeric=TRUE >10</ruler.interval>
	<scaling.units type=vector names=FALSE length=1 as.numeric=FALSE >mm</scaling.units>
	<scaling type=vector names=FALSE length=1 as.numeric=TRUE >0.366541136386238</scaling>
	<landmarks.pixel type=matrix rownames=TRUE colnames=FALSE nrow=4 ncol=2 as.numeric=TRUE >
		Point_Tip	354	179
		Left_Tang_Center	326	223
		Base_Center	350	238
		Right_Tang_Center	372	232
	</landmarks.pixel>
	<landmarks.scaled type=matrix rownames=TRUE colnames=FALSE nrow=4 ncol=2 as.numeric=TRUE >
		Point_Tip	129.755562280728	-65.6108634131365
		Left_Tang_Center	119.492410461913	-81.738673414131
		Base_Center	128.289397735183	-87.2367904599246
		Right_Tang_Center	136.35330273568	-85.0375436416071
	</landmarks.scaled>
	<curves.control type=list>
		<Left_Side type=matrix rownames=FALSE colnames=FALSE nrow=7 ncol=2 as.numeric=TRUE >
			354	179
			350	179
			350	182
			342	200
			327	217
			325	220
			326	223
		</Left_Side>
		<Left_Wing type=matrix rownames=FALSE colnames=FALSE nrow=11 ncol=2 as.numeric=TRUE >
			326	223
			329	225
			332	222
			337	221
			342	221
			344	224
			343	228
			344	231
			346	234
			346	237
			350	238
		</Left_Wing>
		<Right_Wing type=matrix rownames=FALSE colnames=FALSE nrow=9 ncol=2 as.numeric=TRUE >
			350	238
			354	239
			357	237
			356	232
			357	228
			363	223
			367	231
			369	234
			372	232
		</Right_Wing>
		<Right_Side type=matrix rownames=FALSE colnames=FALSE nrow=11 ncol=2 as.numeric=TRUE >
			372	232
			375	227
			370	223
			378	216
			367	211
			367	203
			362	200
			363	195
			359	193
			357	179
			354	179
		</Right_Side>
	</curves.control>
	<curves.pixel type=list>
		<Left_Side type=matrix rownames=FALSE colnames=FALSE nrow=51 ncol=2 as.numeric=TRUE >
			354	179
			353	179
			352	179
			351	180
			350	180
			350	181
			350	182
			350	183
			349	184
			348	185
			348	186
			347	187
			347	188
			346	189
			346	190
			345	191
			345	192
			344	193
			344	194
			343	195
			343	196
			342	197
			341	198
			341	199
			340	200
			339	201
			338	202
			338	203
			337	204
			337	205
			336	206
			335	207
			335	208
			334	208
			333	209
			333	210
			332	211
			331	212
			331	213
			330	214
			329	214
			328	215
			328	216
			327	217
			327	218
			326	218
			326	219
			326	220
			326	221
			326	222
			326	223
		</Left_Side>
		<Left_Wing type=matrix rownames=FALSE colnames=FALSE nrow=38 ncol=2 as.numeric=TRUE >
			326	223
			327	223
			328	224
			329	224
			330	223
			331	223
			332	222
			333	222
			334	222
			335	221
			336	221
			337	221
			338	221
			339	221
			340	221
			341	221
			342	221
			342	222
			343	222
			343	223
			343	224
			343	225
			343	226
			343	227
			343	228
			343	229
			344	230
			344	231
			345	232
			345	233
			346	234
			346	235
			346	236
			347	236
			347	237
			348	237
			349	238
			350	238
		</Left_Wing>
		<Right_Wing type=matrix rownames=FALSE colnames=FALSE nrow=33 ncol=2 as.numeric=TRUE >
			350	238
			351	238
			352	238
			353	238
			354	238
			355	238
			356	238
			357	237
			357	236
			357	235
			357	234
			357	233
			357	232
			357	231
			357	230
			357	229
			357	228
			358	227
			359	227
			360	226
			361	226
			362	226
			363	227
			364	227
			365	228
			366	229
			367	230
			367	231
			368	232
			369	233
			370	233
			371	233
			372	232
		</Right_Wing>
		<Right_Side type=matrix rownames=FALSE colnames=FALSE nrow=58 ncol=2 as.numeric=TRUE >
			372	232
			372	231
			373	230
			373	229
			373	228
			373	227
			373	226
			372	225
			371	224
			370	223
			371	222
			372	221
			373	220
			373	219
			373	218
			373	217
			373	216
			372	215
			372	214
			371	213
			370	213
			369	212
			368	212
			367	211
			367	210
			367	209
			367	208
			367	207
			366	206
			366	205
			365	204
			365	203
			364	202
			364	201
			363	201
			362	200
			362	199
			362	198
			362	197
			362	196
			361	195
			360	194
			359	193
			359	192
			359	191
			358	190
			358	189
			358	188
			358	187
			358	186
			357	185
			357	184
			357	183
			356	182
			356	181
			356	180
			355	180
			354	179
		</Right_Side>
	</curves.pixel>
	<curves.scaled type=list>
		<Left_Side type=matrix rownames=FALSE colnames=FALSE nrow=51 ncol=2 as.numeric=TRUE >
			129.755562280728	-65.6108634131365
			129.389021144342	-65.6108634131365
			129.022480007956	-65.6108634131365
			128.655938871569	-65.9774045495228
			128.289397735183	-65.9774045495228
			128.289397735183	-66.343945685909
			128.289397735183	-66.7104868222953
			128.289397735183	-67.0770279586815
			127.922856598797	-67.4435690950677
			127.556315462411	-67.810110231454
			127.556315462411	-68.1766513678402
			127.189774326024	-68.5431925042265
			127.189774326024	-68.9097336406127
			126.823233189638	-69.2762747769989
			126.823233189638	-69.6428159133852
			126.456692053252	-70.0093570497714
			126.456692053252	-70.3758981861576
			126.090150916866	-70.7424393225439
			126.090150916866	-71.1089804589301
			125.72360978048	-71.4755215953164
			125.72360978048	-71.8420627317026
			125.357068644093	-72.2086038680888
			124.990527507707	-72.5751450044751
			124.990527507707	-72.9416861408613
			124.623986371321	-73.3082272772475
			124.257445234935	-73.6747684136338
			123.890904098548	-74.04130955002
			123.890904098548	-74.4078506864062
			123.524362962162	-74.7743918227925
			123.524362962162	-75.1409329591787
			123.157821825776	-75.507474095565
			122.79128068939	-75.8740152319512
			122.79128068939	-76.2405563683374
			122.424739553003	-76.2405563683374
			122.058198416617	-76.6070975047237
			122.058198416617	-76.9736386411099
			121.691657280231	-77.3401797774962
			121.325116143845	-77.7067209138824
			121.325116143845	-78.0732620502686
			120.958575007458	-78.4398031866549
			120.592033871072	-78.4398031866549
			120.225492734686	-78.8063443230411
			120.225492734686	-79.1728854594273
			119.8589515983	-79.5394265958136
			119.8589515983	-79.9059677321998
			119.492410461913	-79.9059677321998
			119.492410461913	-80.2725088685861
			119.492410461913	-80.6390500049723
			119.492410461913	-81.0055911413585
			119.492410461913	-81.3721322777448
			119.492410461913	-81.738673414131
		</Left_Side>
		<Left_Wing type=matrix rownames=FALSE colnames=FALSE nrow=38 ncol=2 as.numeric=TRUE >
			119.492410461913	-81.738673414131
			119.8589515983	-81.738673414131
			120.225492734686	-82.1052145505172
			120.592033871072	-82.1052145505172
			120.958575007458	-81.738673414131
			121.325116143845	-81.738673414131
			121.691657280231	-81.3721322777448
			122.058198416617	-81.3721322777448
			122.424739553003	-81.3721322777448
			122.79128068939	-81.0055911413585
			123.157821825776	-81.0055911413585
			123.524362962162	-81.0055911413585
			123.890904098548	-81.0055911413585
			124.257445234935	-81.0055911413585
			124.623986371321	-81.0055911413585
			124.990527507707	-81.0055911413585
			125.357068644093	-81.0055911413585
			125.357068644093	-81.3721322777448
			125.72360978048	-81.3721322777448
			125.72360978048	-81.738673414131
			125.72360978048	-82.1052145505172
			125.72360978048	-82.4717556869035
			125.72360978048	-82.8382968232897
			125.72360978048	-83.204837959676
			125.72360978048	-83.5713790960622
			125.72360978048	-83.9379202324484
			126.090150916866	-84.3044613688347
			126.090150916866	-84.6710025052209
			126.456692053252	-85.0375436416071
			126.456692053252	-85.4040847779934
			126.823233189638	-85.7706259143796
			126.823233189638	-86.1371670507659
			126.823233189638	-86.5037081871521
			127.189774326024	-86.5037081871521
			127.189774326024	-86.8702493235383
			127.556315462411	-86.8702493235383
			127.922856598797	-87.2367904599246
			128.289397735183	-87.2367904599246
		</Left_Wing>
		<Right_Wing type=matrix rownames=FALSE colnames=FALSE nrow=33 ncol=2 as.numeric=TRUE >
			128.289397735183	-87.2367904599246
			128.655938871569	-87.2367904599246
			129.022480007956	-87.2367904599246
			129.389021144342	-87.2367904599246
			129.755562280728	-87.2367904599246
			130.122103417114	-87.2367904599246
			130.488644553501	-87.2367904599246
			130.855185689887	-86.8702493235383
			130.855185689887	-86.5037081871521
			130.855185689887	-86.1371670507659
			130.855185689887	-85.7706259143796
			130.855185689887	-85.4040847779934
			130.855185689887	-85.0375436416071
			130.855185689887	-84.6710025052209
			130.855185689887	-84.3044613688347
			130.855185689887	-83.9379202324484
			130.855185689887	-83.5713790960622
			131.221726826273	-83.204837959676
			131.588267962659	-83.204837959676
			131.954809099046	-82.8382968232897
			132.321350235432	-82.8382968232897
			132.687891371818	-82.8382968232897
			133.054432508204	-83.204837959676
			133.420973644591	-83.204837959676
			133.787514780977	-83.5713790960622
			134.154055917363	-83.9379202324484
			134.520597053749	-84.3044613688347
			134.520597053749	-84.6710025052209
			134.887138190135	-85.0375436416071
			135.253679326522	-85.4040847779934
			135.620220462908	-85.4040847779934
			135.986761599294	-85.4040847779934
			136.35330273568	-85.0375436416071
		</Right_Wing>
		<Right_Side type=matrix rownames=FALSE colnames=FALSE nrow=58 ncol=2 as.numeric=TRUE >
			136.35330273568	-85.0375436416071
			136.35330273568	-84.6710025052209
			136.719843872067	-84.3044613688347
			136.719843872067	-83.9379202324484
			136.719843872067	-83.5713790960622
			136.719843872067	-83.204837959676
			136.719843872067	-82.8382968232897
			136.35330273568	-82.4717556869035
			135.986761599294	-82.1052145505172
			135.620220462908	-81.738673414131
			135.986761599294	-81.3721322777448
			136.35330273568	-81.0055911413585
			136.719843872067	-80.6390500049723
			136.719843872067	-80.2725088685861
			136.719843872067	-79.9059677321998
			136.719843872067	-79.5394265958136
			136.719843872067	-79.1728854594273
			136.35330273568	-78.8063443230411
			136.35330273568	-78.4398031866549
			135.986761599294	-78.0732620502686
			135.620220462908	-78.0732620502686
			135.253679326522	-77.7067209138824
			134.887138190135	-77.7067209138824
			134.520597053749	-77.3401797774962
			134.520597053749	-76.9736386411099
			134.520597053749	-76.6070975047237
			134.520597053749	-76.2405563683374
			134.520597053749	-75.8740152319512
			134.154055917363	-75.507474095565
			134.154055917363	-75.1409329591787
			133.787514780977	-74.7743918227925
			133.787514780977	-74.4078506864062
			133.420973644591	-74.04130955002
			133.420973644591	-73.6747684136338
			133.054432508204	-73.6747684136338
			132.687891371818	-73.3082272772475
			132.687891371818	-72.9416861408613
			132.687891371818	-72.5751450044751
			132.687891371818	-72.2086038680888
			132.687891371818	-71.8420627317026
			132.321350235432	-71.4755215953164
			131.954809099046	-71.1089804589301
			131.588267962659	-70.7424393225439
			131.588267962659	-70.3758981861576
			131.588267962659	-70.0093570497714
			131.221726826273	-69.6428159133852
			131.221726826273	-69.2762747769989
			131.221726826273	-68.9097336406127
			131.221726826273	-68.5431925042265
			131.221726826273	-68.1766513678402
			130.855185689887	-67.810110231454
			130.855185689887	-67.4435690950677
			130.855185689887	-67.0770279586815
			130.488644553501	-66.7104868222953
			130.488644553501	-66.343945685909
			130.488644553501	-65.9774045495228
			130.122103417114	-65.9774045495228
			129.755562280728	-65.6108634131365
		</Right_Side>
	</curves.scaled>
	<ruler.points type=matrix rownames=TRUE colnames=FALSE nrow=5 ncol=2 as.numeric=TRUE >
		Ruler point 1	334	1095
		Ruler point 2	359	1095
		Ruler point 3	389	1097
		Ruler point 4	416	1097
		Ruler point 5	443	1099
	</ruler.points>
</shapes>

