<shapes type=list>
	<ruler.pixel type=vector names=FALSE length=1 as.numeric=TRUE >184.010869244184</ruler.pixel>
	<ruler.interval type=vector names=FALSE length=1 as.numeric=TRUE >40</ruler.interval>
	<scaling.units type=vector names=FALSE length=1 as.numeric=FALSE >mm</scaling.units>
	<scaling type=vector names=FALSE length=1 as.numeric=TRUE >0.217378463371747</scaling>
	<landmarks.pixel type=matrix rownames=TRUE colnames=FALSE nrow=4 ncol=2 as.numeric=TRUE >
		Point_Tip	728	535
		Left_Tang_Center	679	615
		Base_Center	727	678
		Right_Tang_Center	771	615
	</landmarks.pixel>
	<landmarks.scaled type=matrix rownames=TRUE colnames=FALSE nrow=4 ncol=2 as.numeric=TRUE >
		Point_Tip	158.251521334632	-116.297477903884
		Left_Tang_Center	147.599976629416	-133.687754973624
		Base_Center	158.03414287126	-147.382598166044
		Right_Tang_Center	167.598795259617	-133.687754973624
	</landmarks.scaled>
	<curves.control type=list>
		<Left_Side type=matrix rownames=FALSE colnames=FALSE nrow=17 ncol=2 as.numeric=TRUE >
			728	535
			723	538
			721	545
			720	551
			716	556
			716	562
			711	563
			711	570
			706	572
			705	579
			699	586
			697	589
			693	589
			695	592
			688	600
			679	605
			679	615
		</Left_Side>
		<Left_Wing type=matrix rownames=FALSE colnames=FALSE nrow=9 ncol=2 as.numeric=TRUE >
			679	615
			683	618
			690	616
			699	616
			707	621
			712	638
			712	655
			718	679
			727	678
		</Left_Wing>
		<Right_Wing type=matrix rownames=FALSE colnames=FALSE nrow=9 ncol=2 as.numeric=TRUE >
			727	678
			734	679
			740	660
			739	641
			743	634
			740	621
			759	621
			768	620
			771	615
		</Right_Wing>
		<Right_Side type=matrix rownames=FALSE colnames=FALSE nrow=11 ncol=2 as.numeric=TRUE >
			771	615
			762	607
			761	601
			749	583
			747	574
			738	560
			739	554
			734	548
			731	540
			732	536
			728	535
		</Right_Side>
	</curves.control>
	<curves.pixel type=list>
		<Left_Side type=matrix rownames=FALSE colnames=FALSE nrow=93 ncol=2 as.numeric=TRUE >
			728	535
			727	536
			726	536
			726	537
			725	537
			724	538
			724	539
			723	540
			723	541
			722	541
			722	542
			721	543
			721	544
			721	545
			721	546
			721	547
			720	548
			720	549
			719	550
			719	551
			718	552
			718	553
			718	554
			717	554
			717	555
			716	556
			716	557
			716	558
			716	559
			715	560
			715	561
			714	562
			713	562
			712	563
			711	563
			711	564
			711	565
			711	566
			710	567
			710	568
			710	569
			709	570
			708	571
			707	572
			706	573
			706	574
			705	575
			705	576
			705	577
			704	578
			704	579
			703	580
			703	581
			702	581
			702	582
			701	583
			701	584
			700	585
			699	586
			699	587
			698	587
			697	588
			696	588
			695	589
			694	589
			693	589
			693	590
			693	591
			693	592
			693	593
			692	594
			692	595
			691	596
			690	597
			689	598
			689	599
			688	600
			687	601
			686	601
			685	602
			684	603
			683	604
			682	605
			681	606
			681	607
			680	608
			680	609
			680	610
			679	611
			679	612
			679	613
			679	614
			679	615
		</Left_Side>
		<Left_Wing type=matrix rownames=FALSE colnames=FALSE nrow=93 ncol=2 as.numeric=TRUE >
			679	615
			680	615
			680	616
			681	616
			682	616
			683	617
			684	617
			685	617
			686	617
			687	617
			688	616
			689	616
			690	616
			691	616
			692	616
			693	616
			694	616
			695	616
			696	617
			697	617
			698	617
			699	617
			700	618
			701	618
			702	618
			703	619
			704	619
			704	620
			705	620
			706	620
			707	621
			707	622
			708	623
			708	624
			708	625
			708	626
			709	627
			709	628
			709	629
			709	630
			710	631
			710	632
			710	633
			710	634
			710	635
			710	636
			711	637
			711	638
			711	639
			711	640
			711	641
			711	642
			711	643
			711	644
			712	645
			712	646
			712	647
			712	648
			712	649
			712	650
			712	651
			712	652
			712	653
			712	654
			712	655
			712	656
			712	657
			713	657
			713	658
			713	659
			713	660
			714	661
			714	662
			714	663
			715	664
			715	665
			715	666
			716	666
			716	667
			716	668
			717	669
			717	670
			718	671
			718	672
			719	673
			720	674
			721	675
			722	676
			723	677
			724	678
			725	678
			726	678
			727	678
		</Left_Wing>
		<Right_Wing type=matrix rownames=FALSE colnames=FALSE nrow=87 ncol=2 as.numeric=TRUE >
			727	678
			728	678
			729	678
			730	677
			731	677
			732	676
			733	675
			733	674
			734	673
			735	672
			736	671
			736	670
			737	669
			737	668
			737	667
			738	666
			738	665
			739	664
			739	663
			739	662
			740	661
			740	660
			740	659
			740	658
			740	657
			740	656
			740	655
			740	654
			740	653
			740	652
			740	651
			740	650
			740	649
			740	648
			740	647
			740	646
			740	645
			740	644
			740	643
			740	642
			741	642
			741	641
			741	640
			741	639
			741	638
			742	637
			742	636
			743	635
			743	634
			743	633
			743	632
			743	631
			743	630
			743	629
			743	628
			743	627
			744	626
			744	625
			745	625
			746	624
			747	623
			748	623
			749	622
			750	622
			751	622
			752	622
			753	621
			754	621
			755	621
			756	621
			757	621
			758	621
			759	621
			760	621
			761	621
			762	621
			763	620
			764	620
			765	620
			766	619
			767	619
			768	618
			769	618
			769	617
			770	616
			771	616
			771	615
		</Right_Wing>
		<Right_Side type=matrix rownames=FALSE colnames=FALSE nrow=89 ncol=2 as.numeric=TRUE >
			771	615
			770	614
			769	613
			768	612
			767	612
			767	611
			766	610
			765	609
			765	608
			764	608
			764	607
			763	606
			763	605
			762	605
			762	604
			762	603
			761	603
			761	602
			761	601
			760	600
			760	599
			759	598
			758	597
			758	596
			757	595
			756	594
			756	593
			755	592
			754	591
			754	590
			753	589
			753	588
			752	587
			752	586
			751	585
			751	584
			751	583
			750	583
			750	582
			749	581
			749	580
			749	579
			748	579
			748	578
			748	577
			748	576
			747	575
			747	574
			746	573
			746	572
			745	571
			744	570
			744	569
			743	568
			743	567
			742	566
			742	565
			742	564
			741	564
			741	563
			740	562
			740	561
			740	560
			739	559
			739	558
			739	557
			739	556
			739	555
			739	554
			738	553
			737	552
			737	551
			736	550
			735	549
			735	548
			734	547
			734	546
			733	545
			733	544
			732	543
			732	542
			731	541
			731	540
			731	539
			731	538
			731	537
			730	536
			729	535
			728	535
		</Right_Side>
	</curves.pixel>
	<curves.scaled type=list>
		<Left_Side type=matrix rownames=FALSE colnames=FALSE nrow=93 ncol=2 as.numeric=TRUE >
			158.251521334632	-116.297477903884
			158.03414287126	-116.514856367256
			157.816764407888	-116.514856367256
			157.816764407888	-116.732234830628
			157.599385944516	-116.732234830628
			157.382007481145	-116.949613294
			157.382007481145	-117.166991757371
			157.164629017773	-117.384370220743
			157.164629017773	-117.601748684115
			156.947250554401	-117.601748684115
			156.947250554401	-117.819127147487
			156.729872091029	-118.036505610858
			156.729872091029	-118.25388407423
			156.729872091029	-118.471262537602
			156.729872091029	-118.688641000974
			156.729872091029	-118.906019464345
			156.512493627658	-119.123397927717
			156.512493627658	-119.340776391089
			156.295115164286	-119.558154854461
			156.295115164286	-119.775533317832
			156.077736700914	-119.992911781204
			156.077736700914	-120.210290244576
			156.077736700914	-120.427668707948
			155.860358237542	-120.427668707948
			155.860358237542	-120.645047171319
			155.642979774171	-120.862425634691
			155.642979774171	-121.079804098063
			155.642979774171	-121.297182561435
			155.642979774171	-121.514561024806
			155.425601310799	-121.731939488178
			155.425601310799	-121.94931795155
			155.208222847427	-122.166696414922
			154.990844384055	-122.166696414922
			154.773465920684	-122.384074878293
			154.556087457312	-122.384074878293
			154.556087457312	-122.601453341665
			154.556087457312	-122.818831805037
			154.556087457312	-123.036210268409
			154.33870899394	-123.25358873178
			154.33870899394	-123.470967195152
			154.33870899394	-123.688345658524
			154.121330530568	-123.905724121896
			153.903952067197	-124.123102585267
			153.686573603825	-124.340481048639
			153.469195140453	-124.557859512011
			153.469195140453	-124.775237975383
			153.251816677081	-124.992616438754
			153.251816677081	-125.209994902126
			153.251816677081	-125.427373365498
			153.03443821371	-125.64475182887
			153.03443821371	-125.862130292241
			152.817059750338	-126.079508755613
			152.817059750338	-126.296887218985
			152.599681286966	-126.296887218985
			152.599681286966	-126.514265682357
			152.382302823594	-126.731644145728
			152.382302823594	-126.9490226091
			152.164924360223	-127.166401072472
			151.947545896851	-127.383779535844
			151.947545896851	-127.601157999215
			151.730167433479	-127.601157999215
			151.512788970107	-127.818536462587
			151.295410506736	-127.818536462587
			151.078032043364	-128.035914925959
			150.860653579992	-128.035914925959
			150.64327511662	-128.035914925959
			150.64327511662	-128.25329338933
			150.64327511662	-128.470671852702
			150.64327511662	-128.688050316074
			150.64327511662	-128.905428779446
			150.425896653249	-129.122807242817
			150.425896653249	-129.340185706189
			150.208518189877	-129.557564169561
			149.991139726505	-129.774942632933
			149.773761263133	-129.992321096304
			149.773761263133	-130.209699559676
			149.556382799762	-130.427078023048
			149.33900433639	-130.64445648642
			149.121625873018	-130.64445648642
			148.904247409646	-130.861834949791
			148.686868946275	-131.079213413163
			148.469490482903	-131.296591876535
			148.252112019531	-131.513970339907
			148.034733556159	-131.731348803278
			148.034733556159	-131.94872726665
			147.817355092788	-132.166105730022
			147.817355092788	-132.383484193394
			147.817355092788	-132.600862656765
			147.599976629416	-132.818241120137
			147.599976629416	-133.035619583509
			147.599976629416	-133.252998046881
			147.599976629416	-133.470376510252
			147.599976629416	-133.687754973624
		</Left_Side>
		<Left_Wing type=matrix rownames=FALSE colnames=FALSE nrow=93 ncol=2 as.numeric=TRUE >
			147.599976629416	-133.687754973624
			147.817355092788	-133.687754973624
			147.817355092788	-133.905133436996
			148.034733556159	-133.905133436996
			148.252112019531	-133.905133436996
			148.469490482903	-134.122511900368
			148.686868946275	-134.122511900368
			148.904247409646	-134.122511900368
			149.121625873018	-134.122511900368
			149.33900433639	-134.122511900368
			149.556382799762	-133.905133436996
			149.773761263133	-133.905133436996
			149.991139726505	-133.905133436996
			150.208518189877	-133.905133436996
			150.425896653249	-133.905133436996
			150.64327511662	-133.905133436996
			150.860653579992	-133.905133436996
			151.078032043364	-133.905133436996
			151.295410506736	-134.122511900368
			151.512788970107	-134.122511900368
			151.730167433479	-134.122511900368
			151.947545896851	-134.122511900368
			152.164924360223	-134.339890363739
			152.382302823594	-134.339890363739
			152.599681286966	-134.339890363739
			152.817059750338	-134.557268827111
			153.03443821371	-134.557268827111
			153.03443821371	-134.774647290483
			153.251816677081	-134.774647290483
			153.469195140453	-134.774647290483
			153.686573603825	-134.992025753855
			153.686573603825	-135.209404217226
			153.903952067197	-135.426782680598
			153.903952067197	-135.64416114397
			153.903952067197	-135.861539607342
			153.903952067197	-136.078918070713
			154.121330530568	-136.296296534085
			154.121330530568	-136.513674997457
			154.121330530568	-136.731053460829
			154.121330530568	-136.9484319242
			154.33870899394	-137.165810387572
			154.33870899394	-137.383188850944
			154.33870899394	-137.600567314316
			154.33870899394	-137.817945777687
			154.33870899394	-138.035324241059
			154.33870899394	-138.252702704431
			154.556087457312	-138.470081167803
			154.556087457312	-138.687459631174
			154.556087457312	-138.904838094546
			154.556087457312	-139.122216557918
			154.556087457312	-139.33959502129
			154.556087457312	-139.556973484661
			154.556087457312	-139.774351948033
			154.556087457312	-139.991730411405
			154.773465920684	-140.209108874777
			154.773465920684	-140.426487338148
			154.773465920684	-140.64386580152
			154.773465920684	-140.861244264892
			154.773465920684	-141.078622728264
			154.773465920684	-141.296001191635
			154.773465920684	-141.513379655007
			154.773465920684	-141.730758118379
			154.773465920684	-141.948136581751
			154.773465920684	-142.165515045122
			154.773465920684	-142.382893508494
			154.773465920684	-142.600271971866
			154.773465920684	-142.817650435238
			154.990844384055	-142.817650435238
			154.990844384055	-143.035028898609
			154.990844384055	-143.252407361981
			154.990844384055	-143.469785825353
			155.208222847427	-143.687164288724
			155.208222847427	-143.904542752096
			155.208222847427	-144.121921215468
			155.425601310799	-144.33929967884
			155.425601310799	-144.556678142211
			155.425601310799	-144.774056605583
			155.642979774171	-144.774056605583
			155.642979774171	-144.991435068955
			155.642979774171	-145.208813532327
			155.860358237542	-145.426191995698
			155.860358237542	-145.64357045907
			156.077736700914	-145.860948922442
			156.077736700914	-146.078327385814
			156.295115164286	-146.295705849185
			156.512493627658	-146.513084312557
			156.729872091029	-146.730462775929
			156.947250554401	-146.947841239301
			157.164629017773	-147.165219702672
			157.382007481145	-147.382598166044
			157.599385944516	-147.382598166044
			157.816764407888	-147.382598166044
			158.03414287126	-147.382598166044
		</Left_Wing>
		<Right_Wing type=matrix rownames=FALSE colnames=FALSE nrow=87 ncol=2 as.numeric=TRUE >
			158.03414287126	-147.382598166044
			158.251521334632	-147.382598166044
			158.468899798003	-147.382598166044
			158.686278261375	-147.165219702672
			158.903656724747	-147.165219702672
			159.121035188118	-146.947841239301
			159.33841365149	-146.730462775929
			159.33841365149	-146.513084312557
			159.555792114862	-146.295705849185
			159.773170578234	-146.078327385814
			159.990549041606	-145.860948922442
			159.990549041606	-145.64357045907
			160.207927504977	-145.426191995698
			160.207927504977	-145.208813532327
			160.207927504977	-144.991435068955
			160.425305968349	-144.774056605583
			160.425305968349	-144.556678142211
			160.642684431721	-144.33929967884
			160.642684431721	-144.121921215468
			160.642684431721	-143.904542752096
			160.860062895092	-143.687164288724
			160.860062895092	-143.469785825353
			160.860062895092	-143.252407361981
			160.860062895092	-143.035028898609
			160.860062895092	-142.817650435238
			160.860062895092	-142.600271971866
			160.860062895092	-142.382893508494
			160.860062895092	-142.165515045122
			160.860062895092	-141.948136581751
			160.860062895092	-141.730758118379
			160.860062895092	-141.513379655007
			160.860062895092	-141.296001191635
			160.860062895092	-141.078622728264
			160.860062895092	-140.861244264892
			160.860062895092	-140.64386580152
			160.860062895092	-140.426487338148
			160.860062895092	-140.209108874777
			160.860062895092	-139.991730411405
			160.860062895092	-139.774351948033
			160.860062895092	-139.556973484661
			161.077441358464	-139.556973484661
			161.077441358464	-139.33959502129
			161.077441358464	-139.122216557918
			161.077441358464	-138.904838094546
			161.077441358464	-138.687459631174
			161.294819821836	-138.470081167803
			161.294819821836	-138.252702704431
			161.512198285208	-138.035324241059
			161.512198285208	-137.817945777687
			161.512198285208	-137.600567314316
			161.512198285208	-137.383188850944
			161.512198285208	-137.165810387572
			161.512198285208	-136.9484319242
			161.512198285208	-136.731053460829
			161.512198285208	-136.513674997457
			161.512198285208	-136.296296534085
			161.729576748579	-136.078918070713
			161.729576748579	-135.861539607342
			161.946955211951	-135.861539607342
			162.164333675323	-135.64416114397
			162.381712138695	-135.426782680598
			162.599090602066	-135.426782680598
			162.816469065438	-135.209404217226
			163.03384752881	-135.209404217226
			163.251225992182	-135.209404217226
			163.468604455553	-135.209404217226
			163.685982918925	-134.992025753855
			163.903361382297	-134.992025753855
			164.120739845669	-134.992025753855
			164.33811830904	-134.992025753855
			164.555496772412	-134.992025753855
			164.772875235784	-134.992025753855
			164.990253699156	-134.992025753855
			165.207632162527	-134.992025753855
			165.425010625899	-134.992025753855
			165.642389089271	-134.992025753855
			165.859767552643	-134.774647290483
			166.077146016014	-134.774647290483
			166.294524479386	-134.774647290483
			166.511902942758	-134.557268827111
			166.72928140613	-134.557268827111
			166.946659869501	-134.339890363739
			167.164038332873	-134.339890363739
			167.164038332873	-134.122511900368
			167.381416796245	-133.905133436996
			167.598795259617	-133.905133436996
			167.598795259617	-133.687754973624
		</Right_Wing>
		<Right_Side type=matrix rownames=FALSE colnames=FALSE nrow=89 ncol=2 as.numeric=TRUE >
			167.598795259617	-133.687754973624
			167.381416796245	-133.470376510252
			167.164038332873	-133.252998046881
			166.946659869501	-133.035619583509
			166.72928140613	-133.035619583509
			166.72928140613	-132.818241120137
			166.511902942758	-132.600862656765
			166.294524479386	-132.383484193394
			166.294524479386	-132.166105730022
			166.077146016014	-132.166105730022
			166.077146016014	-131.94872726665
			165.859767552643	-131.731348803278
			165.859767552643	-131.513970339907
			165.642389089271	-131.513970339907
			165.642389089271	-131.296591876535
			165.642389089271	-131.079213413163
			165.425010625899	-131.079213413163
			165.425010625899	-130.861834949791
			165.425010625899	-130.64445648642
			165.207632162527	-130.427078023048
			165.207632162527	-130.209699559676
			164.990253699156	-129.992321096304
			164.772875235784	-129.774942632933
			164.772875235784	-129.557564169561
			164.555496772412	-129.340185706189
			164.33811830904	-129.122807242817
			164.33811830904	-128.905428779446
			164.120739845669	-128.688050316074
			163.903361382297	-128.470671852702
			163.903361382297	-128.25329338933
			163.685982918925	-128.035914925959
			163.685982918925	-127.818536462587
			163.468604455553	-127.601157999215
			163.468604455553	-127.383779535844
			163.251225992182	-127.166401072472
			163.251225992182	-126.9490226091
			163.251225992182	-126.731644145728
			163.03384752881	-126.731644145728
			163.03384752881	-126.514265682357
			162.816469065438	-126.296887218985
			162.816469065438	-126.079508755613
			162.816469065438	-125.862130292241
			162.599090602066	-125.862130292241
			162.599090602066	-125.64475182887
			162.599090602066	-125.427373365498
			162.599090602066	-125.209994902126
			162.381712138695	-124.992616438754
			162.381712138695	-124.775237975383
			162.164333675323	-124.557859512011
			162.164333675323	-124.340481048639
			161.946955211951	-124.123102585267
			161.729576748579	-123.905724121896
			161.729576748579	-123.688345658524
			161.512198285208	-123.470967195152
			161.512198285208	-123.25358873178
			161.294819821836	-123.036210268409
			161.294819821836	-122.818831805037
			161.294819821836	-122.601453341665
			161.077441358464	-122.601453341665
			161.077441358464	-122.384074878293
			160.860062895092	-122.166696414922
			160.860062895092	-121.94931795155
			160.860062895092	-121.731939488178
			160.642684431721	-121.514561024806
			160.642684431721	-121.297182561435
			160.642684431721	-121.079804098063
			160.642684431721	-120.862425634691
			160.642684431721	-120.645047171319
			160.642684431721	-120.427668707948
			160.425305968349	-120.210290244576
			160.207927504977	-119.992911781204
			160.207927504977	-119.775533317832
			159.990549041606	-119.558154854461
			159.773170578234	-119.340776391089
			159.773170578234	-119.123397927717
			159.555792114862	-118.906019464345
			159.555792114862	-118.688641000974
			159.33841365149	-118.471262537602
			159.33841365149	-118.25388407423
			159.121035188118	-118.036505610858
			159.121035188118	-117.819127147487
			158.903656724747	-117.601748684115
			158.903656724747	-117.384370220743
			158.903656724747	-117.166991757371
			158.903656724747	-116.949613294
			158.903656724747	-116.732234830628
			158.686278261375	-116.514856367256
			158.468899798003	-116.297477903884
			158.251521334632	-116.297477903884
		</Right_Side>
	</curves.scaled>
	<ruler.points type=matrix rownames=TRUE colnames=FALSE nrow=2 ncol=2 as.numeric=TRUE >
		Ruler point 1	444	740
		Ruler point 2	628	742
	</ruler.points>
</shapes>

