<shapes type=list>
	<ruler.pixel type=vector names=FALSE length=1 as.numeric=TRUE >183.010928635423</ruler.pixel>
	<ruler.interval type=vector names=FALSE length=1 as.numeric=TRUE >44</ruler.interval>
	<scaling.units type=vector names=FALSE length=1 as.numeric=FALSE >mm</scaling.units>
	<scaling type=vector names=FALSE length=1 as.numeric=TRUE >0.240422800583962</scaling>
	<landmarks.pixel type=matrix rownames=TRUE colnames=FALSE nrow=4 ncol=2 as.numeric=TRUE >
		Point_Tip	705	359
		Left_Tang_Center	667	441
		Base_Center	697	477
		Right_Tang_Center	747	441
	</landmarks.pixel>
	<landmarks.scaled type=matrix rownames=TRUE colnames=FALSE nrow=4 ncol=2 as.numeric=TRUE >
		Point_Tip	169.498074411693	-86.3117854096422
		Left_Tang_Center	160.362007989502	-106.026455057527
		Base_Center	167.574692007021	-114.68167587855
		Right_Tang_Center	179.595832036219	-106.026455057527
	</landmarks.scaled>
	<curves.control type=list>
		<Left_Side type=matrix rownames=FALSE colnames=FALSE nrow=19 ncol=2 as.numeric=TRUE >
			705	359
			702	360
			699	363
			692	380
			688	381
			689	389
			685	390
			682	390
			680	392
			685	397
			676	399
			674	401
			675	403
			678	406
			671	411
			671	414
			665	420
			663	432
			667	441
		</Left_Side>
		<Left_Wing type=matrix rownames=FALSE colnames=FALSE nrow=9 ncol=2 as.numeric=TRUE >
			667	441
			670	443
			672	440
			676	440
			678	439
			685	437
			684	446
			691	481
			697	477
		</Left_Wing>
		<Right_Wing type=matrix rownames=FALSE colnames=FALSE nrow=17 ncol=2 as.numeric=TRUE >
			697	477
			701	477
			704	477
			706	476
			709	461
			712	458
			713	451
			717	449
			716	442
			720	436
			724	437
			727	436
			734	439
			738	440
			742	444
			745	442
			747	441
		</Right_Wing>
		<Right_Side type=matrix rownames=FALSE colnames=FALSE nrow=19 ncol=2 as.numeric=TRUE >
			747	441
			747	437
			747	434
			744	429
			738	418
			732	418
			733	412
			734	403
			729	404
			725	404
			726	396
			718	391
			720	383
			714	382
			714	372
			711	370
			711	367
			708	361
			705	359
		</Right_Side>
	</curves.control>
	<curves.pixel type=list>
		<Left_Side type=matrix rownames=FALSE colnames=FALSE nrow=98 ncol=2 as.numeric=TRUE >
			705	359
			704	359
			703	360
			702	360
			701	361
			700	362
			699	363
			699	364
			698	365
			698	366
			697	367
			697	368
			696	369
			696	370
			695	371
			695	372
			694	373
			694	374
			693	375
			693	376
			692	377
			691	378
			690	379
			690	380
			689	381
			688	381
			688	382
			688	383
			688	384
			688	385
			688	386
			688	387
			688	388
			687	389
			686	389
			686	390
			685	390
			684	390
			683	390
			682	391
			681	391
			680	392
			681	393
			682	394
			682	395
			681	396
			681	397
			680	398
			679	398
			678	398
			677	399
			676	399
			675	400
			675	401
			675	402
			675	403
			676	404
			676	405
			676	406
			675	407
			675	408
			674	409
			673	410
			672	410
			671	411
			671	412
			671	413
			670	414
			669	415
			668	416
			668	417
			667	418
			666	419
			665	420
			665	421
			665	422
			665	423
			665	424
			664	424
			664	425
			664	426
			664	427
			664	428
			664	429
			664	430
			664	431
			665	431
			665	432
			665	433
			665	434
			665	435
			665	436
			666	437
			666	438
			666	439
			666	440
			667	440
			667	441
		</Left_Side>
		<Left_Wing type=matrix rownames=FALSE colnames=FALSE nrow=61 ncol=2 as.numeric=TRUE >
			667	441
			668	441
			669	442
			670	442
			671	441
			672	440
			673	440
			674	440
			675	440
			676	440
			677	439
			678	439
			679	439
			680	439
			681	439
			682	439
			683	440
			684	441
			684	442
			684	443
			684	444
			684	445
			684	446
			684	447
			684	448
			685	449
			685	450
			685	451
			685	452
			686	453
			686	454
			686	455
			686	456
			686	457
			687	458
			687	459
			687	460
			687	461
			688	462
			688	463
			688	464
			688	465
			689	465
			689	466
			689	467
			689	468
			690	468
			690	469
			690	470
			691	471
			691	472
			691	473
			692	474
			692	475
			693	475
			693	476
			694	476
			694	477
			695	477
			696	477
			697	477
		</Left_Wing>
		<Right_Wing type=matrix rownames=FALSE colnames=FALSE nrow=78 ncol=2 as.numeric=TRUE >
			697	477
			698	477
			699	477
			700	477
			701	477
			702	477
			703	477
			704	477
			705	476
			705	475
			706	474
			706	473
			706	472
			707	471
			707	470
			707	469
			707	468
			708	467
			708	466
			708	465
			708	464
			709	463
			709	462
			709	461
			710	460
			710	459
			711	458
			711	457
			712	456
			712	455
			712	454
			713	453
			713	452
			713	451
			714	451
			714	450
			715	450
			715	449
			716	448
			716	447
			716	446
			716	445
			716	444
			716	443
			716	442
			717	441
			717	440
			718	439
			719	438
			720	438
			721	437
			722	437
			723	437
			724	437
			725	437
			726	437
			727	437
			728	437
			729	437
			730	437
			731	438
			732	438
			733	439
			734	439
			735	439
			736	440
			737	440
			738	441
			739	442
			740	443
			741	443
			742	444
			743	444
			744	443
			744	442
			745	442
			746	442
			747	441
		</Right_Wing>
		<Right_Side type=matrix rownames=FALSE colnames=FALSE nrow=99 ncol=2 as.numeric=TRUE >
			747	441
			747	440
			747	439
			747	438
			747	437
			747	436
			747	435
			747	434
			746	433
			746	432
			745	431
			745	430
			744	429
			744	428
			743	427
			743	426
			742	426
			742	425
			741	424
			741	423
			740	422
			740	421
			739	420
			739	419
			738	418
			737	418
			736	418
			735	418
			735	417
			734	417
			734	416
			733	416
			733	415
			733	414
			733	413
			733	412
			733	411
			733	410
			733	409
			733	408
			733	407
			733	406
			732	405
			732	404
			731	404
			730	404
			729	404
			728	404
			727	404
			727	403
			726	402
			726	401
			726	400
			726	399
			726	398
			726	397
			726	396
			725	395
			724	394
			723	394
			722	393
			722	392
			721	391
			721	390
			720	389
			720	388
			720	387
			720	386
			720	385
			720	384
			720	383
			719	383
			718	382
			717	381
			716	381
			715	380
			715	379
			715	378
			715	377
			714	377
			714	376
			714	375
			714	374
			714	373
			714	372
			713	372
			713	371
			712	370
			711	369
			711	368
			711	367
			710	366
			710	365
			709	364
			709	363
			708	362
			707	361
			706	360
			705	359
		</Right_Side>
	</curves.pixel>
	<curves.scaled type=list>
		<Left_Side type=matrix rownames=FALSE colnames=FALSE nrow=98 ncol=2 as.numeric=TRUE >
			169.498074411693	-86.3117854096422
			169.257651611109	-86.3117854096422
			169.017228810525	-86.5522082102262
			168.776806009941	-86.5522082102262
			168.536383209357	-86.7926310108101
			168.295960408773	-87.0330538113941
			168.055537608189	-87.2734766119781
			168.055537608189	-87.513899412562
			167.815114807605	-87.754322213146
			167.815114807605	-87.9947450137299
			167.574692007021	-88.2351678143139
			167.574692007021	-88.4755906148979
			167.334269206437	-88.7160134154818
			167.334269206437	-88.9564362160658
			167.093846405853	-89.1968590166497
			167.093846405853	-89.4372818172337
			166.853423605269	-89.6777046178177
			166.853423605269	-89.9181274184016
			166.613000804685	-90.1585502189856
			166.613000804685	-90.3989730195696
			166.372578004101	-90.6393958201535
			166.132155203517	-90.8798186207375
			165.891732402933	-91.1202414213214
			165.891732402933	-91.3606642219054
			165.65130960235	-91.6010870224894
			165.410886801766	-91.6010870224894
			165.410886801766	-91.8415098230733
			165.410886801766	-92.0819326236573
			165.410886801766	-92.3223554242412
			165.410886801766	-92.5627782248252
			165.410886801766	-92.8032010254092
			165.410886801766	-93.0436238259931
			165.410886801766	-93.2840466265771
			165.170464001182	-93.5244694271611
			164.930041200598	-93.5244694271611
			164.930041200598	-93.764892227745
			164.689618400014	-93.764892227745
			164.44919559943	-93.764892227745
			164.208772798846	-93.764892227745
			163.968349998262	-94.005315028329
			163.727927197678	-94.005315028329
			163.487504397094	-94.2457378289129
			163.727927197678	-94.4861606294969
			163.968349998262	-94.7265834300809
			163.968349998262	-94.9670062306648
			163.727927197678	-95.2074290312488
			163.727927197678	-95.4478518318327
			163.487504397094	-95.6882746324167
			163.24708159651	-95.6882746324167
			163.006658795926	-95.6882746324167
			162.766235995342	-95.9286974330007
			162.525813194758	-95.9286974330007
			162.285390394174	-96.1691202335846
			162.285390394174	-96.4095430341686
			162.285390394174	-96.6499658347525
			162.285390394174	-96.8903886353365
			162.525813194758	-97.1308114359205
			162.525813194758	-97.3712342365044
			162.525813194758	-97.6116570370884
			162.285390394174	-97.8520798376724
			162.285390394174	-98.0925026382563
			162.04496759359	-98.3329254388403
			161.804544793006	-98.5733482394242
			161.564121992422	-98.5733482394242
			161.323699191838	-98.8137710400082
			161.323699191838	-99.0541938405922
			161.323699191838	-99.2946166411761
			161.083276391254	-99.5350394417601
			160.84285359067	-99.775462242344
			160.602430790086	-100.015885042928
			160.602430790086	-100.256307843512
			160.362007989502	-100.496730644096
			160.121585188918	-100.73715344468
			159.881162388334	-100.977576245264
			159.881162388334	-101.217999045848
			159.881162388334	-101.458421846432
			159.881162388334	-101.698844647016
			159.881162388334	-101.9392674476
			159.64073958775	-101.9392674476
			159.64073958775	-102.179690248184
			159.64073958775	-102.420113048768
			159.64073958775	-102.660535849352
			159.64073958775	-102.900958649936
			159.64073958775	-103.14138145052
			159.64073958775	-103.381804251103
			159.64073958775	-103.622227051687
			159.881162388334	-103.622227051687
			159.881162388334	-103.862649852271
			159.881162388334	-104.103072652855
			159.881162388334	-104.343495453439
			159.881162388334	-104.583918254023
			159.881162388334	-104.824341054607
			160.121585188918	-105.064763855191
			160.121585188918	-105.305186655775
			160.121585188918	-105.545609456359
			160.121585188918	-105.786032256943
			160.362007989502	-105.786032256943
			160.362007989502	-106.026455057527
		</Left_Side>
		<Left_Wing type=matrix rownames=FALSE colnames=FALSE nrow=61 ncol=2 as.numeric=TRUE >
			160.362007989502	-106.026455057527
			160.602430790086	-106.026455057527
			160.84285359067	-106.266877858111
			161.083276391254	-106.266877858111
			161.323699191838	-106.026455057527
			161.564121992422	-105.786032256943
			161.804544793006	-105.786032256943
			162.04496759359	-105.786032256943
			162.285390394174	-105.786032256943
			162.525813194758	-105.786032256943
			162.766235995342	-105.545609456359
			163.006658795926	-105.545609456359
			163.24708159651	-105.545609456359
			163.487504397094	-105.545609456359
			163.727927197678	-105.545609456359
			163.968349998262	-105.545609456359
			164.208772798846	-105.786032256943
			164.44919559943	-106.026455057527
			164.44919559943	-106.266877858111
			164.44919559943	-106.507300658695
			164.44919559943	-106.747723459279
			164.44919559943	-106.988146259863
			164.44919559943	-107.228569060447
			164.44919559943	-107.468991861031
			164.44919559943	-107.709414661615
			164.689618400014	-107.949837462199
			164.689618400014	-108.190260262783
			164.689618400014	-108.430683063367
			164.689618400014	-108.671105863951
			164.930041200598	-108.911528664535
			164.930041200598	-109.151951465119
			164.930041200598	-109.392374265703
			164.930041200598	-109.632797066286
			164.930041200598	-109.87321986687
			165.170464001182	-110.113642667454
			165.170464001182	-110.354065468038
			165.170464001182	-110.594488268622
			165.170464001182	-110.834911069206
			165.410886801766	-111.07533386979
			165.410886801766	-111.315756670374
			165.410886801766	-111.556179470958
			165.410886801766	-111.796602271542
			165.65130960235	-111.796602271542
			165.65130960235	-112.037025072126
			165.65130960235	-112.27744787271
			165.65130960235	-112.517870673294
			165.891732402933	-112.517870673294
			165.891732402933	-112.758293473878
			165.891732402933	-112.998716274462
			166.132155203517	-113.239139075046
			166.132155203517	-113.47956187563
			166.132155203517	-113.719984676214
			166.372578004101	-113.960407476798
			166.372578004101	-114.200830277382
			166.613000804685	-114.200830277382
			166.613000804685	-114.441253077966
			166.853423605269	-114.441253077966
			166.853423605269	-114.68167587855
			167.093846405853	-114.68167587855
			167.334269206437	-114.68167587855
			167.574692007021	-114.68167587855
		</Left_Wing>
		<Right_Wing type=matrix rownames=FALSE colnames=FALSE nrow=78 ncol=2 as.numeric=TRUE >
			167.574692007021	-114.68167587855
			167.815114807605	-114.68167587855
			168.055537608189	-114.68167587855
			168.295960408773	-114.68167587855
			168.536383209357	-114.68167587855
			168.776806009941	-114.68167587855
			169.017228810525	-114.68167587855
			169.257651611109	-114.68167587855
			169.498074411693	-114.441253077966
			169.498074411693	-114.200830277382
			169.738497212277	-113.960407476798
			169.738497212277	-113.719984676214
			169.738497212277	-113.47956187563
			169.978920012861	-113.239139075046
			169.978920012861	-112.998716274462
			169.978920012861	-112.758293473878
			169.978920012861	-112.517870673294
			170.219342813445	-112.27744787271
			170.219342813445	-112.037025072126
			170.219342813445	-111.796602271542
			170.219342813445	-111.556179470958
			170.459765614029	-111.315756670374
			170.459765614029	-111.07533386979
			170.459765614029	-110.834911069206
			170.700188414613	-110.594488268622
			170.700188414613	-110.354065468038
			170.940611215197	-110.113642667454
			170.940611215197	-109.87321986687
			171.181034015781	-109.632797066286
			171.181034015781	-109.392374265703
			171.181034015781	-109.151951465119
			171.421456816365	-108.911528664535
			171.421456816365	-108.671105863951
			171.421456816365	-108.430683063367
			171.661879616949	-108.430683063367
			171.661879616949	-108.190260262783
			171.902302417533	-108.190260262783
			171.902302417533	-107.949837462199
			172.142725218116	-107.709414661615
			172.142725218116	-107.468991861031
			172.142725218116	-107.228569060447
			172.142725218116	-106.988146259863
			172.142725218116	-106.747723459279
			172.142725218116	-106.507300658695
			172.142725218116	-106.266877858111
			172.3831480187	-106.026455057527
			172.3831480187	-105.786032256943
			172.623570819284	-105.545609456359
			172.863993619868	-105.305186655775
			173.104416420452	-105.305186655775
			173.344839221036	-105.064763855191
			173.58526202162	-105.064763855191
			173.825684822204	-105.064763855191
			174.066107622788	-105.064763855191
			174.306530423372	-105.064763855191
			174.546953223956	-105.064763855191
			174.78737602454	-105.064763855191
			175.027798825124	-105.064763855191
			175.268221625708	-105.064763855191
			175.508644426292	-105.064763855191
			175.749067226876	-105.305186655775
			175.98949002746	-105.305186655775
			176.229912828044	-105.545609456359
			176.470335628628	-105.545609456359
			176.710758429212	-105.545609456359
			176.951181229796	-105.786032256943
			177.19160403038	-105.786032256943
			177.432026830964	-106.026455057527
			177.672449631548	-106.266877858111
			177.912872432132	-106.507300658695
			178.153295232716	-106.507300658695
			178.393718033299	-106.747723459279
			178.634140833883	-106.747723459279
			178.874563634467	-106.507300658695
			178.874563634467	-106.266877858111
			179.114986435051	-106.266877858111
			179.355409235635	-106.266877858111
			179.595832036219	-106.026455057527
		</Right_Wing>
		<Right_Side type=matrix rownames=FALSE colnames=FALSE nrow=99 ncol=2 as.numeric=TRUE >
			179.595832036219	-106.026455057527
			179.595832036219	-105.786032256943
			179.595832036219	-105.545609456359
			179.595832036219	-105.305186655775
			179.595832036219	-105.064763855191
			179.595832036219	-104.824341054607
			179.595832036219	-104.583918254023
			179.595832036219	-104.343495453439
			179.355409235635	-104.103072652855
			179.355409235635	-103.862649852271
			179.114986435051	-103.622227051687
			179.114986435051	-103.381804251103
			178.874563634467	-103.14138145052
			178.874563634467	-102.900958649936
			178.634140833883	-102.660535849352
			178.634140833883	-102.420113048768
			178.393718033299	-102.420113048768
			178.393718033299	-102.179690248184
			178.153295232716	-101.9392674476
			178.153295232716	-101.698844647016
			177.912872432132	-101.458421846432
			177.912872432132	-101.217999045848
			177.672449631548	-100.977576245264
			177.672449631548	-100.73715344468
			177.432026830964	-100.496730644096
			177.19160403038	-100.496730644096
			176.951181229796	-100.496730644096
			176.710758429212	-100.496730644096
			176.710758429212	-100.256307843512
			176.470335628628	-100.256307843512
			176.470335628628	-100.015885042928
			176.229912828044	-100.015885042928
			176.229912828044	-99.775462242344
			176.229912828044	-99.5350394417601
			176.229912828044	-99.2946166411761
			176.229912828044	-99.0541938405922
			176.229912828044	-98.8137710400082
			176.229912828044	-98.5733482394242
			176.229912828044	-98.3329254388403
			176.229912828044	-98.0925026382563
			176.229912828044	-97.8520798376724
			176.229912828044	-97.6116570370884
			175.98949002746	-97.3712342365044
			175.98949002746	-97.1308114359205
			175.749067226876	-97.1308114359205
			175.508644426292	-97.1308114359205
			175.268221625708	-97.1308114359205
			175.027798825124	-97.1308114359205
			174.78737602454	-97.1308114359205
			174.78737602454	-96.8903886353365
			174.546953223956	-96.6499658347525
			174.546953223956	-96.4095430341686
			174.546953223956	-96.1691202335846
			174.546953223956	-95.9286974330007
			174.546953223956	-95.6882746324167
			174.546953223956	-95.4478518318327
			174.546953223956	-95.2074290312488
			174.306530423372	-94.9670062306648
			174.066107622788	-94.7265834300809
			173.825684822204	-94.7265834300809
			173.58526202162	-94.4861606294969
			173.58526202162	-94.2457378289129
			173.344839221036	-94.005315028329
			173.344839221036	-93.764892227745
			173.104416420452	-93.5244694271611
			173.104416420452	-93.2840466265771
			173.104416420452	-93.0436238259931
			173.104416420452	-92.8032010254092
			173.104416420452	-92.5627782248252
			173.104416420452	-92.3223554242412
			173.104416420452	-92.0819326236573
			172.863993619868	-92.0819326236573
			172.623570819284	-91.8415098230733
			172.3831480187	-91.6010870224894
			172.142725218116	-91.6010870224894
			171.902302417533	-91.3606642219054
			171.902302417533	-91.1202414213214
			171.902302417533	-90.8798186207375
			171.902302417533	-90.6393958201535
			171.661879616949	-90.6393958201535
			171.661879616949	-90.3989730195696
			171.661879616949	-90.1585502189856
			171.661879616949	-89.9181274184016
			171.661879616949	-89.6777046178177
			171.661879616949	-89.4372818172337
			171.421456816365	-89.4372818172337
			171.421456816365	-89.1968590166497
			171.181034015781	-88.9564362160658
			170.940611215197	-88.7160134154818
			170.940611215197	-88.4755906148979
			170.940611215197	-88.2351678143139
			170.700188414613	-87.9947450137299
			170.700188414613	-87.754322213146
			170.459765614029	-87.513899412562
			170.459765614029	-87.2734766119781
			170.219342813445	-87.0330538113941
			169.978920012861	-86.7926310108101
			169.738497212277	-86.5522082102262
			169.498074411693	-86.3117854096422
		</Right_Side>
	</curves.scaled>
	<ruler.points type=matrix rownames=TRUE colnames=FALSE nrow=2 ncol=2 as.numeric=TRUE >
		Ruler point 1	445	739
		Ruler point 2	628	741
	</ruler.points>
</shapes>

