<shapes type=list>
	<ruler.pixel type=vector names=FALSE length=1 as.numeric=TRUE >184</ruler.pixel>
	<ruler.interval type=vector names=FALSE length=1 as.numeric=TRUE >40</ruler.interval>
	<scaling.units type=vector names=FALSE length=1 as.numeric=FALSE >mm</scaling.units>
	<scaling type=vector names=FALSE length=1 as.numeric=TRUE >0.217391304347826</scaling>
	<landmarks.pixel type=matrix rownames=TRUE colnames=FALSE nrow=4 ncol=2 as.numeric=TRUE >
		Point_Tip	372	362
		Left_Tang_Center	341	444
		Base_Center	373	474
		Right_Tang_Center	403	443
	</landmarks.pixel>
	<landmarks.scaled type=matrix rownames=TRUE colnames=FALSE nrow=4 ncol=2 as.numeric=TRUE >
		Point_Tip	80.8695652173913	-78.695652173913
		Left_Tang_Center	74.1304347826087	-96.5217391304348
		Base_Center	81.0869565217391	-103.04347826087
		Right_Tang_Center	87.6086956521739	-96.304347826087
	</landmarks.scaled>
	<curves.control type=list>
		<Left_Side type=matrix rownames=FALSE colnames=FALSE nrow=11 ncol=2 as.numeric=TRUE >
			372	362
			367	369
			365	376
			362	381
			359	382
			358	388
			353	401
			355	409
			346	430
			335	440
			341	444
		</Left_Side>
		<Left_Wing type=matrix rownames=FALSE colnames=FALSE nrow=7 ncol=2 as.numeric=TRUE >
			341	444
			345	447
			348	446
			362	434
			363	462
			369	475
			373	474
		</Left_Wing>
		<Right_Wing type=matrix rownames=FALSE colnames=FALSE nrow=9 ncol=2 as.numeric=TRUE >
			373	474
			377	472
			381	467
			385	458
			386	449
			390	441
			396	444
			400	445
			403	443
		</Right_Wing>
		<Right_Side type=matrix rownames=FALSE colnames=FALSE nrow=19 ncol=2 as.numeric=TRUE >
			403	443
			405	439
			400	436
			400	432
			398	430
			397	428
			397	425
			393	423
			395	416
			395	412
			392	411
			393	402
			389	399
			389	390
			385	385
			385	379
			383	377
			379	370
			372	362
		</Right_Side>
	</curves.control>
	<curves.pixel type=list>
		<Left_Side type=matrix rownames=FALSE colnames=FALSE nrow=91 ncol=2 as.numeric=TRUE >
			372	362
			371	363
			371	364
			370	364
			370	365
			369	366
			369	367
			368	368
			368	369
			367	370
			367	371
			366	372
			366	373
			366	374
			365	375
			365	376
			364	377
			364	378
			363	379
			362	380
			361	381
			360	381
			359	382
			359	383
			359	384
			358	385
			358	386
			358	387
			358	388
			357	389
			357	390
			357	391
			356	392
			356	393
			356	394
			355	395
			355	396
			354	397
			354	398
			354	399
			354	400
			353	400
			353	401
			353	402
			353	403
			353	404
			353	405
			353	406
			353	407
			353	408
			353	409
			353	410
			352	411
			352	412
			352	413
			352	414
			352	415
			351	415
			351	416
			351	417
			351	418
			350	419
			350	420
			349	421
			349	422
			349	423
			349	424
			348	424
			348	425
			348	426
			347	426
			347	427
			347	428
			347	429
			346	429
			346	430
			345	431
			344	432
			343	433
			342	434
			341	435
			341	436
			340	436
			340	437
			339	438
			339	439
			339	440
			339	441
			339	442
			340	443
			341	444
		</Left_Side>
		<Left_Wing type=matrix rownames=FALSE colnames=FALSE nrow=53 ncol=2 as.numeric=TRUE >
			341	444
			342	445
			343	445
			344	446
			345	446
			346	446
			347	446
			348	446
			349	445
			350	444
			351	444
			352	443
			353	443
			354	443
			354	442
			355	442
			356	442
			356	443
			357	443
			358	443
			359	444
			360	445
			360	446
			361	447
			361	448
			361	449
			362	450
			362	451
			362	452
			362	453
			362	454
			362	455
			363	456
			363	457
			363	458
			363	459
			363	460
			363	461
			363	462
			363	463
			364	464
			364	465
			365	466
			366	467
			366	468
			367	469
			367	470
			368	471
			369	472
			370	473
			371	474
			372	474
			373	474
		</Left_Wing>
		<Right_Wing type=matrix rownames=FALSE colnames=FALSE nrow=46 ncol=2 as.numeric=TRUE >
			373	474
			374	474
			374	473
			375	473
			376	472
			377	471
			378	470
			379	469
			380	468
			381	467
			381	466
			382	465
			382	464
			383	463
			383	462
			383	461
			384	460
			384	459
			384	458
			385	457
			385	456
			385	455
			385	454
			385	453
			386	452
			386	451
			386	450
			386	449
			387	448
			387	447
			388	446
			389	445
			390	444
			391	444
			392	443
			393	443
			394	443
			395	444
			396	444
			397	444
			398	444
			399	444
			400	444
			401	444
			402	444
			403	443
		</Right_Wing>
		<Right_Side type=matrix rownames=FALSE colnames=FALSE nrow=85 ncol=2 as.numeric=TRUE >
			403	443
			403	442
			404	441
			403	440
			403	439
			402	438
			402	437
			401	436
			400	435
			400	434
			400	433
			399	432
			399	431
			398	431
			398	430
			398	429
			397	429
			397	428
			397	427
			397	426
			397	425
			396	424
			395	423
			395	422
			394	421
			394	420
			394	419
			395	418
			395	417
			395	416
			395	415
			395	414
			394	413
			394	412
			393	412
			393	411
			392	410
			392	409
			392	408
			392	407
			392	406
			392	405
			392	404
			392	403
			391	402
			391	401
			390	400
			389	399
			389	398
			389	397
			389	396
			389	395
			389	394
			388	393
			388	392
			388	391
			388	390
			387	389
			387	388
			386	387
			386	386
			385	385
			385	384
			385	383
			385	382
			385	381
			385	380
			384	379
			384	378
			383	377
			383	376
			382	375
			381	374
			380	373
			380	372
			379	371
			378	370
			378	369
			377	368
			376	367
			375	366
			375	365
			374	364
			373	363
			372	362
		</Right_Side>
	</curves.pixel>
	<curves.scaled type=list>
		<Left_Side type=matrix rownames=FALSE colnames=FALSE nrow=91 ncol=2 as.numeric=TRUE >
			80.8695652173913	-78.695652173913
			80.6521739130435	-78.9130434782609
			80.6521739130435	-79.1304347826087
			80.4347826086957	-79.1304347826087
			80.4347826086957	-79.3478260869565
			80.2173913043478	-79.5652173913043
			80.2173913043478	-79.7826086956522
			80	-80
			80	-80.2173913043478
			79.7826086956522	-80.4347826086957
			79.7826086956522	-80.6521739130435
			79.5652173913043	-80.8695652173913
			79.5652173913043	-81.0869565217391
			79.5652173913043	-81.304347826087
			79.3478260869565	-81.5217391304348
			79.3478260869565	-81.7391304347826
			79.1304347826087	-81.9565217391304
			79.1304347826087	-82.1739130434783
			78.9130434782609	-82.3913043478261
			78.695652173913	-82.6086956521739
			78.4782608695652	-82.8260869565217
			78.2608695652174	-82.8260869565217
			78.0434782608696	-83.0434782608696
			78.0434782608696	-83.2608695652174
			78.0434782608696	-83.4782608695652
			77.8260869565217	-83.695652173913
			77.8260869565217	-83.9130434782609
			77.8260869565217	-84.1304347826087
			77.8260869565217	-84.3478260869565
			77.6086956521739	-84.5652173913043
			77.6086956521739	-84.7826086956522
			77.6086956521739	-85
			77.3913043478261	-85.2173913043478
			77.3913043478261	-85.4347826086957
			77.3913043478261	-85.6521739130435
			77.1739130434783	-85.8695652173913
			77.1739130434783	-86.0869565217391
			76.9565217391304	-86.304347826087
			76.9565217391304	-86.5217391304348
			76.9565217391304	-86.7391304347826
			76.9565217391304	-86.9565217391304
			76.7391304347826	-86.9565217391304
			76.7391304347826	-87.1739130434783
			76.7391304347826	-87.3913043478261
			76.7391304347826	-87.6086956521739
			76.7391304347826	-87.8260869565217
			76.7391304347826	-88.0434782608696
			76.7391304347826	-88.2608695652174
			76.7391304347826	-88.4782608695652
			76.7391304347826	-88.695652173913
			76.7391304347826	-88.9130434782609
			76.7391304347826	-89.1304347826087
			76.5217391304348	-89.3478260869565
			76.5217391304348	-89.5652173913043
			76.5217391304348	-89.7826086956522
			76.5217391304348	-90
			76.5217391304348	-90.2173913043478
			76.304347826087	-90.2173913043478
			76.304347826087	-90.4347826086957
			76.304347826087	-90.6521739130435
			76.304347826087	-90.8695652173913
			76.0869565217391	-91.0869565217391
			76.0869565217391	-91.304347826087
			75.8695652173913	-91.5217391304348
			75.8695652173913	-91.7391304347826
			75.8695652173913	-91.9565217391304
			75.8695652173913	-92.1739130434783
			75.6521739130435	-92.1739130434783
			75.6521739130435	-92.3913043478261
			75.6521739130435	-92.6086956521739
			75.4347826086957	-92.6086956521739
			75.4347826086957	-92.8260869565217
			75.4347826086957	-93.0434782608696
			75.4347826086957	-93.2608695652174
			75.2173913043478	-93.2608695652174
			75.2173913043478	-93.4782608695652
			75	-93.695652173913
			74.7826086956522	-93.9130434782609
			74.5652173913043	-94.1304347826087
			74.3478260869565	-94.3478260869565
			74.1304347826087	-94.5652173913043
			74.1304347826087	-94.7826086956522
			73.9130434782609	-94.7826086956522
			73.9130434782609	-95
			73.695652173913	-95.2173913043478
			73.695652173913	-95.4347826086957
			73.695652173913	-95.6521739130435
			73.695652173913	-95.8695652173913
			73.695652173913	-96.0869565217391
			73.9130434782609	-96.304347826087
			74.1304347826087	-96.5217391304348
		</Left_Side>
		<Left_Wing type=matrix rownames=FALSE colnames=FALSE nrow=53 ncol=2 as.numeric=TRUE >
			74.1304347826087	-96.5217391304348
			74.3478260869565	-96.7391304347826
			74.5652173913043	-96.7391304347826
			74.7826086956522	-96.9565217391304
			75	-96.9565217391304
			75.2173913043478	-96.9565217391304
			75.4347826086957	-96.9565217391304
			75.6521739130435	-96.9565217391304
			75.8695652173913	-96.7391304347826
			76.0869565217391	-96.5217391304348
			76.304347826087	-96.5217391304348
			76.5217391304348	-96.304347826087
			76.7391304347826	-96.304347826087
			76.9565217391304	-96.304347826087
			76.9565217391304	-96.0869565217391
			77.1739130434783	-96.0869565217391
			77.3913043478261	-96.0869565217391
			77.3913043478261	-96.304347826087
			77.6086956521739	-96.304347826087
			77.8260869565217	-96.304347826087
			78.0434782608696	-96.5217391304348
			78.2608695652174	-96.7391304347826
			78.2608695652174	-96.9565217391304
			78.4782608695652	-97.1739130434783
			78.4782608695652	-97.3913043478261
			78.4782608695652	-97.6086956521739
			78.695652173913	-97.8260869565217
			78.695652173913	-98.0434782608696
			78.695652173913	-98.2608695652174
			78.695652173913	-98.4782608695652
			78.695652173913	-98.695652173913
			78.695652173913	-98.9130434782609
			78.9130434782609	-99.1304347826087
			78.9130434782609	-99.3478260869565
			78.9130434782609	-99.5652173913043
			78.9130434782609	-99.7826086956522
			78.9130434782609	-100
			78.9130434782609	-100.217391304348
			78.9130434782609	-100.434782608696
			78.9130434782609	-100.652173913043
			79.1304347826087	-100.869565217391
			79.1304347826087	-101.086956521739
			79.3478260869565	-101.304347826087
			79.5652173913043	-101.521739130435
			79.5652173913043	-101.739130434783
			79.7826086956522	-101.95652173913
			79.7826086956522	-102.173913043478
			80	-102.391304347826
			80.2173913043478	-102.608695652174
			80.4347826086957	-102.826086956522
			80.6521739130435	-103.04347826087
			80.8695652173913	-103.04347826087
			81.0869565217391	-103.04347826087
		</Left_Wing>
		<Right_Wing type=matrix rownames=FALSE colnames=FALSE nrow=46 ncol=2 as.numeric=TRUE >
			81.0869565217391	-103.04347826087
			81.304347826087	-103.04347826087
			81.304347826087	-102.826086956522
			81.5217391304348	-102.826086956522
			81.7391304347826	-102.608695652174
			81.9565217391304	-102.391304347826
			82.1739130434783	-102.173913043478
			82.3913043478261	-101.95652173913
			82.6086956521739	-101.739130434783
			82.8260869565217	-101.521739130435
			82.8260869565217	-101.304347826087
			83.0434782608696	-101.086956521739
			83.0434782608696	-100.869565217391
			83.2608695652174	-100.652173913043
			83.2608695652174	-100.434782608696
			83.2608695652174	-100.217391304348
			83.4782608695652	-100
			83.4782608695652	-99.7826086956522
			83.4782608695652	-99.5652173913043
			83.695652173913	-99.3478260869565
			83.695652173913	-99.1304347826087
			83.695652173913	-98.9130434782609
			83.695652173913	-98.695652173913
			83.695652173913	-98.4782608695652
			83.9130434782609	-98.2608695652174
			83.9130434782609	-98.0434782608696
			83.9130434782609	-97.8260869565217
			83.9130434782609	-97.6086956521739
			84.1304347826087	-97.3913043478261
			84.1304347826087	-97.1739130434783
			84.3478260869565	-96.9565217391304
			84.5652173913043	-96.7391304347826
			84.7826086956522	-96.5217391304348
			85	-96.5217391304348
			85.2173913043478	-96.304347826087
			85.4347826086957	-96.304347826087
			85.6521739130435	-96.304347826087
			85.8695652173913	-96.5217391304348
			86.0869565217391	-96.5217391304348
			86.304347826087	-96.5217391304348
			86.5217391304348	-96.5217391304348
			86.7391304347826	-96.5217391304348
			86.9565217391304	-96.5217391304348
			87.1739130434783	-96.5217391304348
			87.3913043478261	-96.5217391304348
			87.6086956521739	-96.304347826087
		</Right_Wing>
		<Right_Side type=matrix rownames=FALSE colnames=FALSE nrow=85 ncol=2 as.numeric=TRUE >
			87.6086956521739	-96.304347826087
			87.6086956521739	-96.0869565217391
			87.8260869565217	-95.8695652173913
			87.6086956521739	-95.6521739130435
			87.6086956521739	-95.4347826086957
			87.3913043478261	-95.2173913043478
			87.3913043478261	-95
			87.1739130434783	-94.7826086956522
			86.9565217391304	-94.5652173913043
			86.9565217391304	-94.3478260869565
			86.9565217391304	-94.1304347826087
			86.7391304347826	-93.9130434782609
			86.7391304347826	-93.695652173913
			86.5217391304348	-93.695652173913
			86.5217391304348	-93.4782608695652
			86.5217391304348	-93.2608695652174
			86.304347826087	-93.2608695652174
			86.304347826087	-93.0434782608696
			86.304347826087	-92.8260869565217
			86.304347826087	-92.6086956521739
			86.304347826087	-92.3913043478261
			86.0869565217391	-92.1739130434783
			85.8695652173913	-91.9565217391304
			85.8695652173913	-91.7391304347826
			85.6521739130435	-91.5217391304348
			85.6521739130435	-91.304347826087
			85.6521739130435	-91.0869565217391
			85.8695652173913	-90.8695652173913
			85.8695652173913	-90.6521739130435
			85.8695652173913	-90.4347826086957
			85.8695652173913	-90.2173913043478
			85.8695652173913	-90
			85.6521739130435	-89.7826086956522
			85.6521739130435	-89.5652173913043
			85.4347826086957	-89.5652173913043
			85.4347826086957	-89.3478260869565
			85.2173913043478	-89.1304347826087
			85.2173913043478	-88.9130434782609
			85.2173913043478	-88.695652173913
			85.2173913043478	-88.4782608695652
			85.2173913043478	-88.2608695652174
			85.2173913043478	-88.0434782608696
			85.2173913043478	-87.8260869565217
			85.2173913043478	-87.6086956521739
			85	-87.3913043478261
			85	-87.1739130434783
			84.7826086956522	-86.9565217391304
			84.5652173913043	-86.7391304347826
			84.5652173913043	-86.5217391304348
			84.5652173913043	-86.304347826087
			84.5652173913043	-86.0869565217391
			84.5652173913043	-85.8695652173913
			84.5652173913043	-85.6521739130435
			84.3478260869565	-85.4347826086957
			84.3478260869565	-85.2173913043478
			84.3478260869565	-85
			84.3478260869565	-84.7826086956522
			84.1304347826087	-84.5652173913043
			84.1304347826087	-84.3478260869565
			83.9130434782609	-84.1304347826087
			83.9130434782609	-83.9130434782609
			83.695652173913	-83.695652173913
			83.695652173913	-83.4782608695652
			83.695652173913	-83.2608695652174
			83.695652173913	-83.0434782608696
			83.695652173913	-82.8260869565217
			83.695652173913	-82.6086956521739
			83.4782608695652	-82.3913043478261
			83.4782608695652	-82.1739130434783
			83.2608695652174	-81.9565217391304
			83.2608695652174	-81.7391304347826
			83.0434782608696	-81.5217391304348
			82.8260869565217	-81.304347826087
			82.6086956521739	-81.0869565217391
			82.6086956521739	-80.8695652173913
			82.3913043478261	-80.6521739130435
			82.1739130434783	-80.4347826086957
			82.1739130434783	-80.2173913043478
			81.9565217391304	-80
			81.7391304347826	-79.7826086956522
			81.5217391304348	-79.5652173913043
			81.5217391304348	-79.3478260869565
			81.304347826087	-79.1304347826087
			81.0869565217391	-78.9130434782609
			80.8695652173913	-78.695652173913
		</Right_Side>
	</curves.scaled>
	<ruler.points type=matrix rownames=TRUE colnames=FALSE nrow=2 ncol=2 as.numeric=TRUE >
		Ruler point 1	445	736
		Ruler point 2	629	736
	</ruler.points>
</shapes>

