<shapes type=list>
	<ruler.pixel type=vector names=FALSE length=1 as.numeric=TRUE >184.010869244184</ruler.pixel>
	<ruler.interval type=vector names=FALSE length=1 as.numeric=TRUE >40</ruler.interval>
	<scaling.units type=vector names=FALSE length=1 as.numeric=FALSE >mm</scaling.units>
	<scaling type=vector names=FALSE length=1 as.numeric=TRUE >0.217378463371747</scaling>
	<landmarks.pixel type=matrix rownames=TRUE colnames=FALSE nrow=4 ncol=2 as.numeric=TRUE >
		Point_Tip	478	351
		Left_Tang_Center	449	453
		Base_Center	481	475
		Right_Tang_Center	516	450
	</landmarks.pixel>
	<landmarks.scaled type=matrix rownames=TRUE colnames=FALSE nrow=4 ncol=2 as.numeric=TRUE >
		Point_Tip	103.906905491695	-76.2998406434831
		Left_Tang_Center	97.6029300539142	-98.4724439074012
		Base_Center	104.55904088181	-103.25477010158
		Right_Tang_Center	112.167287099821	-97.820308517286
	</landmarks.scaled>
	<curves.control type=list>
		<Left_Side type=matrix rownames=FALSE colnames=FALSE nrow=23 ncol=2 as.numeric=TRUE >
			478	351
			475	351
			472	353
			472	356
			470	357
			471	365
			468	368
			467	373
			466	381
			465	385
			463	387
			464	392
			462	397
			462	402
			459	407
			460	413
			456	422
			456	425
			453	429
			454	434
			450	441
			448	447
			449	453
		</Left_Side>
		<Left_Wing type=matrix rownames=FALSE colnames=FALSE nrow=13 ncol=2 as.numeric=TRUE >
			449	453
			456	453
			461	446
			466	442
			470	446
			470	450
			473	453
			472	460
			476	463
			476	467
			477	469
			478	473
			481	475
		</Left_Wing>
		<Right_Wing type=matrix rownames=FALSE colnames=FALSE nrow=19 ncol=2 as.numeric=TRUE >
			481	475
			486	472
			487	468
			489	467
			488	463
			489	462
			489	459
			491	457
			491	455
			491	450
			493	448
			493	441
			495	440
			497	439
			503	446
			507	447
			512	449
			514	450
			516	450
		</Right_Wing>
		<Right_Side type=matrix rownames=FALSE colnames=FALSE nrow=25 ncol=2 as.numeric=TRUE >
			516	450
			517	446
			511	433
			508	429
			508	427
			508	424
			506	422
			505	418
			504	414
			502	410
			499	407
			501	404
			497	403
			498	399
			496	393
			493	378
			491	374
			489	370
			490	368
			488	365
			488	360
			487	357
			484	353
			483	350
			478	351
		</Right_Side>
	</curves.control>
	<curves.pixel type=list>
		<Left_Side type=matrix rownames=FALSE colnames=FALSE nrow=108 ncol=2 as.numeric=TRUE >
			478	351
			477	351
			476	351
			475	351
			474	352
			473	353
			472	353
			472	354
			472	355
			471	356
			471	357
			470	358
			470	359
			470	360
			470	361
			470	362
			470	363
			470	364
			470	365
			469	366
			469	367
			468	368
			468	369
			468	370
			467	371
			467	372
			467	373
			467	374
			467	375
			467	376
			467	377
			466	378
			466	379
			466	380
			466	381
			466	382
			465	383
			465	384
			465	385
			464	386
			463	387
			463	388
			463	389
			463	390
			463	391
			463	392
			463	393
			463	394
			463	395
			462	396
			462	397
			462	398
			462	399
			462	400
			462	401
			461	402
			461	403
			461	404
			460	405
			460	406
			459	407
			459	408
			459	409
			459	410
			459	411
			459	412
			459	413
			459	414
			459	415
			458	416
			458	417
			457	418
			457	419
			457	420
			456	421
			456	422
			456	423
			456	424
			455	425
			455	426
			454	427
			454	428
			453	429
			453	430
			453	431
			453	432
			453	433
			453	434
			453	435
			452	436
			452	437
			451	438
			451	439
			451	440
			450	441
			450	442
			450	443
			449	443
			449	444
			449	445
			449	446
			449	447
			449	448
			449	449
			449	450
			449	451
			449	452
			449	453
		</Left_Side>
		<Left_Wing type=matrix rownames=FALSE colnames=FALSE nrow=57 ncol=2 as.numeric=TRUE >
			449	453
			450	453
			451	453
			452	453
			453	452
			454	452
			455	452
			455	451
			456	451
			457	450
			458	450
			458	449
			459	449
			460	448
			460	447
			461	446
			462	446
			462	445
			463	445
			464	444
			465	444
			466	444
			467	444
			468	445
			469	445
			470	446
			470	447
			470	448
			471	449
			471	450
			472	451
			472	452
			473	453
			473	454
			473	455
			473	456
			473	457
			473	458
			473	459
			474	460
			474	461
			475	462
			476	463
			476	464
			476	465
			476	466
			476	467
			476	468
			477	468
			477	469
			477	470
			477	471
			478	471
			478	472
			479	473
			480	474
			481	475
		</Left_Wing>
		<Right_Wing type=matrix rownames=FALSE colnames=FALSE nrow=62 ncol=2 as.numeric=TRUE >
			481	475
			482	474
			483	474
			484	473
			484	472
			485	472
			485	471
			486	471
			486	470
			487	469
			487	468
			488	468
			488	467
			488	466
			488	465
			488	464
			488	463
			489	462
			489	461
			489	460
			489	459
			490	458
			490	457
			491	456
			491	455
			491	454
			491	453
			491	452
			491	451
			492	450
			492	449
			493	448
			493	447
			493	446
			493	445
			493	444
			493	443
			494	442
			494	441
			495	440
			496	440
			497	440
			498	441
			499	442
			500	443
			501	444
			502	445
			503	446
			504	446
			505	447
			506	447
			507	447
			508	447
			509	448
			510	448
			511	449
			512	449
			513	449
			513	450
			514	450
			515	450
			516	450
		</Right_Wing>
		<Right_Side type=matrix rownames=FALSE colnames=FALSE nrow=112 ncol=2 as.numeric=TRUE >
			516	450
			516	449
			516	448
			516	447
			516	446
			515	445
			515	444
			515	443
			515	442
			514	441
			514	440
			514	439
			513	438
			513	437
			512	436
			512	435
			511	434
			511	433
			510	432
			510	431
			509	431
			509	430
			509	429
			508	429
			508	428
			508	427
			508	426
			508	425
			507	424
			506	423
			506	422
			506	421
			505	420
			505	419
			505	418
			505	417
			504	416
			504	415
			504	414
			504	413
			503	413
			503	412
			503	411
			502	411
			502	410
			501	410
			501	409
			500	408
			499	407
			499	406
			500	405
			499	404
			498	403
			497	402
			497	401
			497	400
			497	399
			497	398
			497	397
			497	396
			497	395
			496	394
			496	393
			496	392
			496	391
			495	390
			495	389
			495	388
			495	387
			494	386
			494	385
			494	384
			494	383
			494	382
			493	381
			493	380
			493	379
			492	378
			492	377
			492	376
			492	375
			491	375
			491	374
			491	373
			490	372
			490	371
			490	370
			490	369
			490	368
			489	367
			489	366
			489	365
			488	364
			488	363
			488	362
			488	361
			488	360
			488	359
			487	358
			486	357
			486	356
			485	355
			485	354
			484	353
			484	352
			483	352
			483	351
			482	351
			481	351
			480	351
			479	351
			478	351
		</Right_Side>
	</curves.pixel>
	<curves.scaled type=list>
		<Left_Side type=matrix rownames=FALSE colnames=FALSE nrow=108 ncol=2 as.numeric=TRUE >
			103.906905491695	-76.2998406434831
			103.689527028323	-76.2998406434831
			103.472148564951	-76.2998406434831
			103.25477010158	-76.2998406434831
			103.037391638208	-76.5172191068548
			102.820013174836	-76.7345975702266
			102.602634711464	-76.7345975702266
			102.602634711464	-76.9519760335983
			102.602634711464	-77.16935449697
			102.385256248093	-77.3867329603418
			102.385256248093	-77.6041114237135
			102.167877784721	-77.8214898870853
			102.167877784721	-78.038868350457
			102.167877784721	-78.2562468138288
			102.167877784721	-78.4736252772005
			102.167877784721	-78.6910037405723
			102.167877784721	-78.908382203944
			102.167877784721	-79.1257606673158
			102.167877784721	-79.3431391306875
			101.950499321349	-79.5605175940592
			101.950499321349	-79.777896057431
			101.733120857977	-79.9952745208028
			101.733120857977	-80.2126529841745
			101.733120857977	-80.4300314475462
			101.515742394606	-80.647409910918
			101.515742394606	-80.8647883742897
			101.515742394606	-81.0821668376615
			101.515742394606	-81.2995453010332
			101.515742394606	-81.516923764405
			101.515742394606	-81.7343022277767
			101.515742394606	-81.9516806911485
			101.298363931234	-82.1690591545202
			101.298363931234	-82.386437617892
			101.298363931234	-82.6038160812637
			101.298363931234	-82.8211945446355
			101.298363931234	-83.0385730080072
			101.080985467862	-83.2559514713789
			101.080985467862	-83.4733299347507
			101.080985467862	-83.6907083981224
			100.86360700449	-83.9080868614942
			100.646228541119	-84.1254653248659
			100.646228541119	-84.3428437882377
			100.646228541119	-84.5602222516094
			100.646228541119	-84.7776007149812
			100.646228541119	-84.9949791783529
			100.646228541119	-85.2123576417247
			100.646228541119	-85.4297361050964
			100.646228541119	-85.6471145684682
			100.646228541119	-85.8644930318399
			100.428850077747	-86.0818714952117
			100.428850077747	-86.2992499585834
			100.428850077747	-86.5166284219551
			100.428850077747	-86.7340068853269
			100.428850077747	-86.9513853486986
			100.428850077747	-87.1687638120704
			100.211471614375	-87.3861422754421
			100.211471614375	-87.6035207388139
			100.211471614375	-87.8208992021856
			99.9940931510034	-88.0382776655574
			99.9940931510034	-88.2556561289291
			99.7767146876317	-88.4730345923009
			99.7767146876317	-88.6904130556726
			99.7767146876317	-88.9077915190444
			99.7767146876317	-89.1251699824161
			99.7767146876317	-89.3425484457879
			99.7767146876317	-89.5599269091596
			99.7767146876317	-89.7773053725313
			99.7767146876317	-89.9946838359031
			99.7767146876317	-90.2120622992748
			99.5593362242599	-90.4294407626466
			99.5593362242599	-90.6468192260183
			99.3419577608882	-90.8641976893901
			99.3419577608882	-91.0815761527618
			99.3419577608882	-91.2989546161336
			99.1245792975164	-91.5163330795053
			99.1245792975164	-91.7337115428771
			99.1245792975164	-91.9510900062488
			99.1245792975164	-92.1684684696206
			98.9072008341447	-92.3858469329923
			98.9072008341447	-92.6032253963641
			98.689822370773	-92.8206038597358
			98.689822370773	-93.0379823231075
			98.4724439074012	-93.2553607864793
			98.4724439074012	-93.472739249851
			98.4724439074012	-93.6901177132228
			98.4724439074012	-93.9074961765945
			98.4724439074012	-94.1248746399663
			98.4724439074012	-94.342253103338
			98.4724439074012	-94.5596315667098
			98.2550654440295	-94.7770100300815
			98.2550654440295	-94.9943884934533
			98.0376869806577	-95.211766956825
			98.0376869806577	-95.4291454201968
			98.0376869806577	-95.6465238835685
			97.820308517286	-95.8639023469403
			97.820308517286	-96.081280810312
			97.820308517286	-96.2986592736837
			97.6029300539142	-96.2986592736837
			97.6029300539142	-96.5160377370555
			97.6029300539142	-96.7334162004272
			97.6029300539142	-96.950794663799
			97.6029300539142	-97.1681731271707
			97.6029300539142	-97.3855515905425
			97.6029300539142	-97.6029300539142
			97.6029300539142	-97.820308517286
			97.6029300539142	-98.0376869806577
			97.6029300539142	-98.2550654440295
			97.6029300539142	-98.4724439074012
		</Left_Side>
		<Left_Wing type=matrix rownames=FALSE colnames=FALSE nrow=57 ncol=2 as.numeric=TRUE >
			97.6029300539142	-98.4724439074012
			97.820308517286	-98.4724439074012
			98.0376869806577	-98.4724439074012
			98.2550654440295	-98.4724439074012
			98.4724439074012	-98.2550654440295
			98.689822370773	-98.2550654440295
			98.9072008341447	-98.2550654440295
			98.9072008341447	-98.0376869806577
			99.1245792975164	-98.0376869806577
			99.3419577608882	-97.820308517286
			99.5593362242599	-97.820308517286
			99.5593362242599	-97.6029300539142
			99.7767146876317	-97.6029300539142
			99.9940931510034	-97.3855515905425
			99.9940931510034	-97.1681731271707
			100.211471614375	-96.950794663799
			100.428850077747	-96.950794663799
			100.428850077747	-96.7334162004272
			100.646228541119	-96.7334162004272
			100.86360700449	-96.5160377370555
			101.080985467862	-96.5160377370555
			101.298363931234	-96.5160377370555
			101.515742394606	-96.5160377370555
			101.733120857977	-96.7334162004272
			101.950499321349	-96.7334162004272
			102.167877784721	-96.950794663799
			102.167877784721	-97.1681731271707
			102.167877784721	-97.3855515905425
			102.385256248093	-97.6029300539142
			102.385256248093	-97.820308517286
			102.602634711464	-98.0376869806577
			102.602634711464	-98.2550654440295
			102.820013174836	-98.4724439074012
			102.820013174836	-98.689822370773
			102.820013174836	-98.9072008341447
			102.820013174836	-99.1245792975164
			102.820013174836	-99.3419577608882
			102.820013174836	-99.5593362242599
			102.820013174836	-99.7767146876317
			103.037391638208	-99.9940931510034
			103.037391638208	-100.211471614375
			103.25477010158	-100.428850077747
			103.472148564951	-100.646228541119
			103.472148564951	-100.86360700449
			103.472148564951	-101.080985467862
			103.472148564951	-101.298363931234
			103.472148564951	-101.515742394606
			103.472148564951	-101.733120857977
			103.689527028323	-101.733120857977
			103.689527028323	-101.950499321349
			103.689527028323	-102.167877784721
			103.689527028323	-102.385256248093
			103.906905491695	-102.385256248093
			103.906905491695	-102.602634711464
			104.124283955067	-102.820013174836
			104.341662418438	-103.037391638208
			104.55904088181	-103.25477010158
		</Left_Wing>
		<Right_Wing type=matrix rownames=FALSE colnames=FALSE nrow=62 ncol=2 as.numeric=TRUE >
			104.55904088181	-103.25477010158
			104.776419345182	-103.037391638208
			104.993797808554	-103.037391638208
			105.211176271925	-102.820013174836
			105.211176271925	-102.602634711464
			105.428554735297	-102.602634711464
			105.428554735297	-102.385256248093
			105.645933198669	-102.385256248093
			105.645933198669	-102.167877784721
			105.863311662041	-101.950499321349
			105.863311662041	-101.733120857977
			106.080690125412	-101.733120857977
			106.080690125412	-101.515742394606
			106.080690125412	-101.298363931234
			106.080690125412	-101.080985467862
			106.080690125412	-100.86360700449
			106.080690125412	-100.646228541119
			106.298068588784	-100.428850077747
			106.298068588784	-100.211471614375
			106.298068588784	-99.9940931510034
			106.298068588784	-99.7767146876317
			106.515447052156	-99.5593362242599
			106.515447052156	-99.3419577608882
			106.732825515528	-99.1245792975164
			106.732825515528	-98.9072008341447
			106.732825515528	-98.689822370773
			106.732825515528	-98.4724439074012
			106.732825515528	-98.2550654440295
			106.732825515528	-98.0376869806577
			106.950203978899	-97.820308517286
			106.950203978899	-97.6029300539142
			107.167582442271	-97.3855515905425
			107.167582442271	-97.1681731271707
			107.167582442271	-96.950794663799
			107.167582442271	-96.7334162004272
			107.167582442271	-96.5160377370555
			107.167582442271	-96.2986592736837
			107.384960905643	-96.081280810312
			107.384960905643	-95.8639023469403
			107.602339369015	-95.6465238835685
			107.819717832386	-95.6465238835685
			108.037096295758	-95.6465238835685
			108.25447475913	-95.8639023469403
			108.471853222502	-96.081280810312
			108.689231685873	-96.2986592736837
			108.906610149245	-96.5160377370555
			109.123988612617	-96.7334162004272
			109.341367075989	-96.950794663799
			109.55874553936	-96.950794663799
			109.776124002732	-97.1681731271707
			109.993502466104	-97.1681731271707
			110.210880929476	-97.1681731271707
			110.428259392847	-97.1681731271707
			110.645637856219	-97.3855515905425
			110.863016319591	-97.3855515905425
			111.080394782963	-97.6029300539142
			111.297773246334	-97.6029300539142
			111.515151709706	-97.6029300539142
			111.515151709706	-97.820308517286
			111.732530173078	-97.820308517286
			111.949908636449	-97.820308517286
			112.167287099821	-97.820308517286
		</Right_Wing>
		<Right_Side type=matrix rownames=FALSE colnames=FALSE nrow=112 ncol=2 as.numeric=TRUE >
			112.167287099821	-97.820308517286
			112.167287099821	-97.6029300539142
			112.167287099821	-97.3855515905425
			112.167287099821	-97.1681731271707
			112.167287099821	-96.950794663799
			111.949908636449	-96.7334162004272
			111.949908636449	-96.5160377370555
			111.949908636449	-96.2986592736837
			111.949908636449	-96.081280810312
			111.732530173078	-95.8639023469403
			111.732530173078	-95.6465238835685
			111.732530173078	-95.4291454201968
			111.515151709706	-95.211766956825
			111.515151709706	-94.9943884934533
			111.297773246334	-94.7770100300815
			111.297773246334	-94.5596315667098
			111.080394782963	-94.342253103338
			111.080394782963	-94.1248746399663
			110.863016319591	-93.9074961765945
			110.863016319591	-93.6901177132228
			110.645637856219	-93.6901177132228
			110.645637856219	-93.472739249851
			110.645637856219	-93.2553607864793
			110.428259392847	-93.2553607864793
			110.428259392847	-93.0379823231075
			110.428259392847	-92.8206038597358
			110.428259392847	-92.6032253963641
			110.428259392847	-92.3858469329923
			110.210880929476	-92.1684684696206
			109.993502466104	-91.9510900062488
			109.993502466104	-91.7337115428771
			109.993502466104	-91.5163330795053
			109.776124002732	-91.2989546161336
			109.776124002732	-91.0815761527618
			109.776124002732	-90.8641976893901
			109.776124002732	-90.6468192260183
			109.55874553936	-90.4294407626466
			109.55874553936	-90.2120622992748
			109.55874553936	-89.9946838359031
			109.55874553936	-89.7773053725313
			109.341367075989	-89.7773053725313
			109.341367075989	-89.5599269091596
			109.341367075989	-89.3425484457879
			109.123988612617	-89.3425484457879
			109.123988612617	-89.1251699824161
			108.906610149245	-89.1251699824161
			108.906610149245	-88.9077915190444
			108.689231685873	-88.6904130556726
			108.471853222502	-88.4730345923009
			108.471853222502	-88.2556561289291
			108.689231685873	-88.0382776655574
			108.471853222502	-87.8208992021856
			108.25447475913	-87.6035207388139
			108.037096295758	-87.3861422754421
			108.037096295758	-87.1687638120704
			108.037096295758	-86.9513853486986
			108.037096295758	-86.7340068853269
			108.037096295758	-86.5166284219551
			108.037096295758	-86.2992499585834
			108.037096295758	-86.0818714952117
			108.037096295758	-85.8644930318399
			107.819717832386	-85.6471145684682
			107.819717832386	-85.4297361050964
			107.819717832386	-85.2123576417247
			107.819717832386	-84.9949791783529
			107.602339369015	-84.7776007149812
			107.602339369015	-84.5602222516094
			107.602339369015	-84.3428437882377
			107.602339369015	-84.1254653248659
			107.384960905643	-83.9080868614942
			107.384960905643	-83.6907083981224
			107.384960905643	-83.4733299347507
			107.384960905643	-83.2559514713789
			107.384960905643	-83.0385730080072
			107.167582442271	-82.8211945446355
			107.167582442271	-82.6038160812637
			107.167582442271	-82.386437617892
			106.950203978899	-82.1690591545202
			106.950203978899	-81.9516806911485
			106.950203978899	-81.7343022277767
			106.950203978899	-81.516923764405
			106.732825515528	-81.516923764405
			106.732825515528	-81.2995453010332
			106.732825515528	-81.0821668376615
			106.515447052156	-80.8647883742897
			106.515447052156	-80.647409910918
			106.515447052156	-80.4300314475462
			106.515447052156	-80.2126529841745
			106.515447052156	-79.9952745208028
			106.298068588784	-79.777896057431
			106.298068588784	-79.5605175940592
			106.298068588784	-79.3431391306875
			106.080690125412	-79.1257606673158
			106.080690125412	-78.908382203944
			106.080690125412	-78.6910037405723
			106.080690125412	-78.4736252772005
			106.080690125412	-78.2562468138288
			106.080690125412	-78.038868350457
			105.863311662041	-77.8214898870853
			105.645933198669	-77.6041114237135
			105.645933198669	-77.3867329603418
			105.428554735297	-77.16935449697
			105.428554735297	-76.9519760335983
			105.211176271925	-76.7345975702266
			105.211176271925	-76.5172191068548
			104.993797808554	-76.5172191068548
			104.993797808554	-76.2998406434831
			104.776419345182	-76.2998406434831
			104.55904088181	-76.2998406434831
			104.341662418438	-76.2998406434831
			104.124283955067	-76.2998406434831
			103.906905491695	-76.2998406434831
		</Right_Side>
	</curves.scaled>
	<ruler.points type=matrix rownames=TRUE colnames=FALSE nrow=2 ncol=2 as.numeric=TRUE >
		Ruler point 1	444	740
		Ruler point 2	628	742
	</ruler.points>
</shapes>

