<shapes type=list>
	<ruler.pixel type=vector names=FALSE length=1 as.numeric=TRUE >39.0130990336858</ruler.pixel>
	<ruler.interval type=vector names=FALSE length=1 as.numeric=TRUE >10</ruler.interval>
	<scaling.units type=vector names=FALSE length=1 as.numeric=FALSE >mm</scaling.units>
	<scaling type=vector names=FALSE length=1 as.numeric=TRUE >0.256324164131783</scaling>
	<landmarks.pixel type=matrix rownames=TRUE colnames=FALSE nrow=4 ncol=2 as.numeric=TRUE >
		Point_Tip	644	737
		Left_Tang_Center	615	798
		Base_Center	642	828
		Right_Tang_Center	671	801
	</landmarks.pixel>
	<landmarks.scaled type=matrix rownames=TRUE colnames=FALSE nrow=4 ncol=2 as.numeric=TRUE >
		Point_Tip	165.072761700869	-188.910908965124
		Left_Tang_Center	157.639360941047	-204.546682977163
		Base_Center	164.560113372605	-212.236407901117
		Right_Tang_Center	171.993514132427	-205.315655469558
	</landmarks.scaled>
	<curves.control type=list>
		<Left_Side type=matrix rownames=FALSE colnames=FALSE nrow=15 ncol=2 as.numeric=TRUE >
			644	737
			642	740
			638	743
			636	748
			633	751
			632	756
			630	758
			629	764
			625	770
			626	773
			623	776
			624	783
			620	789
			619	793
			615	798
		</Left_Side>
		<Left_Wing type=matrix rownames=FALSE colnames=FALSE nrow=11 ncol=2 as.numeric=TRUE >
			615	798
			617	803
			622	802
			627	799
			629	804
			630	808
			632	813
			631	818
			635	820
			637	827
			642	828
		</Left_Wing>
		<Right_Wing type=matrix rownames=FALSE colnames=FALSE nrow=9 ncol=2 as.numeric=TRUE >
			642	828
			646	829
			650	818
			652	800
			657	803
			659	804
			663	807
			669	806
			671	801
		</Right_Wing>
		<Right_Side type=matrix rownames=FALSE colnames=FALSE nrow=13 ncol=2 as.numeric=TRUE >
			671	801
			670	798
			664	793
			662	786
			660	777
			658	773
			659	765
			656	761
			654	753
			651	752
			648	743
			647	741
			644	737
		</Right_Side>
	</curves.control>
	<curves.pixel type=list>
		<Left_Side type=matrix rownames=FALSE colnames=FALSE nrow=65 ncol=2 as.numeric=TRUE >
			644	737
			644	738
			643	738
			643	739
			642	739
			641	740
			641	741
			640	741
			639	742
			638	743
			637	744
			637	745
			636	746
			636	747
			635	748
			635	749
			634	750
			633	751
			633	752
			633	753
			632	754
			632	755
			632	756
			631	757
			630	758
			630	759
			630	760
			629	761
			629	762
			629	763
			628	764
			628	765
			627	766
			627	767
			626	768
			625	769
			625	770
			625	771
			625	772
			625	773
			625	774
			624	775
			623	776
			623	777
			623	778
			623	779
			623	780
			623	781
			623	782
			623	783
			622	784
			622	785
			622	786
			621	787
			621	788
			620	789
			620	790
			619	791
			619	792
			618	793
			618	794
			617	795
			617	796
			616	797
			615	798
		</Left_Side>
		<Left_Wing type=matrix rownames=FALSE colnames=FALSE nrow=46 ncol=2 as.numeric=TRUE >
			615	798
			615	799
			616	800
			617	801
			618	802
			619	802
			620	802
			621	802
			622	802
			623	802
			623	801
			624	801
			625	801
			626	801
			627	801
			628	802
			629	803
			629	804
			629	805
			629	806
			630	806
			630	807
			630	808
			630	809
			631	810
			631	811
			631	812
			632	812
			632	813
			632	814
			632	815
			632	816
			632	817
			633	818
			633	819
			634	820
			635	820
			635	821
			636	822
			636	823
			637	824
			638	825
			639	826
			640	827
			641	828
			642	828
		</Left_Wing>
		<Right_Wing type=matrix rownames=FALSE colnames=FALSE nrow=48 ncol=2 as.numeric=TRUE >
			642	828
			643	828
			644	828
			645	827
			646	826
			647	825
			647	824
			648	823
			648	822
			649	821
			649	820
			650	819
			650	818
			650	817
			650	816
			650	815
			651	814
			651	813
			651	812
			651	811
			651	810
			652	809
			652	808
			652	807
			652	806
			653	805
			653	804
			654	804
			654	803
			655	803
			656	803
			657	803
			658	803
			659	804
			660	805
			661	806
			662	806
			663	807
			664	807
			665	806
			666	806
			667	806
			667	805
			668	805
			669	804
			670	803
			670	802
			671	801
		</Right_Wing>
		<Right_Side type=matrix rownames=FALSE colnames=FALSE nrow=67 ncol=2 as.numeric=TRUE >
			671	801
			671	800
			670	799
			669	798
			668	797
			667	796
			666	795
			665	794
			664	793
			664	792
			663	791
			663	790
			663	789
			663	788
			662	787
			662	786
			662	785
			662	784
			661	783
			661	782
			661	781
			661	780
			661	779
			660	778
			660	777
			660	776
			659	775
			659	774
			659	773
			659	772
			659	771
			659	770
			659	769
			659	768
			659	767
			659	766
			659	765
			659	764
			658	764
			658	763
			657	762
			657	761
			656	760
			656	759
			655	758
			655	757
			655	756
			655	755
			654	754
			654	753
			653	753
			653	752
			652	751
			651	750
			650	749
			650	748
			649	747
			649	746
			649	745
			648	744
			648	743
			648	742
			647	741
			646	740
			646	739
			645	738
			644	737
		</Right_Side>
	</curves.pixel>
	<curves.scaled type=list>
		<Left_Side type=matrix rownames=FALSE colnames=FALSE nrow=65 ncol=2 as.numeric=TRUE >
			165.072761700869	-188.910908965124
			165.072761700869	-189.167233129256
			164.816437536737	-189.167233129256
			164.816437536737	-189.423557293388
			164.560113372605	-189.423557293388
			164.303789208473	-189.67988145752
			164.303789208473	-189.936205621651
			164.047465044341	-189.936205621651
			163.79114088021	-190.192529785783
			163.534816716078	-190.448853949915
			163.278492551946	-190.705178114047
			163.278492551946	-190.961502278179
			163.022168387814	-191.21782644231
			163.022168387814	-191.474150606442
			162.765844223682	-191.730474770574
			162.765844223682	-191.986798934706
			162.509520059551	-192.243123098838
			162.253195895419	-192.499447262969
			162.253195895419	-192.755771427101
			162.253195895419	-193.012095591233
			161.996871731287	-193.268419755365
			161.996871731287	-193.524743919496
			161.996871731287	-193.781068083628
			161.740547567155	-194.03739224776
			161.484223403024	-194.293716411892
			161.484223403024	-194.550040576024
			161.484223403024	-194.806364740155
			161.227899238892	-195.062688904287
			161.227899238892	-195.319013068419
			161.227899238892	-195.575337232551
			160.97157507476	-195.831661396683
			160.97157507476	-196.087985560814
			160.715250910628	-196.344309724946
			160.715250910628	-196.600633889078
			160.458926746496	-196.85695805321
			160.202602582365	-197.113282217341
			160.202602582365	-197.369606381473
			160.202602582365	-197.625930545605
			160.202602582365	-197.882254709737
			160.202602582365	-198.138578873869
			160.202602582365	-198.394903038
			159.946278418233	-198.651227202132
			159.689954254101	-198.907551366264
			159.689954254101	-199.163875530396
			159.689954254101	-199.420199694527
			159.689954254101	-199.676523858659
			159.689954254101	-199.932848022791
			159.689954254101	-200.189172186923
			159.689954254101	-200.445496351055
			159.689954254101	-200.701820515186
			159.433630089969	-200.958144679318
			159.433630089969	-201.21446884345
			159.433630089969	-201.470793007582
			159.177305925837	-201.727117171714
			159.177305925837	-201.983441335845
			158.920981761706	-202.239765499977
			158.920981761706	-202.496089664109
			158.664657597574	-202.752413828241
			158.664657597574	-203.008737992372
			158.408333433442	-203.265062156504
			158.408333433442	-203.521386320636
			158.15200926931	-203.777710484768
			158.15200926931	-204.0340346489
			157.895685105179	-204.290358813031
			157.639360941047	-204.546682977163
		</Left_Side>
		<Left_Wing type=matrix rownames=FALSE colnames=FALSE nrow=46 ncol=2 as.numeric=TRUE >
			157.639360941047	-204.546682977163
			157.639360941047	-204.803007141295
			157.895685105179	-205.059331305427
			158.15200926931	-205.315655469558
			158.408333433442	-205.57197963369
			158.664657597574	-205.57197963369
			158.920981761706	-205.57197963369
			159.177305925837	-205.57197963369
			159.433630089969	-205.57197963369
			159.689954254101	-205.57197963369
			159.689954254101	-205.315655469558
			159.946278418233	-205.315655469558
			160.202602582365	-205.315655469558
			160.458926746496	-205.315655469558
			160.715250910628	-205.315655469558
			160.97157507476	-205.57197963369
			161.227899238892	-205.828303797822
			161.227899238892	-206.084627961954
			161.227899238892	-206.340952126086
			161.227899238892	-206.597276290217
			161.484223403024	-206.597276290217
			161.484223403024	-206.853600454349
			161.484223403024	-207.109924618481
			161.484223403024	-207.366248782613
			161.740547567155	-207.622572946745
			161.740547567155	-207.878897110876
			161.740547567155	-208.135221275008
			161.996871731287	-208.135221275008
			161.996871731287	-208.39154543914
			161.996871731287	-208.647869603272
			161.996871731287	-208.904193767403
			161.996871731287	-209.160517931535
			161.996871731287	-209.416842095667
			162.253195895419	-209.673166259799
			162.253195895419	-209.929490423931
			162.509520059551	-210.185814588062
			162.765844223682	-210.185814588062
			162.765844223682	-210.442138752194
			163.022168387814	-210.698462916326
			163.022168387814	-210.954787080458
			163.278492551946	-211.21111124459
			163.534816716078	-211.467435408721
			163.79114088021	-211.723759572853
			164.047465044341	-211.980083736985
			164.303789208473	-212.236407901117
			164.560113372605	-212.236407901117
		</Left_Wing>
		<Right_Wing type=matrix rownames=FALSE colnames=FALSE nrow=48 ncol=2 as.numeric=TRUE >
			164.560113372605	-212.236407901117
			164.816437536737	-212.236407901117
			165.072761700869	-212.236407901117
			165.329085865	-211.980083736985
			165.585410029132	-211.723759572853
			165.841734193264	-211.467435408721
			165.841734193264	-211.21111124459
			166.098058357396	-210.954787080458
			166.098058357396	-210.698462916326
			166.354382521527	-210.442138752194
			166.354382521527	-210.185814588062
			166.610706685659	-209.929490423931
			166.610706685659	-209.673166259799
			166.610706685659	-209.416842095667
			166.610706685659	-209.160517931535
			166.610706685659	-208.904193767403
			166.867030849791	-208.647869603272
			166.867030849791	-208.39154543914
			166.867030849791	-208.135221275008
			166.867030849791	-207.878897110876
			166.867030849791	-207.622572946745
			167.123355013923	-207.366248782613
			167.123355013923	-207.109924618481
			167.123355013923	-206.853600454349
			167.123355013923	-206.597276290217
			167.379679178055	-206.340952126086
			167.379679178055	-206.084627961954
			167.636003342186	-206.084627961954
			167.636003342186	-205.828303797822
			167.892327506318	-205.828303797822
			168.14865167045	-205.828303797822
			168.404975834582	-205.828303797822
			168.661299998713	-205.828303797822
			168.917624162845	-206.084627961954
			169.173948326977	-206.340952126086
			169.430272491109	-206.597276290217
			169.686596655241	-206.597276290217
			169.942920819372	-206.853600454349
			170.199244983504	-206.853600454349
			170.455569147636	-206.597276290217
			170.711893311768	-206.597276290217
			170.9682174759	-206.597276290217
			170.9682174759	-206.340952126086
			171.224541640031	-206.340952126086
			171.480865804163	-206.084627961954
			171.737189968295	-205.828303797822
			171.737189968295	-205.57197963369
			171.993514132427	-205.315655469558
		</Right_Wing>
		<Right_Side type=matrix rownames=FALSE colnames=FALSE nrow=67 ncol=2 as.numeric=TRUE >
			171.993514132427	-205.315655469558
			171.993514132427	-205.059331305427
			171.737189968295	-204.803007141295
			171.480865804163	-204.546682977163
			171.224541640031	-204.290358813031
			170.9682174759	-204.0340346489
			170.711893311768	-203.777710484768
			170.455569147636	-203.521386320636
			170.199244983504	-203.265062156504
			170.199244983504	-203.008737992372
			169.942920819372	-202.752413828241
			169.942920819372	-202.496089664109
			169.942920819372	-202.239765499977
			169.942920819372	-201.983441335845
			169.686596655241	-201.727117171714
			169.686596655241	-201.470793007582
			169.686596655241	-201.21446884345
			169.686596655241	-200.958144679318
			169.430272491109	-200.701820515186
			169.430272491109	-200.445496351055
			169.430272491109	-200.189172186923
			169.430272491109	-199.932848022791
			169.430272491109	-199.676523858659
			169.173948326977	-199.420199694527
			169.173948326977	-199.163875530396
			169.173948326977	-198.907551366264
			168.917624162845	-198.651227202132
			168.917624162845	-198.394903038
			168.917624162845	-198.138578873869
			168.917624162845	-197.882254709737
			168.917624162845	-197.625930545605
			168.917624162845	-197.369606381473
			168.917624162845	-197.113282217341
			168.917624162845	-196.85695805321
			168.917624162845	-196.600633889078
			168.917624162845	-196.344309724946
			168.917624162845	-196.087985560814
			168.917624162845	-195.831661396683
			168.661299998713	-195.831661396683
			168.661299998713	-195.575337232551
			168.404975834582	-195.319013068419
			168.404975834582	-195.062688904287
			168.14865167045	-194.806364740155
			168.14865167045	-194.550040576024
			167.892327506318	-194.293716411892
			167.892327506318	-194.03739224776
			167.892327506318	-193.781068083628
			167.892327506318	-193.524743919496
			167.636003342186	-193.268419755365
			167.636003342186	-193.012095591233
			167.379679178055	-193.012095591233
			167.379679178055	-192.755771427101
			167.123355013923	-192.499447262969
			166.867030849791	-192.243123098838
			166.610706685659	-191.986798934706
			166.610706685659	-191.730474770574
			166.354382521527	-191.474150606442
			166.354382521527	-191.21782644231
			166.354382521527	-190.961502278179
			166.098058357396	-190.705178114047
			166.098058357396	-190.448853949915
			166.098058357396	-190.192529785783
			165.841734193264	-189.936205621651
			165.585410029132	-189.67988145752
			165.585410029132	-189.423557293388
			165.329085865	-189.167233129256
			165.072761700869	-188.910908965124
		</Right_Side>
	</curves.scaled>
	<ruler.points type=matrix rownames=TRUE colnames=FALSE nrow=6 ncol=2 as.numeric=TRUE >
		Ruler point 1	345	934
		Ruler point 2	384	936
		Ruler point 3	422	937
		Ruler point 4	461	938
		Ruler point 5	502	940
		Ruler point 6	540	940
	</ruler.points>
</shapes>

