<shapes type=list>
	<ruler.pixel type=vector names=FALSE length=1 as.numeric=TRUE >30</ruler.pixel>
	<ruler.interval type=vector names=FALSE length=1 as.numeric=TRUE >10</ruler.interval>
	<scaling.units type=vector names=FALSE length=1 as.numeric=FALSE >mm</scaling.units>
	<scaling type=vector names=FALSE length=1 as.numeric=TRUE >0.333333333333333</scaling>
	<landmarks.pixel type=matrix rownames=TRUE colnames=FALSE nrow=4 ncol=2 as.numeric=TRUE >
		Point_Tip	65	213
		Left_Tang_Center	44	267
		Base_Center	64	283
		Right_Tang_Center	88	269
	</landmarks.pixel>
	<landmarks.scaled type=matrix rownames=TRUE colnames=FALSE nrow=4 ncol=2 as.numeric=TRUE >
		Point_Tip	21.6666666666667	-71
		Left_Tang_Center	14.6666666666667	-89
		Base_Center	21.3333333333333	-94.3333333333333
		Right_Tang_Center	29.3333333333333	-89.6666666666667
	</landmarks.scaled>
	<curves.control type=list>
		<Left_Side type=matrix rownames=FALSE colnames=FALSE nrow=21 ncol=2 as.numeric=TRUE >
			65	213
			63	213
			62	214
			59	219
			58	224
			56	226
			55	228
			56	234
			49	238
			50	244
			48	246
			46	248
			46	250
			42	251
			42	253
			45	256
			41	257
			41	259
			42	260
			41	264
			44	267
		</Left_Side>
		<Left_Wing type=matrix rownames=FALSE colnames=FALSE nrow=15 ncol=2 as.numeric=TRUE >
			44	267
			46	268
			49	267
			52	266
			53	264
			56	265
			56	268
			59	271
			58	276
			61	277
			60	281
			62	281
			62	283
			63	284
			64	283
		</Left_Wing>
		<Right_Wing type=matrix rownames=FALSE colnames=FALSE nrow=11 ncol=2 as.numeric=TRUE >
			64	283
			66	284
			67	282
			68	280
			70	279
			71	277
			73	273
			72	263
			77	265
			82	270
			88	269
		</Right_Wing>
		<Right_Side type=matrix rownames=FALSE colnames=FALSE nrow=25 ncol=2 as.numeric=TRUE >
			88	269
			88	266
			88	262
			86	260
			88	259
			88	256
			85	254
			88	250
			85	248
			82	245
			82	240
			80	238
			79	237
			81	233
			77	233
			76	230
			75	228
			75	225
			73	223
			71	222
			71	219
			69	217
			69	214
			67	212
			65	213
		</Right_Side>
	</curves.control>
	<curves.pixel type=list>
		<Left_Side type=matrix rownames=FALSE colnames=FALSE nrow=60 ncol=2 as.numeric=TRUE >
			65	213
			64	213
			63	213
			63	214
			62	215
			61	216
			60	217
			60	218
			59	219
			59	220
			59	221
			58	222
			58	223
			58	224
			57	225
			56	226
			56	227
			55	228
			55	229
			55	230
			55	231
			55	232
			54	233
			54	234
			53	235
			52	236
			51	236
			50	237
			49	238
			49	239
			49	240
			49	241
			49	242
			49	243
			49	244
			49	245
			48	246
			47	247
			46	248
			46	249
			46	250
			45	250
			44	251
			43	251
			42	252
			42	253
			43	254
			43	255
			43	256
			42	257
			41	258
			41	259
			42	260
			42	261
			42	262
			42	263
			42	264
			42	265
			43	266
			44	267
		</Left_Side>
		<Left_Wing type=matrix rownames=FALSE colnames=FALSE nrow=35 ncol=2 as.numeric=TRUE >
			44	267
			45	267
			46	267
			47	267
			48	267
			49	267
			50	267
			51	266
			52	266
			52	265
			53	264
			54	264
			55	265
			55	266
			56	267
			56	268
			57	269
			58	270
			58	271
			58	272
			58	273
			58	274
			58	275
			58	276
			59	276
			59	277
			60	277
			60	278
			60	279
			60	280
			60	281
			61	281
			62	282
			63	283
			64	283
		</Left_Wing>
		<Right_Wing type=matrix rownames=FALSE colnames=FALSE nrow=38 ncol=2 as.numeric=TRUE >
			64	283
			65	283
			66	283
			67	282
			68	281
			69	280
			70	279
			71	278
			71	277
			72	276
			72	275
			72	274
			73	273
			73	272
			73	271
			73	270
			73	269
			73	268
			73	267
			73	266
			74	266
			74	265
			75	265
			76	265
			77	265
			78	266
			79	267
			80	267
			80	268
			81	268
			82	268
			82	269
			83	269
			84	269
			85	269
			86	269
			87	269
			88	269
		</Right_Wing>
		<Right_Side type=matrix rownames=FALSE colnames=FALSE nrow=63 ncol=2 as.numeric=TRUE >
			88	269
			88	268
			88	267
			88	266
			88	265
			88	264
			88	263
			88	262
			87	261
			87	260
			88	259
			88	258
			88	257
			87	256
			86	255
			85	254
			86	253
			86	252
			86	251
			86	250
			86	249
			85	248
			84	247
			83	246
			83	245
			83	244
			82	243
			82	242
			82	241
			82	240
			81	239
			80	238
			79	237
			79	236
			80	235
			79	234
			79	233
			78	233
			77	233
			77	232
			76	231
			76	230
			76	229
			75	229
			75	228
			75	227
			75	226
			75	225
			74	224
			73	223
			72	222
			71	221
			71	220
			71	219
			70	218
			70	217
			69	216
			69	215
			69	214
			68	213
			67	213
			66	213
			65	213
		</Right_Side>
	</curves.pixel>
	<curves.scaled type=list>
		<Left_Side type=matrix rownames=FALSE colnames=FALSE nrow=60 ncol=2 as.numeric=TRUE >
			21.6666666666667	-71
			21.3333333333333	-71
			21	-71
			21	-71.3333333333333
			20.6666666666667	-71.6666666666667
			20.3333333333333	-72
			20	-72.3333333333333
			20	-72.6666666666667
			19.6666666666667	-73
			19.6666666666667	-73.3333333333333
			19.6666666666667	-73.6666666666667
			19.3333333333333	-74
			19.3333333333333	-74.3333333333333
			19.3333333333333	-74.6666666666667
			19	-75
			18.6666666666667	-75.3333333333333
			18.6666666666667	-75.6666666666667
			18.3333333333333	-76
			18.3333333333333	-76.3333333333333
			18.3333333333333	-76.6666666666667
			18.3333333333333	-77
			18.3333333333333	-77.3333333333333
			18	-77.6666666666667
			18	-78
			17.6666666666667	-78.3333333333333
			17.3333333333333	-78.6666666666667
			17	-78.6666666666667
			16.6666666666667	-79
			16.3333333333333	-79.3333333333333
			16.3333333333333	-79.6666666666667
			16.3333333333333	-80
			16.3333333333333	-80.3333333333333
			16.3333333333333	-80.6666666666667
			16.3333333333333	-81
			16.3333333333333	-81.3333333333333
			16.3333333333333	-81.6666666666667
			16	-82
			15.6666666666667	-82.3333333333333
			15.3333333333333	-82.6666666666667
			15.3333333333333	-83
			15.3333333333333	-83.3333333333333
			15	-83.3333333333333
			14.6666666666667	-83.6666666666667
			14.3333333333333	-83.6666666666667
			14	-84
			14	-84.3333333333333
			14.3333333333333	-84.6666666666667
			14.3333333333333	-85
			14.3333333333333	-85.3333333333333
			14	-85.6666666666667
			13.6666666666667	-86
			13.6666666666667	-86.3333333333333
			14	-86.6666666666667
			14	-87
			14	-87.3333333333333
			14	-87.6666666666667
			14	-88
			14	-88.3333333333333
			14.3333333333333	-88.6666666666667
			14.6666666666667	-89
		</Left_Side>
		<Left_Wing type=matrix rownames=FALSE colnames=FALSE nrow=35 ncol=2 as.numeric=TRUE >
			14.6666666666667	-89
			15	-89
			15.3333333333333	-89
			15.6666666666667	-89
			16	-89
			16.3333333333333	-89
			16.6666666666667	-89
			17	-88.6666666666667
			17.3333333333333	-88.6666666666667
			17.3333333333333	-88.3333333333333
			17.6666666666667	-88
			18	-88
			18.3333333333333	-88.3333333333333
			18.3333333333333	-88.6666666666667
			18.6666666666667	-89
			18.6666666666667	-89.3333333333333
			19	-89.6666666666667
			19.3333333333333	-90
			19.3333333333333	-90.3333333333333
			19.3333333333333	-90.6666666666667
			19.3333333333333	-91
			19.3333333333333	-91.3333333333333
			19.3333333333333	-91.6666666666667
			19.3333333333333	-92
			19.6666666666667	-92
			19.6666666666667	-92.3333333333333
			20	-92.3333333333333
			20	-92.6666666666667
			20	-93
			20	-93.3333333333333
			20	-93.6666666666667
			20.3333333333333	-93.6666666666667
			20.6666666666667	-94
			21	-94.3333333333333
			21.3333333333333	-94.3333333333333
		</Left_Wing>
		<Right_Wing type=matrix rownames=FALSE colnames=FALSE nrow=38 ncol=2 as.numeric=TRUE >
			21.3333333333333	-94.3333333333333
			21.6666666666667	-94.3333333333333
			22	-94.3333333333333
			22.3333333333333	-94
			22.6666666666667	-93.6666666666667
			23	-93.3333333333333
			23.3333333333333	-93
			23.6666666666667	-92.6666666666667
			23.6666666666667	-92.3333333333333
			24	-92
			24	-91.6666666666667
			24	-91.3333333333333
			24.3333333333333	-91
			24.3333333333333	-90.6666666666667
			24.3333333333333	-90.3333333333333
			24.3333333333333	-90
			24.3333333333333	-89.6666666666667
			24.3333333333333	-89.3333333333333
			24.3333333333333	-89
			24.3333333333333	-88.6666666666667
			24.6666666666667	-88.6666666666667
			24.6666666666667	-88.3333333333333
			25	-88.3333333333333
			25.3333333333333	-88.3333333333333
			25.6666666666667	-88.3333333333333
			26	-88.6666666666667
			26.3333333333333	-89
			26.6666666666667	-89
			26.6666666666667	-89.3333333333333
			27	-89.3333333333333
			27.3333333333333	-89.3333333333333
			27.3333333333333	-89.6666666666667
			27.6666666666667	-89.6666666666667
			28	-89.6666666666667
			28.3333333333333	-89.6666666666667
			28.6666666666667	-89.6666666666667
			29	-89.6666666666667
			29.3333333333333	-89.6666666666667
		</Right_Wing>
		<Right_Side type=matrix rownames=FALSE colnames=FALSE nrow=63 ncol=2 as.numeric=TRUE >
			29.3333333333333	-89.6666666666667
			29.3333333333333	-89.3333333333333
			29.3333333333333	-89
			29.3333333333333	-88.6666666666667
			29.3333333333333	-88.3333333333333
			29.3333333333333	-88
			29.3333333333333	-87.6666666666667
			29.3333333333333	-87.3333333333333
			29	-87
			29	-86.6666666666667
			29.3333333333333	-86.3333333333333
			29.3333333333333	-86
			29.3333333333333	-85.6666666666667
			29	-85.3333333333333
			28.6666666666667	-85
			28.3333333333333	-84.6666666666667
			28.6666666666667	-84.3333333333333
			28.6666666666667	-84
			28.6666666666667	-83.6666666666667
			28.6666666666667	-83.3333333333333
			28.6666666666667	-83
			28.3333333333333	-82.6666666666667
			28	-82.3333333333333
			27.6666666666667	-82
			27.6666666666667	-81.6666666666667
			27.6666666666667	-81.3333333333333
			27.3333333333333	-81
			27.3333333333333	-80.6666666666667
			27.3333333333333	-80.3333333333333
			27.3333333333333	-80
			27	-79.6666666666667
			26.6666666666667	-79.3333333333333
			26.3333333333333	-79
			26.3333333333333	-78.6666666666667
			26.6666666666667	-78.3333333333333
			26.3333333333333	-78
			26.3333333333333	-77.6666666666667
			26	-77.6666666666667
			25.6666666666667	-77.6666666666667
			25.6666666666667	-77.3333333333333
			25.3333333333333	-77
			25.3333333333333	-76.6666666666667
			25.3333333333333	-76.3333333333333
			25	-76.3333333333333
			25	-76
			25	-75.6666666666667
			25	-75.3333333333333
			25	-75
			24.6666666666667	-74.6666666666667
			24.3333333333333	-74.3333333333333
			24	-74
			23.6666666666667	-73.6666666666667
			23.6666666666667	-73.3333333333333
			23.6666666666667	-73
			23.3333333333333	-72.6666666666667
			23.3333333333333	-72.3333333333333
			23	-72
			23	-71.6666666666667
			23	-71.3333333333333
			22.6666666666667	-71
			22.3333333333333	-71
			22	-71
			21.6666666666667	-71
		</Right_Side>
	</curves.scaled>
	<ruler.points type=matrix rownames=TRUE colnames=FALSE nrow=6 ncol=2 as.numeric=TRUE >
		Ruler point 1	161	443
		Ruler point 2	191	443
		Ruler point 3	223	443
		Ruler point 4	251	443
		Ruler point 5	282	443
		Ruler point 6	311	443
	</ruler.points>
</shapes>

